INTERVALSTARTTIME_GMT,INTERVALENDTIME_GMT,OPR_DT,OPR_HR,OPR_INTERVAL,NODE_ID_XML,NODE_ID,NODE,MARKET_RUN_ID,LMP_TYPE,XML_DATA_ITEM,PNODE_RESMRID,GRP_TYPE,POS,MW,GROUP
2021-11-01T17:00:00-00:00,2021-11-01T18:00:00-00:00,2021-11-01,11,0,SLAP_PGSF-APND,SLAP_PGSF-APND,SLAP_PGSF-APND,DAM,LMP,LMP_PRC,SLAP_PGSF-APND,ALL_APNODES,0,67.82911,1
2021-11-01T09:00:00-00:00,2021-11-01T10:00:00-00:00,2021-11-01,3,0,SLAP_PGSF-APND,SLAP_PGSF-APND,SLAP_PGSF-APND,DAM,LMP,LMP_PRC,SLAP_PGSF-APND,ALL_APNODES,0,58.87076,1
2021-11-01T22:00:00-00:00,2021-11-01T23:00:00-00:00,2021-11-01,16,0,SLAP_PGSF-APND,SLAP_PGSF-APND,SLAP_PGSF-APND,DAM,LMP,LMP_PRC,SLAP_PGSF-APND,ALL_APNODES,0,66.88,1
2021-11-01T20:00:00-00:00,2021-11-01T21:00:00-00:00,2021-11-01,14,0,SLAP_PGSF-APND,SLAP_PGSF-APND,SLAP_PGSF-APND,DAM,LMP,LMP_PRC,SLAP_PGSF-APND,ALL_APNODES,0,67.50933,1
2021-11-01T21:00:00-00:00,2021-11-01T22:00:00-00:00,2021-11-01,15,0,SLAP_PGSF-APND,SLAP_PGSF-APND,SLAP_PGSF-APND,DAM,LMP,LMP_PRC,SLAP_PGSF-APND,ALL_APNODES,0,60.88,1
2021-11-01T16:00:00-00:00,2021-11-01T17:00:00-00:00,2021-11-01,10,0,SLAP_PGSF-APND,SLAP_PGSF-APND,SLAP_PGSF-APND,DAM,LMP,LMP_PRC,SLAP_PGSF-APND,ALL_APNODES,0,78.00724,1
2021-11-02T04:00:00-00:00,2021-11-02T05:00:00-00:00,2021-11-01,22,0,SLAP_PGSF-APND,SLAP_PGSF-APND,SLAP_PGSF-APND,DAM,LMP,LMP_PRC,SLAP_PGSF-APND,ALL_APNODES,0,84.84729,1
2021-11-01T23:00:00-00:00,2021-11-02T00:00:00-00:00,2021-11-01,17,0,SLAP_PGSF-APND,SLAP_PGSF-APND,SLAP_PGSF-APND,DAM,LMP,LMP_PRC,SLAP_PGSF-APND,ALL_APNODES,0,95.91039,1
2021-11-02T06:00:00-00:00,2021-11-02T07:00:00-00:00,2021-11-01,24,0,SLAP_PGSF-APND,SLAP_PGSF-APND,SLAP_PGSF-APND,DAM,LMP,LMP_PRC,SLAP_PGSF-APND,ALL_APNODES,0,68.00382,1
2021-11-01T14:00:00-00:00,2021-11-01T15:00:00-00:00,2021-11-01,8,0,SLAP_PGSF-APND,SLAP_PGSF-APND,SLAP_PGSF-APND,DAM,LMP,LMP_PRC,SLAP_PGSF-APND,ALL_APNODES,0,93.85902,1
2021-11-01T10:00:00-00:00,2021-11-01T11:00:00-00:00,2021-11-01,4,0,SLAP_PGSF-APND,SLAP_PGSF-APND,SLAP_PGSF-APND,DAM,LMP,LMP_PRC,SLAP_PGSF-APND,ALL_APNODES,0,58.7919,1
2021-11-01T13:00:00-00:00,2021-11-01T14:00:00-00:00,2021-11-01,7,0,SLAP_PGSF-APND,SLAP_PGSF-APND,SLAP_PGSF-APND,DAM,LMP,LMP_PRC,SLAP_PGSF-APND,ALL_APNODES,0,87.23878,1
2021-11-02T01:00:00-00:00,2021-11-02T02:00:00-00:00,2021-11-01,19,0,SLAP_PGSF-APND,SLAP_PGSF-APND,SLAP_PGSF-APND,DAM,LMP,LMP_PRC,SLAP_PGSF-APND,ALL_APNODES,0,122.1512,1
2021-11-01T15:00:00-00:00,2021-11-01T16:00:00-00:00,2021-11-01,9,0,SLAP_PGSF-APND,SLAP_PGSF-APND,SLAP_PGSF-APND,DAM,LMP,LMP_PRC,SLAP_PGSF-APND,ALL_APNODES,0,84.38216,1
2021-11-02T03:00:00-00:00,2021-11-02T04:00:00-00:00,2021-11-01,21,0,SLAP_PGSF-APND,SLAP_PGSF-APND,SLAP_PGSF-APND,DAM,LMP,LMP_PRC,SLAP_PGSF-APND,ALL_APNODES,0,87.64055,1
2021-11-01T11:00:00-00:00,2021-11-01T12:00:00-00:00,2021-11-01,5,0,SLAP_PGSF-APND,SLAP_PGSF-APND,SLAP_PGSF-APND,DAM,LMP,LMP_PRC,SLAP_PGSF-APND,ALL_APNODES,0,63.85737,1
2021-11-02T02:00:00-00:00,2021-11-02T03:00:00-00:00,2021-11-01,20,0,SLAP_PGSF-APND,SLAP_PGSF-APND,SLAP_PGSF-APND,DAM,LMP,LMP_PRC,SLAP_PGSF-APND,ALL_APNODES,0,104.33448,1
2021-11-01T19:00:00-00:00,2021-11-01T20:00:00-00:00,2021-11-01,13,0,SLAP_PGSF-APND,SLAP_PGSF-APND,SLAP_PGSF-APND,DAM,LMP,LMP_PRC,SLAP_PGSF-APND,ALL_APNODES,0,55.58328,1
2021-11-02T05:00:00-00:00,2021-11-02T06:00:00-00:00,2021-11-01,23,0,SLAP_PGSF-APND,SLAP_PGSF-APND,SLAP_PGSF-APND,DAM,LMP,LMP_PRC,SLAP_PGSF-APND,ALL_APNODES,0,72.76043,1
2021-11-01T12:00:00-00:00,2021-11-01T13:00:00-00:00,2021-11-01,6,0,SLAP_PGSF-APND,SLAP_PGSF-APND,SLAP_PGSF-APND,DAM,LMP,LMP_PRC,SLAP_PGSF-APND,ALL_APNODES,0,70.96637,1
2021-11-01T08:00:00-00:00,2021-11-01T09:00:00-00:00,2021-11-01,2,0,SLAP_PGSF-APND,SLAP_PGSF-APND,SLAP_PGSF-APND,DAM,LMP,LMP_PRC,SLAP_PGSF-APND,ALL_APNODES,0,58.99724,1
2021-11-01T07:00:00-00:00,2021-11-01T08:00:00-00:00,2021-11-01,1,0,SLAP_PGSF-APND,SLAP_PGSF-APND,SLAP_PGSF-APND,DAM,LMP,LMP_PRC,SLAP_PGSF-APND,ALL_APNODES,0,59.39411,1
2021-11-01T18:00:00-00:00,2021-11-01T19:00:00-00:00,2021-11-01,12,0,SLAP_PGSF-APND,SLAP_PGSF-APND,SLAP_PGSF-APND,DAM,LMP,LMP_PRC,SLAP_PGSF-APND,ALL_APNODES,0,69.54974,1
2021-11-02T00:00:00-00:00,2021-11-02T01:00:00-00:00,2021-11-01,18,0,SLAP_PGSF-APND,SLAP_PGSF-APND,SLAP_PGSF-APND,DAM,LMP,LMP_PRC,SLAP_PGSF-APND,ALL_APNODES,0,118.50219,1
2021-11-01T22:00:00-00:00,2021-11-01T23:00:00-00:00,2021-11-01,16,0,SLAP_PGSF-APND,SLAP_PGSF-APND,SLAP_PGSF-APND,DAM,MCC,LMP_CONG_PRC,SLAP_PGSF-APND,ALL_APNODES,0,0,2
2021-11-02T05:00:00-00:00,2021-11-02T06:00:00-00:00,2021-11-01,23,0,SLAP_PGSF-APND,SLAP_PGSF-APND,SLAP_PGSF-APND,DAM,MCC,LMP_CONG_PRC,SLAP_PGSF-APND,ALL_APNODES,0,0,2
2021-11-01T11:00:00-00:00,2021-11-01T12:00:00-00:00,2021-11-01,5,0,SLAP_PGSF-APND,SLAP_PGSF-APND,SLAP_PGSF-APND,DAM,MCC,LMP_CONG_PRC,SLAP_PGSF-APND,ALL_APNODES,0,0,2
2021-11-01T09:00:00-00:00,2021-11-01T10:00:00-00:00,2021-11-01,3,0,SLAP_PGSF-APND,SLAP_PGSF-APND,SLAP_PGSF-APND,DAM,MCC,LMP_CONG_PRC,SLAP_PGSF-APND,ALL_APNODES,0,0,2
2021-11-01T20:00:00-00:00,2021-11-01T21:00:00-00:00,2021-11-01,14,0,SLAP_PGSF-APND,SLAP_PGSF-APND,SLAP_PGSF-APND,DAM,MCC,LMP_CONG_PRC,SLAP_PGSF-APND,ALL_APNODES,0,3.08964,2
2021-11-02T03:00:00-00:00,2021-11-02T04:00:00-00:00,2021-11-01,21,0,SLAP_PGSF-APND,SLAP_PGSF-APND,SLAP_PGSF-APND,DAM,MCC,LMP_CONG_PRC,SLAP_PGSF-APND,ALL_APNODES,0,0,2
2021-11-01T21:00:00-00:00,2021-11-01T22:00:00-00:00,2021-11-01,15,0,SLAP_PGSF-APND,SLAP_PGSF-APND,SLAP_PGSF-APND,DAM,MCC,LMP_CONG_PRC,SLAP_PGSF-APND,ALL_APNODES,0,0,2
2021-11-01T12:00:00-00:00,2021-11-01T13:00:00-00:00,2021-11-01,6,0,SLAP_PGSF-APND,SLAP_PGSF-APND,SLAP_PGSF-APND,DAM,MCC,LMP_CONG_PRC,SLAP_PGSF-APND,ALL_APNODES,0,0,2
2021-11-02T06:00:00-00:00,2021-11-02T07:00:00-00:00,2021-11-01,24,0,SLAP_PGSF-APND,SLAP_PGSF-APND,SLAP_PGSF-APND,DAM,MCC,LMP_CONG_PRC,SLAP_PGSF-APND,ALL_APNODES,0,0,2
2021-11-01T08:00:00-00:00,2021-11-01T09:00:00-00:00,2021-11-01,2,0,SLAP_PGSF-APND,SLAP_PGSF-APND,SLAP_PGSF-APND,DAM,MCC,LMP_CONG_PRC,SLAP_PGSF-APND,ALL_APNODES,0,0,2
2021-11-01T07:00:00-00:00,2021-11-01T08:00:00-00:00,2021-11-01,1,0,SLAP_PGSF-APND,SLAP_PGSF-APND,SLAP_PGSF-APND,DAM,MCC,LMP_CONG_PRC,SLAP_PGSF-APND,ALL_APNODES,0,0,2
2021-11-01T16:00:00-00:00,2021-11-01T17:00:00-00:00,2021-11-01,10,0,SLAP_PGSF-APND,SLAP_PGSF-APND,SLAP_PGSF-APND,DAM,MCC,LMP_CONG_PRC,SLAP_PGSF-APND,ALL_APNODES,0,3.13836,2
2021-11-02T02:00:00-00:00,2021-11-02T03:00:00-00:00,2021-11-01,20,0,SLAP_PGSF-APND,SLAP_PGSF-APND,SLAP_PGSF-APND,DAM,MCC,LMP_CONG_PRC,SLAP_PGSF-APND,ALL_APNODES,0,2.75995,2
2021-11-01T23:00:00-00:00,2021-11-02T00:00:00-00:00,2021-11-01,17,0,SLAP_PGSF-APND,SLAP_PGSF-APND,SLAP_PGSF-APND,DAM,MCC,LMP_CONG_PRC,SLAP_PGSF-APND,ALL_APNODES,0,6.25955,2
2021-11-01T18:00:00-00:00,2021-11-01T19:00:00-00:00,2021-11-01,12,0,SLAP_PGSF-APND,SLAP_PGSF-APND,SLAP_PGSF-APND,DAM,MCC,LMP_CONG_PRC,SLAP_PGSF-APND,ALL_APNODES,0,4.18292,2
2021-11-01T15:00:00-00:00,2021-11-01T16:00:00-00:00,2021-11-01,9,0,SLAP_PGSF-APND,SLAP_PGSF-APND,SLAP_PGSF-APND,DAM,MCC,LMP_CONG_PRC,SLAP_PGSF-APND,ALL_APNODES,0,0,2
2021-11-02T00:00:00-00:00,2021-11-02T01:00:00-00:00,2021-11-01,18,0,SLAP_PGSF-APND,SLAP_PGSF-APND,SLAP_PGSF-APND,DAM,MCC,LMP_CONG_PRC,SLAP_PGSF-APND,ALL_APNODES,0,5.82409,2
2021-11-01T19:00:00-00:00,2021-11-01T20:00:00-00:00,2021-11-01,13,0,SLAP_PGSF-APND,SLAP_PGSF-APND,SLAP_PGSF-APND,DAM,MCC,LMP_CONG_PRC,SLAP_PGSF-APND,ALL_APNODES,0,0,2
2021-11-01T17:00:00-00:00,2021-11-01T18:00:00-00:00,2021-11-01,11,0,SLAP_PGSF-APND,SLAP_PGSF-APND,SLAP_PGSF-APND,DAM,MCC,LMP_CONG_PRC,SLAP_PGSF-APND,ALL_APNODES,0,0,2
2021-11-01T14:00:00-00:00,2021-11-01T15:00:00-00:00,2021-11-01,8,0,SLAP_PGSF-APND,SLAP_PGSF-APND,SLAP_PGSF-APND,DAM,MCC,LMP_CONG_PRC,SLAP_PGSF-APND,ALL_APNODES,0,0,2
2021-11-02T01:00:00-00:00,2021-11-02T02:00:00-00:00,2021-11-01,19,0,SLAP_PGSF-APND,SLAP_PGSF-APND,SLAP_PGSF-APND,DAM,MCC,LMP_CONG_PRC,SLAP_PGSF-APND,ALL_APNODES,0,5.18444,2
2021-11-01T13:00:00-00:00,2021-11-01T14:00:00-00:00,2021-11-01,7,0,SLAP_PGSF-APND,SLAP_PGSF-APND,SLAP_PGSF-APND,DAM,MCC,LMP_CONG_PRC,SLAP_PGSF-APND,ALL_APNODES,0,0,2
2021-11-02T04:00:00-00:00,2021-11-02T05:00:00-00:00,2021-11-01,22,0,SLAP_PGSF-APND,SLAP_PGSF-APND,SLAP_PGSF-APND,DAM,MCC,LMP_CONG_PRC,SLAP_PGSF-APND,ALL_APNODES,0,0,2
2021-11-01T10:00:00-00:00,2021-11-01T11:00:00-00:00,2021-11-01,4,0,SLAP_PGSF-APND,SLAP_PGSF-APND,SLAP_PGSF-APND,DAM,MCC,LMP_CONG_PRC,SLAP_PGSF-APND,ALL_APNODES,0,0,2
2021-11-02T04:00:00-00:00,2021-11-02T05:00:00-00:00,2021-11-01,22,0,SLAP_PGSF-APND,SLAP_PGSF-APND,SLAP_PGSF-APND,DAM,MCE,LMP_ENE_PRC,SLAP_PGSF-APND,ALL_APNODES,0,81.27135,3
2021-11-02T06:00:00-00:00,2021-11-02T07:00:00-00:00,2021-11-01,24,0,SLAP_PGSF-APND,SLAP_PGSF-APND,SLAP_PGSF-APND,DAM,MCE,LMP_ENE_PRC,SLAP_PGSF-APND,ALL_APNODES,0,65.31292,3
2021-11-01T15:00:00-00:00,2021-11-01T16:00:00-00:00,2021-11-01,9,0,SLAP_PGSF-APND,SLAP_PGSF-APND,SLAP_PGSF-APND,DAM,MCE,LMP_ENE_PRC,SLAP_PGSF-APND,ALL_APNODES,0,78.8692,3
2021-11-01T16:00:00-00:00,2021-11-01T17:00:00-00:00,2021-11-01,10,0,SLAP_PGSF-APND,SLAP_PGSF-APND,SLAP_PGSF-APND,DAM,MCE,LMP_ENE_PRC,SLAP_PGSF-APND,ALL_APNODES,0,68.81331,3
2021-11-02T00:00:00-00:00,2021-11-02T01:00:00-00:00,2021-11-01,18,0,SLAP_PGSF-APND,SLAP_PGSF-APND,SLAP_PGSF-APND,DAM,MCE,LMP_ENE_PRC,SLAP_PGSF-APND,ALL_APNODES,0,104.97308,3
2021-11-02T01:00:00-00:00,2021-11-02T02:00:00-00:00,2021-11-01,19,0,SLAP_PGSF-APND,SLAP_PGSF-APND,SLAP_PGSF-APND,DAM,MCE,LMP_ENE_PRC,SLAP_PGSF-APND,ALL_APNODES,0,109.27388,3
2021-11-01T19:00:00-00:00,2021-11-01T20:00:00-00:00,2021-11-01,13,0,SLAP_PGSF-APND,SLAP_PGSF-APND,SLAP_PGSF-APND,DAM,MCE,LMP_ENE_PRC,SLAP_PGSF-APND,ALL_APNODES,0,55.58328,3
2021-11-01T07:00:00-00:00,2021-11-01T08:00:00-00:00,2021-11-01,1,0,SLAP_PGSF-APND,SLAP_PGSF-APND,SLAP_PGSF-APND,DAM,MCE,LMP_ENE_PRC,SLAP_PGSF-APND,ALL_APNODES,0,57.43001,3
2021-11-01T14:00:00-00:00,2021-11-01T15:00:00-00:00,2021-11-01,8,0,SLAP_PGSF-APND,SLAP_PGSF-APND,SLAP_PGSF-APND,DAM,MCE,LMP_ENE_PRC,SLAP_PGSF-APND,ALL_APNODES,0,93.85902,3
2021-11-01T18:00:00-00:00,2021-11-01T19:00:00-00:00,2021-11-01,12,0,SLAP_PGSF-APND,SLAP_PGSF-APND,SLAP_PGSF-APND,DAM,MCE,LMP_ENE_PRC,SLAP_PGSF-APND,ALL_APNODES,0,59.56517,3
2021-11-01T21:00:00-00:00,2021-11-01T22:00:00-00:00,2021-11-01,15,0,SLAP_PGSF-APND,SLAP_PGSF-APND,SLAP_PGSF-APND,DAM,MCE,LMP_ENE_PRC,SLAP_PGSF-APND,ALL_APNODES,0,60.88,3
2021-11-01T22:00:00-00:00,2021-11-01T23:00:00-00:00,2021-11-01,16,0,SLAP_PGSF-APND,SLAP_PGSF-APND,SLAP_PGSF-APND,DAM,MCE,LMP_ENE_PRC,SLAP_PGSF-APND,ALL_APNODES,0,66.88,3
2021-11-02T05:00:00-00:00,2021-11-02T06:00:00-00:00,2021-11-01,23,0,SLAP_PGSF-APND,SLAP_PGSF-APND,SLAP_PGSF-APND,DAM,MCE,LMP_ENE_PRC,SLAP_PGSF-APND,ALL_APNODES,0,70.1373,3
2021-11-01T08:00:00-00:00,2021-11-01T09:00:00-00:00,2021-11-01,2,0,SLAP_PGSF-APND,SLAP_PGSF-APND,SLAP_PGSF-APND,DAM,MCE,LMP_ENE_PRC,SLAP_PGSF-APND,ALL_APNODES,0,57.12359,3
2021-11-01T09:00:00-00:00,2021-11-01T10:00:00-00:00,2021-11-01,3,0,SLAP_PGSF-APND,SLAP_PGSF-APND,SLAP_PGSF-APND,DAM,MCE,LMP_ENE_PRC,SLAP_PGSF-APND,ALL_APNODES,0,57.23387,3
2021-11-01T11:00:00-00:00,2021-11-01T12:00:00-00:00,2021-11-01,5,0,SLAP_PGSF-APND,SLAP_PGSF-APND,SLAP_PGSF-APND,DAM,MCE,LMP_ENE_PRC,SLAP_PGSF-APND,ALL_APNODES,0,61.87729,3
2021-11-02T03:00:00-00:00,2021-11-02T04:00:00-00:00,2021-11-01,21,0,SLAP_PGSF-APND,SLAP_PGSF-APND,SLAP_PGSF-APND,DAM,MCE,LMP_ENE_PRC,SLAP_PGSF-APND,ALL_APNODES,0,83.44335,3
2021-11-01T17:00:00-00:00,2021-11-01T18:00:00-00:00,2021-11-01,11,0,SLAP_PGSF-APND,SLAP_PGSF-APND,SLAP_PGSF-APND,DAM,MCE,LMP_ENE_PRC,SLAP_PGSF-APND,ALL_APNODES,0,62.5153,3
2021-11-01T23:00:00-00:00,2021-11-02T00:00:00-00:00,2021-11-01,17,0,SLAP_PGSF-APND,SLAP_PGSF-APND,SLAP_PGSF-APND,DAM,MCE,LMP_ENE_PRC,SLAP_PGSF-APND,ALL_APNODES,0,82.54382,3
2021-11-02T02:00:00-00:00,2021-11-02T03:00:00-00:00,2021-11-01,20,0,SLAP_PGSF-APND,SLAP_PGSF-APND,SLAP_PGSF-APND,DAM,MCE,LMP_ENE_PRC,SLAP_PGSF-APND,ALL_APNODES,0,95.82503,3
2021-11-01T20:00:00-00:00,2021-11-01T21:00:00-00:00,2021-11-01,14,0,SLAP_PGSF-APND,SLAP_PGSF-APND,SLAP_PGSF-APND,DAM,MCE,LMP_ENE_PRC,SLAP_PGSF-APND,ALL_APNODES,0,58.65934,3
2021-11-01T10:00:00-00:00,2021-11-01T11:00:00-00:00,2021-11-01,4,0,SLAP_PGSF-APND,SLAP_PGSF-APND,SLAP_PGSF-APND,DAM,MCE,LMP_ENE_PRC,SLAP_PGSF-APND,ALL_APNODES,0,57.2574,3
2021-11-01T12:00:00-00:00,2021-11-01T13:00:00-00:00,2021-11-01,6,0,SLAP_PGSF-APND,SLAP_PGSF-APND,SLAP_PGSF-APND,DAM,MCE,LMP_ENE_PRC,SLAP_PGSF-APND,ALL_APNODES,0,68.11246,3
2021-11-01T13:00:00-00:00,2021-11-01T14:00:00-00:00,2021-11-01,7,0,SLAP_PGSF-APND,SLAP_PGSF-APND,SLAP_PGSF-APND,DAM,MCE,LMP_ENE_PRC,SLAP_PGSF-APND,ALL_APNODES,0,83.64217,3
2021-11-01T23:00:00-00:00,2021-11-02T00:00:00-00:00,2021-11-01,17,0,SLAP_PGSF-APND,SLAP_PGSF-APND,SLAP_PGSF-APND,DAM,MCL,LMP_LOSS_PRC,SLAP_PGSF-APND,ALL_APNODES,0,7.10702,4
2021-11-01T14:00:00-00:00,2021-11-01T15:00:00-00:00,2021-11-01,8,0,SLAP_PGSF-APND,SLAP_PGSF-APND,SLAP_PGSF-APND,DAM,MCL,LMP_LOSS_PRC,SLAP_PGSF-APND,ALL_APNODES,0,0,4
2021-11-01T22:00:00-00:00,2021-11-01T23:00:00-00:00,2021-11-01,16,0,SLAP_PGSF-APND,SLAP_PGSF-APND,SLAP_PGSF-APND,DAM,MCL,LMP_LOSS_PRC,SLAP_PGSF-APND,ALL_APNODES,0,0,4
2021-11-01T21:00:00-00:00,2021-11-01T22:00:00-00:00,2021-11-01,15,0,SLAP_PGSF-APND,SLAP_PGSF-APND,SLAP_PGSF-APND,DAM,MCL,LMP_LOSS_PRC,SLAP_PGSF-APND,ALL_APNODES,0,0,4
2021-11-01T17:00:00-00:00,2021-11-01T18:00:00-00:00,2021-11-01,11,0,SLAP_PGSF-APND,SLAP_PGSF-APND,SLAP_PGSF-APND,DAM,MCL,LMP_LOSS_PRC,SLAP_PGSF-APND,ALL_APNODES,0,5.3138,4
2021-11-01T11:00:00-00:00,2021-11-01T12:00:00-00:00,2021-11-01,5,0,SLAP_PGSF-APND,SLAP_PGSF-APND,SLAP_PGSF-APND,DAM,MCL,LMP_LOSS_PRC,SLAP_PGSF-APND,ALL_APNODES,0,1.98007,4
2021-11-01T16:00:00-00:00,2021-11-01T17:00:00-00:00,2021-11-01,10,0,SLAP_PGSF-APND,SLAP_PGSF-APND,SLAP_PGSF-APND,DAM,MCL,LMP_LOSS_PRC,SLAP_PGSF-APND,ALL_APNODES,0,6.05557,4
2021-11-01T18:00:00-00:00,2021-11-01T19:00:00-00:00,2021-11-01,12,0,SLAP_PGSF-APND,SLAP_PGSF-APND,SLAP_PGSF-APND,DAM,MCL,LMP_LOSS_PRC,SLAP_PGSF-APND,ALL_APNODES,0,5.80165,4
2021-11-02T03:00:00-00:00,2021-11-02T04:00:00-00:00,2021-11-01,21,0,SLAP_PGSF-APND,SLAP_PGSF-APND,SLAP_PGSF-APND,DAM,MCL,LMP_LOSS_PRC,SLAP_PGSF-APND,ALL_APNODES,0,4.1972,4
2021-11-01T12:00:00-00:00,2021-11-01T13:00:00-00:00,2021-11-01,6,0,SLAP_PGSF-APND,SLAP_PGSF-APND,SLAP_PGSF-APND,DAM,MCL,LMP_LOSS_PRC,SLAP_PGSF-APND,ALL_APNODES,0,2.85391,4
2021-11-01T09:00:00-00:00,2021-11-01T10:00:00-00:00,2021-11-01,3,0,SLAP_PGSF-APND,SLAP_PGSF-APND,SLAP_PGSF-APND,DAM,MCL,LMP_LOSS_PRC,SLAP_PGSF-APND,ALL_APNODES,0,1.63689,4
2021-11-01T07:00:00-00:00,2021-11-01T08:00:00-00:00,2021-11-01,1,0,SLAP_PGSF-APND,SLAP_PGSF-APND,SLAP_PGSF-APND,DAM,MCL,LMP_LOSS_PRC,SLAP_PGSF-APND,ALL_APNODES,0,1.96411,4
2021-11-01T19:00:00-00:00,2021-11-01T20:00:00-00:00,2021-11-01,13,0,SLAP_PGSF-APND,SLAP_PGSF-APND,SLAP_PGSF-APND,DAM,MCL,LMP_LOSS_PRC,SLAP_PGSF-APND,ALL_APNODES,0,0,4
2021-11-02T01:00:00-00:00,2021-11-02T02:00:00-00:00,2021-11-01,19,0,SLAP_PGSF-APND,SLAP_PGSF-APND,SLAP_PGSF-APND,DAM,MCL,LMP_LOSS_PRC,SLAP_PGSF-APND,ALL_APNODES,0,7.69288,4
2021-11-01T10:00:00-00:00,2021-11-01T11:00:00-00:00,2021-11-01,4,0,SLAP_PGSF-APND,SLAP_PGSF-APND,SLAP_PGSF-APND,DAM,MCL,LMP_LOSS_PRC,SLAP_PGSF-APND,ALL_APNODES,0,1.5345,4
2021-11-02T05:00:00-00:00,2021-11-02T06:00:00-00:00,2021-11-01,23,0,SLAP_PGSF-APND,SLAP_PGSF-APND,SLAP_PGSF-APND,DAM,MCL,LMP_LOSS_PRC,SLAP_PGSF-APND,ALL_APNODES,0,2.62314,4
2021-11-02T04:00:00-00:00,2021-11-02T05:00:00-00:00,2021-11-01,22,0,SLAP_PGSF-APND,SLAP_PGSF-APND,SLAP_PGSF-APND,DAM,MCL,LMP_LOSS_PRC,SLAP_PGSF-APND,ALL_APNODES,0,3.57594,4
2021-11-01T13:00:00-00:00,2021-11-01T14:00:00-00:00,2021-11-01,7,0,SLAP_PGSF-APND,SLAP_PGSF-APND,SLAP_PGSF-APND,DAM,MCL,LMP_LOSS_PRC,SLAP_PGSF-APND,ALL_APNODES,0,3.59661,4
2021-11-02T00:00:00-00:00,2021-11-02T01:00:00-00:00,2021-11-01,18,0,SLAP_PGSF-APND,SLAP_PGSF-APND,SLAP_PGSF-APND,DAM,MCL,LMP_LOSS_PRC,SLAP_PGSF-APND,ALL_APNODES,0,7.70502,4
2021-11-01T20:00:00-00:00,2021-11-01T21:00:00-00:00,2021-11-01,14,0,SLAP_PGSF-APND,SLAP_PGSF-APND,SLAP_PGSF-APND,DAM,MCL,LMP_LOSS_PRC,SLAP_PGSF-APND,ALL_APNODES,0,5.76035,4
2021-11-01T15:00:00-00:00,2021-11-01T16:00:00-00:00,2021-11-01,9,0,SLAP_PGSF-APND,SLAP_PGSF-APND,SLAP_PGSF-APND,DAM,MCL,LMP_LOSS_PRC,SLAP_PGSF-APND,ALL_APNODES,0,5.51296,4
2021-11-02T06:00:00-00:00,2021-11-02T07:00:00-00:00,2021-11-01,24,0,SLAP_PGSF-APND,SLAP_PGSF-APND,SLAP_PGSF-APND,DAM,MCL,LMP_LOSS_PRC,SLAP_PGSF-APND,ALL_APNODES,0,2.69089,4
2021-11-01T08:00:00-00:00,2021-11-01T09:00:00-00:00,2021-11-01,2,0,SLAP_PGSF-APND,SLAP_PGSF-APND,SLAP_PGSF-APND,DAM,MCL,LMP_LOSS_PRC,SLAP_PGSF-APND,ALL_APNODES,0,1.87365,4
2021-11-02T02:00:00-00:00,2021-11-02T03:00:00-00:00,2021-11-01,20,0,SLAP_PGSF-APND,SLAP_PGSF-APND,SLAP_PGSF-APND,DAM,MCL,LMP_LOSS_PRC,SLAP_PGSF-APND,ALL_APNODES,0,5.7495,4
2021-11-01T11:00:00-00:00,2021-11-01T12:00:00-00:00,2021-11-01,5,0,SLAP_PGSF-APND,SLAP_PGSF-APND,SLAP_PGSF-APND,DAM,MGHG,LMP_GHG_PRC,SLAP_PGSF-APND,ALL_APNODES,0,0,5
2021-11-01T10:00:00-00:00,2021-11-01T11:00:00-00:00,2021-11-01,4,0,SLAP_PGSF-APND,SLAP_PGSF-APND,SLAP_PGSF-APND,DAM,MGHG,LMP_GHG_PRC,SLAP_PGSF-APND,ALL_APNODES,0,0,5
2021-11-02T03:00:00-00:00,2021-11-02T04:00:00-00:00,2021-11-01,21,0,SLAP_PGSF-APND,SLAP_PGSF-APND,SLAP_PGSF-APND,DAM,MGHG,LMP_GHG_PRC,SLAP_PGSF-APND,ALL_APNODES,0,0,5
2021-11-02T01:00:00-00:00,2021-11-02T02:00:00-00:00,2021-11-01,19,0,SLAP_PGSF-APND,SLAP_PGSF-APND,SLAP_PGSF-APND,DAM,MGHG,LMP_GHG_PRC,SLAP_PGSF-APND,ALL_APNODES,0,0,5
2021-11-01T17:00:00-00:00,2021-11-01T18:00:00-00:00,2021-11-01,11,0,SLAP_PGSF-APND,SLAP_PGSF-APND,SLAP_PGSF-APND,DAM,MGHG,LMP_GHG_PRC,SLAP_PGSF-APND,ALL_APNODES,0,0,5
2021-11-02T05:00:00-00:00,2021-11-02T06:00:00-00:00,2021-11-01,23,0,SLAP_PGSF-APND,SLAP_PGSF-APND,SLAP_PGSF-APND,DAM,MGHG,LMP_GHG_PRC,SLAP_PGSF-APND,ALL_APNODES,0,0,5
2021-11-01T13:00:00-00:00,2021-11-01T14:00:00-00:00,2021-11-01,7,0,SLAP_PGSF-APND,SLAP_PGSF-APND,SLAP_PGSF-APND,DAM,MGHG,LMP_GHG_PRC,SLAP_PGSF-APND,ALL_APNODES,0,0,5
2021-11-01T14:00:00-00:00,2021-11-01T15:00:00-00:00,2021-11-01,8,0,SLAP_PGSF-APND,SLAP_PGSF-APND,SLAP_PGSF-APND,DAM,MGHG,LMP_GHG_PRC,SLAP_PGSF-APND,ALL_APNODES,0,0,5
2021-11-01T15:00:00-00:00,2021-11-01T16:00:00-00:00,2021-11-01,9,0,SLAP_PGSF-APND,SLAP_PGSF-APND,SLAP_PGSF-APND,DAM,MGHG,LMP_GHG_PRC,SLAP_PGSF-APND,ALL_APNODES,0,0,5
2021-11-01T22:00:00-00:00,2021-11-01T23:00:00-00:00,2021-11-01,16,0,SLAP_PGSF-APND,SLAP_PGSF-APND,SLAP_PGSF-APND,DAM,MGHG,LMP_GHG_PRC,SLAP_PGSF-APND,ALL_APNODES,0,0,5
2021-11-01T18:00:00-00:00,2021-11-01T19:00:00-00:00,2021-11-01,12,0,SLAP_PGSF-APND,SLAP_PGSF-APND,SLAP_PGSF-APND,DAM,MGHG,LMP_GHG_PRC,SLAP_PGSF-APND,ALL_APNODES,0,0,5
2021-11-01T16:00:00-00:00,2021-11-01T17:00:00-00:00,2021-11-01,10,0,SLAP_PGSF-APND,SLAP_PGSF-APND,SLAP_PGSF-APND,DAM,MGHG,LMP_GHG_PRC,SLAP_PGSF-APND,ALL_APNODES,0,0,5
2021-11-02T06:00:00-00:00,2021-11-02T07:00:00-00:00,2021-11-01,24,0,SLAP_PGSF-APND,SLAP_PGSF-APND,SLAP_PGSF-APND,DAM,MGHG,LMP_GHG_PRC,SLAP_PGSF-APND,ALL_APNODES,0,0,5
2021-11-02T00:00:00-00:00,2021-11-02T01:00:00-00:00,2021-11-01,18,0,SLAP_PGSF-APND,SLAP_PGSF-APND,SLAP_PGSF-APND,DAM,MGHG,LMP_GHG_PRC,SLAP_PGSF-APND,ALL_APNODES,0,0,5
2021-11-01T20:00:00-00:00,2021-11-01T21:00:00-00:00,2021-11-01,14,0,SLAP_PGSF-APND,SLAP_PGSF-APND,SLAP_PGSF-APND,DAM,MGHG,LMP_GHG_PRC,SLAP_PGSF-APND,ALL_APNODES,0,0,5
2021-11-01T21:00:00-00:00,2021-11-01T22:00:00-00:00,2021-11-01,15,0,SLAP_PGSF-APND,SLAP_PGSF-APND,SLAP_PGSF-APND,DAM,MGHG,LMP_GHG_PRC,SLAP_PGSF-APND,ALL_APNODES,0,0,5
2021-11-01T09:00:00-00:00,2021-11-01T10:00:00-00:00,2021-11-01,3,0,SLAP_PGSF-APND,SLAP_PGSF-APND,SLAP_PGSF-APND,DAM,MGHG,LMP_GHG_PRC,SLAP_PGSF-APND,ALL_APNODES,0,0,5
2021-11-01T12:00:00-00:00,2021-11-01T13:00:00-00:00,2021-11-01,6,0,SLAP_PGSF-APND,SLAP_PGSF-APND,SLAP_PGSF-APND,DAM,MGHG,LMP_GHG_PRC,SLAP_PGSF-APND,ALL_APNODES,0,0,5
2021-11-01T08:00:00-00:00,2021-11-01T09:00:00-00:00,2021-11-01,2,0,SLAP_PGSF-APND,SLAP_PGSF-APND,SLAP_PGSF-APND,DAM,MGHG,LMP_GHG_PRC,SLAP_PGSF-APND,ALL_APNODES,0,0,5
2021-11-02T02:00:00-00:00,2021-11-02T03:00:00-00:00,2021-11-01,20,0,SLAP_PGSF-APND,SLAP_PGSF-APND,SLAP_PGSF-APND,DAM,MGHG,LMP_GHG_PRC,SLAP_PGSF-APND,ALL_APNODES,0,0,5
2021-11-01T23:00:00-00:00,2021-11-02T00:00:00-00:00,2021-11-01,17,0,SLAP_PGSF-APND,SLAP_PGSF-APND,SLAP_PGSF-APND,DAM,MGHG,LMP_GHG_PRC,SLAP_PGSF-APND,ALL_APNODES,0,0,5
2021-11-01T19:00:00-00:00,2021-11-01T20:00:00-00:00,2021-11-01,13,0,SLAP_PGSF-APND,SLAP_PGSF-APND,SLAP_PGSF-APND,DAM,MGHG,LMP_GHG_PRC,SLAP_PGSF-APND,ALL_APNODES,0,0,5
2021-11-02T04:00:00-00:00,2021-11-02T05:00:00-00:00,2021-11-01,22,0,SLAP_PGSF-APND,SLAP_PGSF-APND,SLAP_PGSF-APND,DAM,MGHG,LMP_GHG_PRC,SLAP_PGSF-APND,ALL_APNODES,0,0,5
2021-11-01T07:00:00-00:00,2021-11-01T08:00:00-00:00,2021-11-01,1,0,SLAP_PGSF-APND,SLAP_PGSF-APND,SLAP_PGSF-APND,DAM,MGHG,LMP_GHG_PRC,SLAP_PGSF-APND,ALL_APNODES,0,0,5
2021-11-02T10:00:00-00:00,2021-11-02T11:00:00-00:00,2021-11-02,4,0,SLAP_PGSF-APND,SLAP_PGSF-APND,SLAP_PGSF-APND,DAM,LMP,LMP_PRC,SLAP_PGSF-APND,ALL_APNODES,0,58.11695,6
2021-11-03T03:00:00-00:00,2021-11-03T04:00:00-00:00,2021-11-02,21,0,SLAP_PGSF-APND,SLAP_PGSF-APND,SLAP_PGSF-APND,DAM,LMP,LMP_PRC,SLAP_PGSF-APND,ALL_APNODES,0,92.86373,6
2021-11-02T18:00:00-00:00,2021-11-02T19:00:00-00:00,2021-11-02,12,0,SLAP_PGSF-APND,SLAP_PGSF-APND,SLAP_PGSF-APND,DAM,LMP,LMP_PRC,SLAP_PGSF-APND,ALL_APNODES,0,57.21301,6
2021-11-02T13:00:00-00:00,2021-11-02T14:00:00-00:00,2021-11-02,7,0,SLAP_PGSF-APND,SLAP_PGSF-APND,SLAP_PGSF-APND,DAM,LMP,LMP_PRC,SLAP_PGSF-APND,ALL_APNODES,0,74.36,6
2021-11-02T14:00:00-00:00,2021-11-02T15:00:00-00:00,2021-11-02,8,0,SLAP_PGSF-APND,SLAP_PGSF-APND,SLAP_PGSF-APND,DAM,LMP,LMP_PRC,SLAP_PGSF-APND,ALL_APNODES,0,93.16331,6
2021-11-03T05:00:00-00:00,2021-11-03T06:00:00-00:00,2021-11-02,23,0,SLAP_PGSF-APND,SLAP_PGSF-APND,SLAP_PGSF-APND,DAM,LMP,LMP_PRC,SLAP_PGSF-APND,ALL_APNODES,0,72.04931,6
2021-11-02T15:00:00-00:00,2021-11-02T16:00:00-00:00,2021-11-02,9,0,SLAP_PGSF-APND,SLAP_PGSF-APND,SLAP_PGSF-APND,DAM,LMP,LMP_PRC,SLAP_PGSF-APND,ALL_APNODES,0,72.35479,6
2021-11-02T21:00:00-00:00,2021-11-02T22:00:00-00:00,2021-11-02,15,0,SLAP_PGSF-APND,SLAP_PGSF-APND,SLAP_PGSF-APND,DAM,LMP,LMP_PRC,SLAP_PGSF-APND,ALL_APNODES,0,60.09789,6
2021-11-03T01:00:00-00:00,2021-11-03T02:00:00-00:00,2021-11-02,19,0,SLAP_PGSF-APND,SLAP_PGSF-APND,SLAP_PGSF-APND,DAM,LMP,LMP_PRC,SLAP_PGSF-APND,ALL_APNODES,0,122.23082,6
2021-11-02T08:00:00-00:00,2021-11-02T09:00:00-00:00,2021-11-02,2,0,SLAP_PGSF-APND,SLAP_PGSF-APND,SLAP_PGSF-APND,DAM,LMP,LMP_PRC,SLAP_PGSF-APND,ALL_APNODES,0,59.43341,6
2021-11-03T00:00:00-00:00,2021-11-03T01:00:00-00:00,2021-11-02,18,0,SLAP_PGSF-APND,SLAP_PGSF-APND,SLAP_PGSF-APND,DAM,LMP,LMP_PRC,SLAP_PGSF-APND,ALL_APNODES,0,110.19591,6
2021-11-03T02:00:00-00:00,2021-11-03T03:00:00-00:00,2021-11-02,20,0,SLAP_PGSF-APND,SLAP_PGSF-APND,SLAP_PGSF-APND,DAM,LMP,LMP_PRC,SLAP_PGSF-APND,ALL_APNODES,0,101.57778,6
2021-11-02T11:00:00-00:00,2021-11-02T12:00:00-00:00,2021-11-02,5,0,SLAP_PGSF-APND,SLAP_PGSF-APND,SLAP_PGSF-APND,DAM,LMP,LMP_PRC,SLAP_PGSF-APND,ALL_APNODES,0,59.44505,6
2021-11-02T19:00:00-00:00,2021-11-02T20:00:00-00:00,2021-11-02,13,0,SLAP_PGSF-APND,SLAP_PGSF-APND,SLAP_PGSF-APND,DAM,LMP,LMP_PRC,SLAP_PGSF-APND,ALL_APNODES,0,54.21049,6
2021-11-02T09:00:00-00:00,2021-11-02T10:00:00-00:00,2021-11-02,3,0,SLAP_PGSF-APND,SLAP_PGSF-APND,SLAP_PGSF-APND,DAM,LMP,LMP_PRC,SLAP_PGSF-APND,ALL_APNODES,0,57.97959,6
2021-11-02T12:00:00-00:00,2021-11-02T13:00:00-00:00,2021-11-02,6,0,SLAP_PGSF-APND,SLAP_PGSF-APND,SLAP_PGSF-APND,DAM,LMP,LMP_PRC,SLAP_PGSF-APND,ALL_APNODES,0,62.44,6
2021-11-03T06:00:00-00:00,2021-11-03T07:00:00-00:00,2021-11-02,24,0,SLAP_PGSF-APND,SLAP_PGSF-APND,SLAP_PGSF-APND,DAM,LMP,LMP_PRC,SLAP_PGSF-APND,ALL_APNODES,0,70.31672,6
2021-11-02T17:00:00-00:00,2021-11-02T18:00:00-00:00,2021-11-02,11,0,SLAP_PGSF-APND,SLAP_PGSF-APND,SLAP_PGSF-APND,DAM,LMP,LMP_PRC,SLAP_PGSF-APND,ALL_APNODES,0,51.6294,6
2021-11-02T07:00:00-00:00,2021-11-02T08:00:00-00:00,2021-11-02,1,0,SLAP_PGSF-APND,SLAP_PGSF-APND,SLAP_PGSF-APND,DAM,LMP,LMP_PRC,SLAP_PGSF-APND,ALL_APNODES,0,60.39848,6
2021-11-03T04:00:00-00:00,2021-11-03T05:00:00-00:00,2021-11-02,22,0,SLAP_PGSF-APND,SLAP_PGSF-APND,SLAP_PGSF-APND,DAM,LMP,LMP_PRC,SLAP_PGSF-APND,ALL_APNODES,0,84.20309,6
2021-11-02T22:00:00-00:00,2021-11-02T23:00:00-00:00,2021-11-02,16,0,SLAP_PGSF-APND,SLAP_PGSF-APND,SLAP_PGSF-APND,DAM,LMP,LMP_PRC,SLAP_PGSF-APND,ALL_APNODES,0,59.92805,6
2021-11-02T20:00:00-00:00,2021-11-02T21:00:00-00:00,2021-11-02,14,0,SLAP_PGSF-APND,SLAP_PGSF-APND,SLAP_PGSF-APND,DAM,LMP,LMP_PRC,SLAP_PGSF-APND,ALL_APNODES,0,55.51986,6
2021-11-02T16:00:00-00:00,2021-11-02T17:00:00-00:00,2021-11-02,10,0,SLAP_PGSF-APND,SLAP_PGSF-APND,SLAP_PGSF-APND,DAM,LMP,LMP_PRC,SLAP_PGSF-APND,ALL_APNODES,0,62.68688,6
2021-11-02T23:00:00-00:00,2021-11-03T00:00:00-00:00,2021-11-02,17,0,SLAP_PGSF-APND,SLAP_PGSF-APND,SLAP_PGSF-APND,DAM,LMP,LMP_PRC,SLAP_PGSF-APND,ALL_APNODES,0,75.76341,6
2021-11-03T06:00:00-00:00,2021-11-03T07:00:00-00:00,2021-11-02,24,0,SLAP_PGSF-APND,SLAP_PGSF-APND,SLAP_PGSF-APND,DAM,MCC,LMP_CONG_PRC,SLAP_PGSF-APND,ALL_APNODES,0,0,7
2021-11-02T20:00:00-00:00,2021-11-02T21:00:00-00:00,2021-11-02,14,0,SLAP_PGSF-APND,SLAP_PGSF-APND,SLAP_PGSF-APND,DAM,MCC,LMP_CONG_PRC,SLAP_PGSF-APND,ALL_APNODES,0,6.28641,7
2021-11-02T19:00:00-00:00,2021-11-02T20:00:00-00:00,2021-11-02,13,0,SLAP_PGSF-APND,SLAP_PGSF-APND,SLAP_PGSF-APND,DAM,MCC,LMP_CONG_PRC,SLAP_PGSF-APND,ALL_APNODES,0,3.69708,7
2021-11-02T07:00:00-00:00,2021-11-02T08:00:00-00:00,2021-11-02,1,0,SLAP_PGSF-APND,SLAP_PGSF-APND,SLAP_PGSF-APND,DAM,MCC,LMP_CONG_PRC,SLAP_PGSF-APND,ALL_APNODES,0,0,7
2021-11-03T04:00:00-00:00,2021-11-03T05:00:00-00:00,2021-11-02,22,0,SLAP_PGSF-APND,SLAP_PGSF-APND,SLAP_PGSF-APND,DAM,MCC,LMP_CONG_PRC,SLAP_PGSF-APND,ALL_APNODES,0,0,7
2021-11-03T00:00:00-00:00,2021-11-03T01:00:00-00:00,2021-11-02,18,0,SLAP_PGSF-APND,SLAP_PGSF-APND,SLAP_PGSF-APND,DAM,MCC,LMP_CONG_PRC,SLAP_PGSF-APND,ALL_APNODES,0,0,7
2021-11-02T21:00:00-00:00,2021-11-02T22:00:00-00:00,2021-11-02,15,0,SLAP_PGSF-APND,SLAP_PGSF-APND,SLAP_PGSF-APND,DAM,MCC,LMP_CONG_PRC,SLAP_PGSF-APND,ALL_APNODES,0,7.68962,7
2021-11-02T13:00:00-00:00,2021-11-02T14:00:00-00:00,2021-11-02,7,0,SLAP_PGSF-APND,SLAP_PGSF-APND,SLAP_PGSF-APND,DAM,MCC,LMP_CONG_PRC,SLAP_PGSF-APND,ALL_APNODES,0,0,7
2021-11-03T02:00:00-00:00,2021-11-03T03:00:00-00:00,2021-11-02,20,0,SLAP_PGSF-APND,SLAP_PGSF-APND,SLAP_PGSF-APND,DAM,MCC,LMP_CONG_PRC,SLAP_PGSF-APND,ALL_APNODES,0,0,7
2021-11-02T22:00:00-00:00,2021-11-02T23:00:00-00:00,2021-11-02,16,0,SLAP_PGSF-APND,SLAP_PGSF-APND,SLAP_PGSF-APND,DAM,MCC,LMP_CONG_PRC,SLAP_PGSF-APND,ALL_APNODES,0,0.11392,7
2021-11-02T23:00:00-00:00,2021-11-03T00:00:00-00:00,2021-11-02,17,0,SLAP_PGSF-APND,SLAP_PGSF-APND,SLAP_PGSF-APND,DAM,MCC,LMP_CONG_PRC,SLAP_PGSF-APND,ALL_APNODES,0,0,7
2021-11-02T12:00:00-00:00,2021-11-02T13:00:00-00:00,2021-11-02,6,0,SLAP_PGSF-APND,SLAP_PGSF-APND,SLAP_PGSF-APND,DAM,MCC,LMP_CONG_PRC,SLAP_PGSF-APND,ALL_APNODES,0,0,7
2021-11-02T16:00:00-00:00,2021-11-02T17:00:00-00:00,2021-11-02,10,0,SLAP_PGSF-APND,SLAP_PGSF-APND,SLAP_PGSF-APND,DAM,MCC,LMP_CONG_PRC,SLAP_PGSF-APND,ALL_APNODES,0,0,7
2021-11-02T15:00:00-00:00,2021-11-02T16:00:00-00:00,2021-11-02,9,0,SLAP_PGSF-APND,SLAP_PGSF-APND,SLAP_PGSF-APND,DAM,MCC,LMP_CONG_PRC,SLAP_PGSF-APND,ALL_APNODES,0,1.77427,7
2021-11-02T10:00:00-00:00,2021-11-02T11:00:00-00:00,2021-11-02,4,0,SLAP_PGSF-APND,SLAP_PGSF-APND,SLAP_PGSF-APND,DAM,MCC,LMP_CONG_PRC,SLAP_PGSF-APND,ALL_APNODES,0,0,7
2021-11-03T05:00:00-00:00,2021-11-03T06:00:00-00:00,2021-11-02,23,0,SLAP_PGSF-APND,SLAP_PGSF-APND,SLAP_PGSF-APND,DAM,MCC,LMP_CONG_PRC,SLAP_PGSF-APND,ALL_APNODES,0,0,7
2021-11-02T08:00:00-00:00,2021-11-02T09:00:00-00:00,2021-11-02,2,0,SLAP_PGSF-APND,SLAP_PGSF-APND,SLAP_PGSF-APND,DAM,MCC,LMP_CONG_PRC,SLAP_PGSF-APND,ALL_APNODES,0,0,7
2021-11-03T01:00:00-00:00,2021-11-03T02:00:00-00:00,2021-11-02,19,0,SLAP_PGSF-APND,SLAP_PGSF-APND,SLAP_PGSF-APND,DAM,MCC,LMP_CONG_PRC,SLAP_PGSF-APND,ALL_APNODES,0,2.90056,7
2021-11-03T03:00:00-00:00,2021-11-03T04:00:00-00:00,2021-11-02,21,0,SLAP_PGSF-APND,SLAP_PGSF-APND,SLAP_PGSF-APND,DAM,MCC,LMP_CONG_PRC,SLAP_PGSF-APND,ALL_APNODES,0,0,7
2021-11-02T18:00:00-00:00,2021-11-02T19:00:00-00:00,2021-11-02,12,0,SLAP_PGSF-APND,SLAP_PGSF-APND,SLAP_PGSF-APND,DAM,MCC,LMP_CONG_PRC,SLAP_PGSF-APND,ALL_APNODES,0,4.22961,7
2021-11-02T17:00:00-00:00,2021-11-02T18:00:00-00:00,2021-11-02,11,0,SLAP_PGSF-APND,SLAP_PGSF-APND,SLAP_PGSF-APND,DAM,MCC,LMP_CONG_PRC,SLAP_PGSF-APND,ALL_APNODES,0,1.96807,7
2021-11-02T14:00:00-00:00,2021-11-02T15:00:00-00:00,2021-11-02,8,0,SLAP_PGSF-APND,SLAP_PGSF-APND,SLAP_PGSF-APND,DAM,MCC,LMP_CONG_PRC,SLAP_PGSF-APND,ALL_APNODES,0,0,7
2021-11-02T09:00:00-00:00,2021-11-02T10:00:00-00:00,2021-11-02,3,0,SLAP_PGSF-APND,SLAP_PGSF-APND,SLAP_PGSF-APND,DAM,MCC,LMP_CONG_PRC,SLAP_PGSF-APND,ALL_APNODES,0,0,7
2021-11-02T11:00:00-00:00,2021-11-02T12:00:00-00:00,2021-11-02,5,0,SLAP_PGSF-APND,SLAP_PGSF-APND,SLAP_PGSF-APND,DAM,MCC,LMP_CONG_PRC,SLAP_PGSF-APND,ALL_APNODES,0,0,7
2021-11-02T11:00:00-00:00,2021-11-02T12:00:00-00:00,2021-11-02,5,0,SLAP_PGSF-APND,SLAP_PGSF-APND,SLAP_PGSF-APND,DAM,MCE,LMP_ENE_PRC,SLAP_PGSF-APND,ALL_APNODES,0,57.44593,8
2021-11-02T09:00:00-00:00,2021-11-02T10:00:00-00:00,2021-11-02,3,0,SLAP_PGSF-APND,SLAP_PGSF-APND,SLAP_PGSF-APND,DAM,MCE,LMP_ENE_PRC,SLAP_PGSF-APND,ALL_APNODES,0,56.19811,8
2021-11-03T02:00:00-00:00,2021-11-03T03:00:00-00:00,2021-11-02,20,0,SLAP_PGSF-APND,SLAP_PGSF-APND,SLAP_PGSF-APND,DAM,MCE,LMP_ENE_PRC,SLAP_PGSF-APND,ALL_APNODES,0,97.9913,8
2021-11-02T17:00:00-00:00,2021-11-02T18:00:00-00:00,2021-11-02,11,0,SLAP_PGSF-APND,SLAP_PGSF-APND,SLAP_PGSF-APND,DAM,MCE,LMP_ENE_PRC,SLAP_PGSF-APND,ALL_APNODES,0,49.66133,8
2021-11-02T14:00:00-00:00,2021-11-02T15:00:00-00:00,2021-11-02,8,0,SLAP_PGSF-APND,SLAP_PGSF-APND,SLAP_PGSF-APND,DAM,MCE,LMP_ENE_PRC,SLAP_PGSF-APND,ALL_APNODES,0,88.9812,8
2021-11-03T01:00:00-00:00,2021-11-03T02:00:00-00:00,2021-11-02,19,0,SLAP_PGSF-APND,SLAP_PGSF-APND,SLAP_PGSF-APND,DAM,MCE,LMP_ENE_PRC,SLAP_PGSF-APND,ALL_APNODES,0,114.46547,8
2021-11-02T20:00:00-00:00,2021-11-02T21:00:00-00:00,2021-11-02,14,0,SLAP_PGSF-APND,SLAP_PGSF-APND,SLAP_PGSF-APND,DAM,MCE,LMP_ENE_PRC,SLAP_PGSF-APND,ALL_APNODES,0,44.35046,8
2021-11-03T05:00:00-00:00,2021-11-03T06:00:00-00:00,2021-11-02,23,0,SLAP_PGSF-APND,SLAP_PGSF-APND,SLAP_PGSF-APND,DAM,MCE,LMP_ENE_PRC,SLAP_PGSF-APND,ALL_APNODES,0,70.10733,8
2021-11-03T04:00:00-00:00,2021-11-03T05:00:00-00:00,2021-11-02,22,0,SLAP_PGSF-APND,SLAP_PGSF-APND,SLAP_PGSF-APND,DAM,MCE,LMP_ENE_PRC,SLAP_PGSF-APND,ALL_APNODES,0,82.13333,8
2021-11-02T21:00:00-00:00,2021-11-02T22:00:00-00:00,2021-11-02,15,0,SLAP_PGSF-APND,SLAP_PGSF-APND,SLAP_PGSF-APND,DAM,MCE,LMP_ENE_PRC,SLAP_PGSF-APND,ALL_APNODES,0,48.13397,8
2021-11-02T23:00:00-00:00,2021-11-03T00:00:00-00:00,2021-11-02,17,0,SLAP_PGSF-APND,SLAP_PGSF-APND,SLAP_PGSF-APND,DAM,MCE,LMP_ENE_PRC,SLAP_PGSF-APND,ALL_APNODES,0,71.04596,8
2021-11-03T03:00:00-00:00,2021-11-03T04:00:00-00:00,2021-11-02,21,0,SLAP_PGSF-APND,SLAP_PGSF-APND,SLAP_PGSF-APND,DAM,MCE,LMP_ENE_PRC,SLAP_PGSF-APND,ALL_APNODES,0,89.9668,8
2021-11-02T08:00:00-00:00,2021-11-02T09:00:00-00:00,2021-11-02,2,0,SLAP_PGSF-APND,SLAP_PGSF-APND,SLAP_PGSF-APND,DAM,MCE,LMP_ENE_PRC,SLAP_PGSF-APND,ALL_APNODES,0,57.55148,8
2021-11-02T22:00:00-00:00,2021-11-02T23:00:00-00:00,2021-11-02,16,0,SLAP_PGSF-APND,SLAP_PGSF-APND,SLAP_PGSF-APND,DAM,MCE,LMP_ENE_PRC,SLAP_PGSF-APND,ALL_APNODES,0,55.38858,8
2021-11-02T16:00:00-00:00,2021-11-02T17:00:00-00:00,2021-11-02,10,0,SLAP_PGSF-APND,SLAP_PGSF-APND,SLAP_PGSF-APND,DAM,MCE,LMP_ENE_PRC,SLAP_PGSF-APND,ALL_APNODES,0,56.59704,8
2021-11-02T18:00:00-00:00,2021-11-02T19:00:00-00:00,2021-11-02,12,0,SLAP_PGSF-APND,SLAP_PGSF-APND,SLAP_PGSF-APND,DAM,MCE,LMP_ENE_PRC,SLAP_PGSF-APND,ALL_APNODES,0,48.13609,8
2021-11-02T19:00:00-00:00,2021-11-02T20:00:00-00:00,2021-11-02,13,0,SLAP_PGSF-APND,SLAP_PGSF-APND,SLAP_PGSF-APND,DAM,MCE,LMP_ENE_PRC,SLAP_PGSF-APND,ALL_APNODES,0,45.68869,8
2021-11-03T06:00:00-00:00,2021-11-03T07:00:00-00:00,2021-11-02,24,0,SLAP_PGSF-APND,SLAP_PGSF-APND,SLAP_PGSF-APND,DAM,MCE,LMP_ENE_PRC,SLAP_PGSF-APND,ALL_APNODES,0,68.16939,8
2021-11-02T13:00:00-00:00,2021-11-02T14:00:00-00:00,2021-11-02,7,0,SLAP_PGSF-APND,SLAP_PGSF-APND,SLAP_PGSF-APND,DAM,MCE,LMP_ENE_PRC,SLAP_PGSF-APND,ALL_APNODES,0,74.36,8
2021-11-02T12:00:00-00:00,2021-11-02T13:00:00-00:00,2021-11-02,6,0,SLAP_PGSF-APND,SLAP_PGSF-APND,SLAP_PGSF-APND,DAM,MCE,LMP_ENE_PRC,SLAP_PGSF-APND,ALL_APNODES,0,62.44,8
2021-11-02T10:00:00-00:00,2021-11-02T11:00:00-00:00,2021-11-02,4,0,SLAP_PGSF-APND,SLAP_PGSF-APND,SLAP_PGSF-APND,DAM,MCE,LMP_ENE_PRC,SLAP_PGSF-APND,ALL_APNODES,0,56.44066,8
2021-11-02T07:00:00-00:00,2021-11-02T08:00:00-00:00,2021-11-02,1,0,SLAP_PGSF-APND,SLAP_PGSF-APND,SLAP_PGSF-APND,DAM,MCE,LMP_ENE_PRC,SLAP_PGSF-APND,ALL_APNODES,0,58.31658,8
2021-11-03T00:00:00-00:00,2021-11-03T01:00:00-00:00,2021-11-02,18,0,SLAP_PGSF-APND,SLAP_PGSF-APND,SLAP_PGSF-APND,DAM,MCE,LMP_ENE_PRC,SLAP_PGSF-APND,ALL_APNODES,0,105.75423,8
2021-11-02T15:00:00-00:00,2021-11-02T16:00:00-00:00,2021-11-02,9,0,SLAP_PGSF-APND,SLAP_PGSF-APND,SLAP_PGSF-APND,DAM,MCE,LMP_ENE_PRC,SLAP_PGSF-APND,ALL_APNODES,0,65.08717,8
2021-11-02T23:00:00-00:00,2021-11-03T00:00:00-00:00,2021-11-02,17,0,SLAP_PGSF-APND,SLAP_PGSF-APND,SLAP_PGSF-APND,DAM,MCL,LMP_LOSS_PRC,SLAP_PGSF-APND,ALL_APNODES,0,4.71745,9
2021-11-03T02:00:00-00:00,2021-11-03T03:00:00-00:00,2021-11-02,20,0,SLAP_PGSF-APND,SLAP_PGSF-APND,SLAP_PGSF-APND,DAM,MCL,LMP_LOSS_PRC,SLAP_PGSF-APND,ALL_APNODES,0,3.58648,9
2021-11-03T06:00:00-00:00,2021-11-03T07:00:00-00:00,2021-11-02,24,0,SLAP_PGSF-APND,SLAP_PGSF-APND,SLAP_PGSF-APND,DAM,MCL,LMP_LOSS_PRC,SLAP_PGSF-APND,ALL_APNODES,0,2.14734,9
2021-11-03T01:00:00-00:00,2021-11-03T02:00:00-00:00,2021-11-02,19,0,SLAP_PGSF-APND,SLAP_PGSF-APND,SLAP_PGSF-APND,DAM,MCL,LMP_LOSS_PRC,SLAP_PGSF-APND,ALL_APNODES,0,4.86478,9
2021-11-03T05:00:00-00:00,2021-11-03T06:00:00-00:00,2021-11-02,23,0,SLAP_PGSF-APND,SLAP_PGSF-APND,SLAP_PGSF-APND,DAM,MCL,LMP_LOSS_PRC,SLAP_PGSF-APND,ALL_APNODES,0,1.94197,9
2021-11-02T17:00:00-00:00,2021-11-02T18:00:00-00:00,2021-11-02,11,0,SLAP_PGSF-APND,SLAP_PGSF-APND,SLAP_PGSF-APND,DAM,MCL,LMP_LOSS_PRC,SLAP_PGSF-APND,ALL_APNODES,0,0,9
2021-11-03T00:00:00-00:00,2021-11-03T01:00:00-00:00,2021-11-02,18,0,SLAP_PGSF-APND,SLAP_PGSF-APND,SLAP_PGSF-APND,DAM,MCL,LMP_LOSS_PRC,SLAP_PGSF-APND,ALL_APNODES,0,4.44168,9
2021-11-02T14:00:00-00:00,2021-11-02T15:00:00-00:00,2021-11-02,8,0,SLAP_PGSF-APND,SLAP_PGSF-APND,SLAP_PGSF-APND,DAM,MCL,LMP_LOSS_PRC,SLAP_PGSF-APND,ALL_APNODES,0,4.18212,9
2021-11-02T08:00:00-00:00,2021-11-02T09:00:00-00:00,2021-11-02,2,0,SLAP_PGSF-APND,SLAP_PGSF-APND,SLAP_PGSF-APND,DAM,MCL,LMP_LOSS_PRC,SLAP_PGSF-APND,ALL_APNODES,0,1.88193,9
2021-11-02T22:00:00-00:00,2021-11-02T23:00:00-00:00,2021-11-02,16,0,SLAP_PGSF-APND,SLAP_PGSF-APND,SLAP_PGSF-APND,DAM,MCL,LMP_LOSS_PRC,SLAP_PGSF-APND,ALL_APNODES,0,4.42555,9
2021-11-02T07:00:00-00:00,2021-11-02T08:00:00-00:00,2021-11-02,1,0,SLAP_PGSF-APND,SLAP_PGSF-APND,SLAP_PGSF-APND,DAM,MCL,LMP_LOSS_PRC,SLAP_PGSF-APND,ALL_APNODES,0,2.0819,9
2021-11-02T12:00:00-00:00,2021-11-02T13:00:00-00:00,2021-11-02,6,0,SLAP_PGSF-APND,SLAP_PGSF-APND,SLAP_PGSF-APND,DAM,MCL,LMP_LOSS_PRC,SLAP_PGSF-APND,ALL_APNODES,0,0,9
2021-11-02T13:00:00-00:00,2021-11-02T14:00:00-00:00,2021-11-02,7,0,SLAP_PGSF-APND,SLAP_PGSF-APND,SLAP_PGSF-APND,DAM,MCL,LMP_LOSS_PRC,SLAP_PGSF-APND,ALL_APNODES,0,0,9
2021-11-02T18:00:00-00:00,2021-11-02T19:00:00-00:00,2021-11-02,12,0,SLAP_PGSF-APND,SLAP_PGSF-APND,SLAP_PGSF-APND,DAM,MCL,LMP_LOSS_PRC,SLAP_PGSF-APND,ALL_APNODES,0,4.8473,9
2021-11-02T15:00:00-00:00,2021-11-02T16:00:00-00:00,2021-11-02,9,0,SLAP_PGSF-APND,SLAP_PGSF-APND,SLAP_PGSF-APND,DAM,MCL,LMP_LOSS_PRC,SLAP_PGSF-APND,ALL_APNODES,0,5.49336,9
2021-11-02T16:00:00-00:00,2021-11-02T17:00:00-00:00,2021-11-02,10,0,SLAP_PGSF-APND,SLAP_PGSF-APND,SLAP_PGSF-APND,DAM,MCL,LMP_LOSS_PRC,SLAP_PGSF-APND,ALL_APNODES,0,6.08984,9
2021-11-02T20:00:00-00:00,2021-11-02T21:00:00-00:00,2021-11-02,14,0,SLAP_PGSF-APND,SLAP_PGSF-APND,SLAP_PGSF-APND,DAM,MCL,LMP_LOSS_PRC,SLAP_PGSF-APND,ALL_APNODES,0,4.88299,9
2021-11-02T21:00:00-00:00,2021-11-02T22:00:00-00:00,2021-11-02,15,0,SLAP_PGSF-APND,SLAP_PGSF-APND,SLAP_PGSF-APND,DAM,MCL,LMP_LOSS_PRC,SLAP_PGSF-APND,ALL_APNODES,0,4.2743,9
2021-11-02T10:00:00-00:00,2021-11-02T11:00:00-00:00,2021-11-02,4,0,SLAP_PGSF-APND,SLAP_PGSF-APND,SLAP_PGSF-APND,DAM,MCL,LMP_LOSS_PRC,SLAP_PGSF-APND,ALL_APNODES,0,1.67629,9
2021-11-03T04:00:00-00:00,2021-11-03T05:00:00-00:00,2021-11-02,22,0,SLAP_PGSF-APND,SLAP_PGSF-APND,SLAP_PGSF-APND,DAM,MCL,LMP_LOSS_PRC,SLAP_PGSF-APND,ALL_APNODES,0,2.06976,9
2021-11-02T19:00:00-00:00,2021-11-02T20:00:00-00:00,2021-11-02,13,0,SLAP_PGSF-APND,SLAP_PGSF-APND,SLAP_PGSF-APND,DAM,MCL,LMP_LOSS_PRC,SLAP_PGSF-APND,ALL_APNODES,0,4.82473,9
2021-11-02T09:00:00-00:00,2021-11-02T10:00:00-00:00,2021-11-02,3,0,SLAP_PGSF-APND,SLAP_PGSF-APND,SLAP_PGSF-APND,DAM,MCL,LMP_LOSS_PRC,SLAP_PGSF-APND,ALL_APNODES,0,1.78148,9
2021-11-02T11:00:00-00:00,2021-11-02T12:00:00-00:00,2021-11-02,5,0,SLAP_PGSF-APND,SLAP_PGSF-APND,SLAP_PGSF-APND,DAM,MCL,LMP_LOSS_PRC,SLAP_PGSF-APND,ALL_APNODES,0,1.99912,9
2021-11-03T03:00:00-00:00,2021-11-03T04:00:00-00:00,2021-11-02,21,0,SLAP_PGSF-APND,SLAP_PGSF-APND,SLAP_PGSF-APND,DAM,MCL,LMP_LOSS_PRC,SLAP_PGSF-APND,ALL_APNODES,0,2.89693,9
2021-11-02T18:00:00-00:00,2021-11-02T19:00:00-00:00,2021-11-02,12,0,SLAP_PGSF-APND,SLAP_PGSF-APND,SLAP_PGSF-APND,DAM,MGHG,LMP_GHG_PRC,SLAP_PGSF-APND,ALL_APNODES,0,0,10
2021-11-02T14:00:00-00:00,2021-11-02T15:00:00-00:00,2021-11-02,8,0,SLAP_PGSF-APND,SLAP_PGSF-APND,SLAP_PGSF-APND,DAM,MGHG,LMP_GHG_PRC,SLAP_PGSF-APND,ALL_APNODES,0,0,10
2021-11-03T01:00:00-00:00,2021-11-03T02:00:00-00:00,2021-11-02,19,0,SLAP_PGSF-APND,SLAP_PGSF-APND,SLAP_PGSF-APND,DAM,MGHG,LMP_GHG_PRC,SLAP_PGSF-APND,ALL_APNODES,0,0,10
2021-11-02T19:00:00-00:00,2021-11-02T20:00:00-00:00,2021-11-02,13,0,SLAP_PGSF-APND,SLAP_PGSF-APND,SLAP_PGSF-APND,DAM,MGHG,LMP_GHG_PRC,SLAP_PGSF-APND,ALL_APNODES,0,0,10
2021-11-02T22:00:00-00:00,2021-11-02T23:00:00-00:00,2021-11-02,16,0,SLAP_PGSF-APND,SLAP_PGSF-APND,SLAP_PGSF-APND,DAM,MGHG,LMP_GHG_PRC,SLAP_PGSF-APND,ALL_APNODES,0,0,10
2021-11-03T02:00:00-00:00,2021-11-03T03:00:00-00:00,2021-11-02,20,0,SLAP_PGSF-APND,SLAP_PGSF-APND,SLAP_PGSF-APND,DAM,MGHG,LMP_GHG_PRC,SLAP_PGSF-APND,ALL_APNODES,0,0,10
2021-11-02T12:00:00-00:00,2021-11-02T13:00:00-00:00,2021-11-02,6,0,SLAP_PGSF-APND,SLAP_PGSF-APND,SLAP_PGSF-APND,DAM,MGHG,LMP_GHG_PRC,SLAP_PGSF-APND,ALL_APNODES,0,0,10
2021-11-02T13:00:00-00:00,2021-11-02T14:00:00-00:00,2021-11-02,7,0,SLAP_PGSF-APND,SLAP_PGSF-APND,SLAP_PGSF-APND,DAM,MGHG,LMP_GHG_PRC,SLAP_PGSF-APND,ALL_APNODES,0,0,10
2021-11-03T04:00:00-00:00,2021-11-03T05:00:00-00:00,2021-11-02,22,0,SLAP_PGSF-APND,SLAP_PGSF-APND,SLAP_PGSF-APND,DAM,MGHG,LMP_GHG_PRC,SLAP_PGSF-APND,ALL_APNODES,0,0,10
2021-11-02T15:00:00-00:00,2021-11-02T16:00:00-00:00,2021-11-02,9,0,SLAP_PGSF-APND,SLAP_PGSF-APND,SLAP_PGSF-APND,DAM,MGHG,LMP_GHG_PRC,SLAP_PGSF-APND,ALL_APNODES,0,0,10
2021-11-02T07:00:00-00:00,2021-11-02T08:00:00-00:00,2021-11-02,1,0,SLAP_PGSF-APND,SLAP_PGSF-APND,SLAP_PGSF-APND,DAM,MGHG,LMP_GHG_PRC,SLAP_PGSF-APND,ALL_APNODES,0,0,10
2021-11-03T05:00:00-00:00,2021-11-03T06:00:00-00:00,2021-11-02,23,0,SLAP_PGSF-APND,SLAP_PGSF-APND,SLAP_PGSF-APND,DAM,MGHG,LMP_GHG_PRC,SLAP_PGSF-APND,ALL_APNODES,0,0,10
2021-11-03T06:00:00-00:00,2021-11-03T07:00:00-00:00,2021-11-02,24,0,SLAP_PGSF-APND,SLAP_PGSF-APND,SLAP_PGSF-APND,DAM,MGHG,LMP_GHG_PRC,SLAP_PGSF-APND,ALL_APNODES,0,0,10
2021-11-02T16:00:00-00:00,2021-11-02T17:00:00-00:00,2021-11-02,10,0,SLAP_PGSF-APND,SLAP_PGSF-APND,SLAP_PGSF-APND,DAM,MGHG,LMP_GHG_PRC,SLAP_PGSF-APND,ALL_APNODES,0,0,10
2021-11-02T17:00:00-00:00,2021-11-02T18:00:00-00:00,2021-11-02,11,0,SLAP_PGSF-APND,SLAP_PGSF-APND,SLAP_PGSF-APND,DAM,MGHG,LMP_GHG_PRC,SLAP_PGSF-APND,ALL_APNODES,0,0,10
2021-11-02T23:00:00-00:00,2021-11-03T00:00:00-00:00,2021-11-02,17,0,SLAP_PGSF-APND,SLAP_PGSF-APND,SLAP_PGSF-APND,DAM,MGHG,LMP_GHG_PRC,SLAP_PGSF-APND,ALL_APNODES,0,0,10
2021-11-02T08:00:00-00:00,2021-11-02T09:00:00-00:00,2021-11-02,2,0,SLAP_PGSF-APND,SLAP_PGSF-APND,SLAP_PGSF-APND,DAM,MGHG,LMP_GHG_PRC,SLAP_PGSF-APND,ALL_APNODES,0,0,10
2021-11-02T10:00:00-00:00,2021-11-02T11:00:00-00:00,2021-11-02,4,0,SLAP_PGSF-APND,SLAP_PGSF-APND,SLAP_PGSF-APND,DAM,MGHG,LMP_GHG_PRC,SLAP_PGSF-APND,ALL_APNODES,0,0,10
2021-11-02T09:00:00-00:00,2021-11-02T10:00:00-00:00,2021-11-02,3,0,SLAP_PGSF-APND,SLAP_PGSF-APND,SLAP_PGSF-APND,DAM,MGHG,LMP_GHG_PRC,SLAP_PGSF-APND,ALL_APNODES,0,0,10
2021-11-02T11:00:00-00:00,2021-11-02T12:00:00-00:00,2021-11-02,5,0,SLAP_PGSF-APND,SLAP_PGSF-APND,SLAP_PGSF-APND,DAM,MGHG,LMP_GHG_PRC,SLAP_PGSF-APND,ALL_APNODES,0,0,10
2021-11-03T03:00:00-00:00,2021-11-03T04:00:00-00:00,2021-11-02,21,0,SLAP_PGSF-APND,SLAP_PGSF-APND,SLAP_PGSF-APND,DAM,MGHG,LMP_GHG_PRC,SLAP_PGSF-APND,ALL_APNODES,0,0,10
2021-11-02T20:00:00-00:00,2021-11-02T21:00:00-00:00,2021-11-02,14,0,SLAP_PGSF-APND,SLAP_PGSF-APND,SLAP_PGSF-APND,DAM,MGHG,LMP_GHG_PRC,SLAP_PGSF-APND,ALL_APNODES,0,0,10
2021-11-02T21:00:00-00:00,2021-11-02T22:00:00-00:00,2021-11-02,15,0,SLAP_PGSF-APND,SLAP_PGSF-APND,SLAP_PGSF-APND,DAM,MGHG,LMP_GHG_PRC,SLAP_PGSF-APND,ALL_APNODES,0,0,10
2021-11-03T00:00:00-00:00,2021-11-03T01:00:00-00:00,2021-11-02,18,0,SLAP_PGSF-APND,SLAP_PGSF-APND,SLAP_PGSF-APND,DAM,MGHG,LMP_GHG_PRC,SLAP_PGSF-APND,ALL_APNODES,0,0,10
2021-11-03T08:00:00-00:00,2021-11-03T09:00:00-00:00,2021-11-03,2,0,SLAP_PGSF-APND,SLAP_PGSF-APND,SLAP_PGSF-APND,DAM,LMP,LMP_PRC,SLAP_PGSF-APND,ALL_APNODES,0,56.6156,11
2021-11-03T12:00:00-00:00,2021-11-03T13:00:00-00:00,2021-11-03,6,0,SLAP_PGSF-APND,SLAP_PGSF-APND,SLAP_PGSF-APND,DAM,LMP,LMP_PRC,SLAP_PGSF-APND,ALL_APNODES,0,69.54707,11
2021-11-03T14:00:00-00:00,2021-11-03T15:00:00-00:00,2021-11-03,8,0,SLAP_PGSF-APND,SLAP_PGSF-APND,SLAP_PGSF-APND,DAM,LMP,LMP_PRC,SLAP_PGSF-APND,ALL_APNODES,0,83.51184,11
2021-11-03T23:00:00-00:00,2021-11-04T00:00:00-00:00,2021-11-03,17,0,SLAP_PGSF-APND,SLAP_PGSF-APND,SLAP_PGSF-APND,DAM,LMP,LMP_PRC,SLAP_PGSF-APND,ALL_APNODES,0,73.80265,11
2021-11-04T01:00:00-00:00,2021-11-04T02:00:00-00:00,2021-11-03,19,0,SLAP_PGSF-APND,SLAP_PGSF-APND,SLAP_PGSF-APND,DAM,LMP,LMP_PRC,SLAP_PGSF-APND,ALL_APNODES,0,131.4343,11
2021-11-04T02:00:00-00:00,2021-11-04T03:00:00-00:00,2021-11-03,20,0,SLAP_PGSF-APND,SLAP_PGSF-APND,SLAP_PGSF-APND,DAM,LMP,LMP_PRC,SLAP_PGSF-APND,ALL_APNODES,0,99.56465,11
2021-11-04T06:00:00-00:00,2021-11-04T07:00:00-00:00,2021-11-03,24,0,SLAP_PGSF-APND,SLAP_PGSF-APND,SLAP_PGSF-APND,DAM,LMP,LMP_PRC,SLAP_PGSF-APND,ALL_APNODES,0,66.39248,11
2021-11-03T18:00:00-00:00,2021-11-03T19:00:00-00:00,2021-11-03,12,0,SLAP_PGSF-APND,SLAP_PGSF-APND,SLAP_PGSF-APND,DAM,LMP,LMP_PRC,SLAP_PGSF-APND,ALL_APNODES,0,45.72723,11
2021-11-03T20:00:00-00:00,2021-11-03T21:00:00-00:00,2021-11-03,14,0,SLAP_PGSF-APND,SLAP_PGSF-APND,SLAP_PGSF-APND,DAM,LMP,LMP_PRC,SLAP_PGSF-APND,ALL_APNODES,0,53.80399,11
2021-11-03T21:00:00-00:00,2021-11-03T22:00:00-00:00,2021-11-03,15,0,SLAP_PGSF-APND,SLAP_PGSF-APND,SLAP_PGSF-APND,DAM,LMP,LMP_PRC,SLAP_PGSF-APND,ALL_APNODES,0,53.67177,11
2021-11-03T19:00:00-00:00,2021-11-03T20:00:00-00:00,2021-11-03,13,0,SLAP_PGSF-APND,SLAP_PGSF-APND,SLAP_PGSF-APND,DAM,LMP,LMP_PRC,SLAP_PGSF-APND,ALL_APNODES,0,40.16216,11
2021-11-04T00:00:00-00:00,2021-11-04T01:00:00-00:00,2021-11-03,18,0,SLAP_PGSF-APND,SLAP_PGSF-APND,SLAP_PGSF-APND,DAM,LMP,LMP_PRC,SLAP_PGSF-APND,ALL_APNODES,0,108.20688,11
2021-11-03T13:00:00-00:00,2021-11-03T14:00:00-00:00,2021-11-03,7,0,SLAP_PGSF-APND,SLAP_PGSF-APND,SLAP_PGSF-APND,DAM,LMP,LMP_PRC,SLAP_PGSF-APND,ALL_APNODES,0,80.48068,11
2021-11-04T04:00:00-00:00,2021-11-04T05:00:00-00:00,2021-11-03,22,0,SLAP_PGSF-APND,SLAP_PGSF-APND,SLAP_PGSF-APND,DAM,LMP,LMP_PRC,SLAP_PGSF-APND,ALL_APNODES,0,81.08992,11
2021-11-04T05:00:00-00:00,2021-11-04T06:00:00-00:00,2021-11-03,23,0,SLAP_PGSF-APND,SLAP_PGSF-APND,SLAP_PGSF-APND,DAM,LMP,LMP_PRC,SLAP_PGSF-APND,ALL_APNODES,0,72.10819,11
2021-11-03T10:00:00-00:00,2021-11-03T11:00:00-00:00,2021-11-03,4,0,SLAP_PGSF-APND,SLAP_PGSF-APND,SLAP_PGSF-APND,DAM,LMP,LMP_PRC,SLAP_PGSF-APND,ALL_APNODES,0,54.02654,11
2021-11-04T03:00:00-00:00,2021-11-04T04:00:00-00:00,2021-11-03,21,0,SLAP_PGSF-APND,SLAP_PGSF-APND,SLAP_PGSF-APND,DAM,LMP,LMP_PRC,SLAP_PGSF-APND,ALL_APNODES,0,87.46483,11
2021-11-03T16:00:00-00:00,2021-11-03T17:00:00-00:00,2021-11-03,10,0,SLAP_PGSF-APND,SLAP_PGSF-APND,SLAP_PGSF-APND,DAM,LMP,LMP_PRC,SLAP_PGSF-APND,ALL_APNODES,0,56.75108,11
2021-11-03T22:00:00-00:00,2021-11-03T23:00:00-00:00,2021-11-03,16,0,SLAP_PGSF-APND,SLAP_PGSF-APND,SLAP_PGSF-APND,DAM,LMP,LMP_PRC,SLAP_PGSF-APND,ALL_APNODES,0,58.48645,11
2021-11-03T07:00:00-00:00,2021-11-03T08:00:00-00:00,2021-11-03,1,0,SLAP_PGSF-APND,SLAP_PGSF-APND,SLAP_PGSF-APND,DAM,LMP,LMP_PRC,SLAP_PGSF-APND,ALL_APNODES,0,64.55495,11
2021-11-03T09:00:00-00:00,2021-11-03T10:00:00-00:00,2021-11-03,3,0,SLAP_PGSF-APND,SLAP_PGSF-APND,SLAP_PGSF-APND,DAM,LMP,LMP_PRC,SLAP_PGSF-APND,ALL_APNODES,0,54.51,11
2021-11-03T11:00:00-00:00,2021-11-03T12:00:00-00:00,2021-11-03,5,0,SLAP_PGSF-APND,SLAP_PGSF-APND,SLAP_PGSF-APND,DAM,LMP,LMP_PRC,SLAP_PGSF-APND,ALL_APNODES,0,55.42181,11
2021-11-03T15:00:00-00:00,2021-11-03T16:00:00-00:00,2021-11-03,9,0,SLAP_PGSF-APND,SLAP_PGSF-APND,SLAP_PGSF-APND,DAM,LMP,LMP_PRC,SLAP_PGSF-APND,ALL_APNODES,0,70.84986,11
2021-11-03T17:00:00-00:00,2021-11-03T18:00:00-00:00,2021-11-03,11,0,SLAP_PGSF-APND,SLAP_PGSF-APND,SLAP_PGSF-APND,DAM,LMP,LMP_PRC,SLAP_PGSF-APND,ALL_APNODES,0,52.73844,11
2021-11-03T08:00:00-00:00,2021-11-03T09:00:00-00:00,2021-11-03,2,0,SLAP_PGSF-APND,SLAP_PGSF-APND,SLAP_PGSF-APND,DAM,MCC,LMP_CONG_PRC,SLAP_PGSF-APND,ALL_APNODES,0,0,12
2021-11-03T20:00:00-00:00,2021-11-03T21:00:00-00:00,2021-11-03,14,0,SLAP_PGSF-APND,SLAP_PGSF-APND,SLAP_PGSF-APND,DAM,MCC,LMP_CONG_PRC,SLAP_PGSF-APND,ALL_APNODES,0,4.50294,12
2021-11-04T02:00:00-00:00,2021-11-04T03:00:00-00:00,2021-11-03,20,0,SLAP_PGSF-APND,SLAP_PGSF-APND,SLAP_PGSF-APND,DAM,MCC,LMP_CONG_PRC,SLAP_PGSF-APND,ALL_APNODES,0,0,12
2021-11-04T05:00:00-00:00,2021-11-04T06:00:00-00:00,2021-11-03,23,0,SLAP_PGSF-APND,SLAP_PGSF-APND,SLAP_PGSF-APND,DAM,MCC,LMP_CONG_PRC,SLAP_PGSF-APND,ALL_APNODES,0,0,12
2021-11-03T21:00:00-00:00,2021-11-03T22:00:00-00:00,2021-11-03,15,0,SLAP_PGSF-APND,SLAP_PGSF-APND,SLAP_PGSF-APND,DAM,MCC,LMP_CONG_PRC,SLAP_PGSF-APND,ALL_APNODES,0,0.73624,12
2021-11-04T04:00:00-00:00,2021-11-04T05:00:00-00:00,2021-11-03,22,0,SLAP_PGSF-APND,SLAP_PGSF-APND,SLAP_PGSF-APND,DAM,MCC,LMP_CONG_PRC,SLAP_PGSF-APND,ALL_APNODES,0,0,12
2021-11-03T16:00:00-00:00,2021-11-03T17:00:00-00:00,2021-11-03,10,0,SLAP_PGSF-APND,SLAP_PGSF-APND,SLAP_PGSF-APND,DAM,MCC,LMP_CONG_PRC,SLAP_PGSF-APND,ALL_APNODES,0,0.09592,12
2021-11-03T22:00:00-00:00,2021-11-03T23:00:00-00:00,2021-11-03,16,0,SLAP_PGSF-APND,SLAP_PGSF-APND,SLAP_PGSF-APND,DAM,MCC,LMP_CONG_PRC,SLAP_PGSF-APND,ALL_APNODES,0,0,12
2021-11-03T13:00:00-00:00,2021-11-03T14:00:00-00:00,2021-11-03,7,0,SLAP_PGSF-APND,SLAP_PGSF-APND,SLAP_PGSF-APND,DAM,MCC,LMP_CONG_PRC,SLAP_PGSF-APND,ALL_APNODES,0,0,12
2021-11-03T17:00:00-00:00,2021-11-03T18:00:00-00:00,2021-11-03,11,0,SLAP_PGSF-APND,SLAP_PGSF-APND,SLAP_PGSF-APND,DAM,MCC,LMP_CONG_PRC,SLAP_PGSF-APND,ALL_APNODES,0,2.35819,12
2021-11-03T14:00:00-00:00,2021-11-03T15:00:00-00:00,2021-11-03,8,0,SLAP_PGSF-APND,SLAP_PGSF-APND,SLAP_PGSF-APND,DAM,MCC,LMP_CONG_PRC,SLAP_PGSF-APND,ALL_APNODES,0,0,12
2021-11-03T23:00:00-00:00,2021-11-04T00:00:00-00:00,2021-11-03,17,0,SLAP_PGSF-APND,SLAP_PGSF-APND,SLAP_PGSF-APND,DAM,MCC,LMP_CONG_PRC,SLAP_PGSF-APND,ALL_APNODES,0,0,12
2021-11-04T00:00:00-00:00,2021-11-04T01:00:00-00:00,2021-11-03,18,0,SLAP_PGSF-APND,SLAP_PGSF-APND,SLAP_PGSF-APND,DAM,MCC,LMP_CONG_PRC,SLAP_PGSF-APND,ALL_APNODES,0,0,12
2021-11-04T01:00:00-00:00,2021-11-04T02:00:00-00:00,2021-11-03,19,0,SLAP_PGSF-APND,SLAP_PGSF-APND,SLAP_PGSF-APND,DAM,MCC,LMP_CONG_PRC,SLAP_PGSF-APND,ALL_APNODES,0,3.85798,12
2021-11-03T07:00:00-00:00,2021-11-03T08:00:00-00:00,2021-11-03,1,0,SLAP_PGSF-APND,SLAP_PGSF-APND,SLAP_PGSF-APND,DAM,MCC,LMP_CONG_PRC,SLAP_PGSF-APND,ALL_APNODES,0,0,12
2021-11-03T09:00:00-00:00,2021-11-03T10:00:00-00:00,2021-11-03,3,0,SLAP_PGSF-APND,SLAP_PGSF-APND,SLAP_PGSF-APND,DAM,MCC,LMP_CONG_PRC,SLAP_PGSF-APND,ALL_APNODES,0,0,12
2021-11-03T12:00:00-00:00,2021-11-03T13:00:00-00:00,2021-11-03,6,0,SLAP_PGSF-APND,SLAP_PGSF-APND,SLAP_PGSF-APND,DAM,MCC,LMP_CONG_PRC,SLAP_PGSF-APND,ALL_APNODES,0,0,12
2021-11-04T03:00:00-00:00,2021-11-04T04:00:00-00:00,2021-11-03,21,0,SLAP_PGSF-APND,SLAP_PGSF-APND,SLAP_PGSF-APND,DAM,MCC,LMP_CONG_PRC,SLAP_PGSF-APND,ALL_APNODES,0,0,12
2021-11-03T11:00:00-00:00,2021-11-03T12:00:00-00:00,2021-11-03,5,0,SLAP_PGSF-APND,SLAP_PGSF-APND,SLAP_PGSF-APND,DAM,MCC,LMP_CONG_PRC,SLAP_PGSF-APND,ALL_APNODES,0,0,12
2021-11-03T19:00:00-00:00,2021-11-03T20:00:00-00:00,2021-11-03,13,0,SLAP_PGSF-APND,SLAP_PGSF-APND,SLAP_PGSF-APND,DAM,MCC,LMP_CONG_PRC,SLAP_PGSF-APND,ALL_APNODES,0,1.66216,12
2021-11-03T10:00:00-00:00,2021-11-03T11:00:00-00:00,2021-11-03,4,0,SLAP_PGSF-APND,SLAP_PGSF-APND,SLAP_PGSF-APND,DAM,MCC,LMP_CONG_PRC,SLAP_PGSF-APND,ALL_APNODES,0,0,12
2021-11-04T06:00:00-00:00,2021-11-04T07:00:00-00:00,2021-11-03,24,0,SLAP_PGSF-APND,SLAP_PGSF-APND,SLAP_PGSF-APND,DAM,MCC,LMP_CONG_PRC,SLAP_PGSF-APND,ALL_APNODES,0,0,12
2021-11-03T18:00:00-00:00,2021-11-03T19:00:00-00:00,2021-11-03,12,0,SLAP_PGSF-APND,SLAP_PGSF-APND,SLAP_PGSF-APND,DAM,MCC,LMP_CONG_PRC,SLAP_PGSF-APND,ALL_APNODES,0,5.7382,12
2021-11-03T15:00:00-00:00,2021-11-03T16:00:00-00:00,2021-11-03,9,0,SLAP_PGSF-APND,SLAP_PGSF-APND,SLAP_PGSF-APND,DAM,MCC,LMP_CONG_PRC,SLAP_PGSF-APND,ALL_APNODES,0,0,12
2021-11-03T11:00:00-00:00,2021-11-03T12:00:00-00:00,2021-11-03,5,0,SLAP_PGSF-APND,SLAP_PGSF-APND,SLAP_PGSF-APND,DAM,MCE,LMP_ENE_PRC,SLAP_PGSF-APND,ALL_APNODES,0,55.42181,13
2021-11-03T19:00:00-00:00,2021-11-03T20:00:00-00:00,2021-11-03,13,0,SLAP_PGSF-APND,SLAP_PGSF-APND,SLAP_PGSF-APND,DAM,MCE,LMP_ENE_PRC,SLAP_PGSF-APND,ALL_APNODES,0,38.5,13
2021-11-03T21:00:00-00:00,2021-11-03T22:00:00-00:00,2021-11-03,15,0,SLAP_PGSF-APND,SLAP_PGSF-APND,SLAP_PGSF-APND,DAM,MCE,LMP_ENE_PRC,SLAP_PGSF-APND,ALL_APNODES,0,48.18454,13
2021-11-03T22:00:00-00:00,2021-11-03T23:00:00-00:00,2021-11-03,16,0,SLAP_PGSF-APND,SLAP_PGSF-APND,SLAP_PGSF-APND,DAM,MCE,LMP_ENE_PRC,SLAP_PGSF-APND,ALL_APNODES,0,54.04903,13
2021-11-04T02:00:00-00:00,2021-11-04T03:00:00-00:00,2021-11-03,20,0,SLAP_PGSF-APND,SLAP_PGSF-APND,SLAP_PGSF-APND,DAM,MCE,LMP_ENE_PRC,SLAP_PGSF-APND,ALL_APNODES,0,96.45868,13
2021-11-03T14:00:00-00:00,2021-11-03T15:00:00-00:00,2021-11-03,8,0,SLAP_PGSF-APND,SLAP_PGSF-APND,SLAP_PGSF-APND,DAM,MCE,LMP_ENE_PRC,SLAP_PGSF-APND,ALL_APNODES,0,83.51184,13
2021-11-04T03:00:00-00:00,2021-11-04T04:00:00-00:00,2021-11-03,21,0,SLAP_PGSF-APND,SLAP_PGSF-APND,SLAP_PGSF-APND,DAM,MCE,LMP_ENE_PRC,SLAP_PGSF-APND,ALL_APNODES,0,84.91731,13
2021-11-03T15:00:00-00:00,2021-11-03T16:00:00-00:00,2021-11-03,9,0,SLAP_PGSF-APND,SLAP_PGSF-APND,SLAP_PGSF-APND,DAM,MCE,LMP_ENE_PRC,SLAP_PGSF-APND,ALL_APNODES,0,66.71362,13
2021-11-03T20:00:00-00:00,2021-11-03T21:00:00-00:00,2021-11-03,14,0,SLAP_PGSF-APND,SLAP_PGSF-APND,SLAP_PGSF-APND,DAM,MCE,LMP_ENE_PRC,SLAP_PGSF-APND,ALL_APNODES,0,44.29962,13
2021-11-04T01:00:00-00:00,2021-11-04T02:00:00-00:00,2021-11-03,19,0,SLAP_PGSF-APND,SLAP_PGSF-APND,SLAP_PGSF-APND,DAM,MCE,LMP_ENE_PRC,SLAP_PGSF-APND,ALL_APNODES,0,122.52815,13
2021-11-03T12:00:00-00:00,2021-11-03T13:00:00-00:00,2021-11-03,6,0,SLAP_PGSF-APND,SLAP_PGSF-APND,SLAP_PGSF-APND,DAM,MCE,LMP_ENE_PRC,SLAP_PGSF-APND,ALL_APNODES,0,67.76485,13
2021-11-03T18:00:00-00:00,2021-11-03T19:00:00-00:00,2021-11-03,12,0,SLAP_PGSF-APND,SLAP_PGSF-APND,SLAP_PGSF-APND,DAM,MCE,LMP_ENE_PRC,SLAP_PGSF-APND,ALL_APNODES,0,39.98903,13
2021-11-04T00:00:00-00:00,2021-11-04T01:00:00-00:00,2021-11-03,18,0,SLAP_PGSF-APND,SLAP_PGSF-APND,SLAP_PGSF-APND,DAM,MCE,LMP_ENE_PRC,SLAP_PGSF-APND,ALL_APNODES,0,104.03507,13
2021-11-03T09:00:00-00:00,2021-11-03T10:00:00-00:00,2021-11-03,3,0,SLAP_PGSF-APND,SLAP_PGSF-APND,SLAP_PGSF-APND,DAM,MCE,LMP_ENE_PRC,SLAP_PGSF-APND,ALL_APNODES,0,54.51,13
2021-11-04T06:00:00-00:00,2021-11-04T07:00:00-00:00,2021-11-03,24,0,SLAP_PGSF-APND,SLAP_PGSF-APND,SLAP_PGSF-APND,DAM,MCE,LMP_ENE_PRC,SLAP_PGSF-APND,ALL_APNODES,0,64.78579,13
2021-11-03T13:00:00-00:00,2021-11-03T14:00:00-00:00,2021-11-03,7,0,SLAP_PGSF-APND,SLAP_PGSF-APND,SLAP_PGSF-APND,DAM,MCE,LMP_ENE_PRC,SLAP_PGSF-APND,ALL_APNODES,0,78.97231,13
2021-11-04T05:00:00-00:00,2021-11-04T06:00:00-00:00,2021-11-03,23,0,SLAP_PGSF-APND,SLAP_PGSF-APND,SLAP_PGSF-APND,DAM,MCE,LMP_ENE_PRC,SLAP_PGSF-APND,ALL_APNODES,0,70.65275,13
2021-11-03T16:00:00-00:00,2021-11-03T17:00:00-00:00,2021-11-03,10,0,SLAP_PGSF-APND,SLAP_PGSF-APND,SLAP_PGSF-APND,DAM,MCE,LMP_ENE_PRC,SLAP_PGSF-APND,ALL_APNODES,0,52.23119,13
2021-11-03T23:00:00-00:00,2021-11-04T00:00:00-00:00,2021-11-03,17,0,SLAP_PGSF-APND,SLAP_PGSF-APND,SLAP_PGSF-APND,DAM,MCE,LMP_ENE_PRC,SLAP_PGSF-APND,ALL_APNODES,0,69.35687,13
2021-11-03T07:00:00-00:00,2021-11-03T08:00:00-00:00,2021-11-03,1,0,SLAP_PGSF-APND,SLAP_PGSF-APND,SLAP_PGSF-APND,DAM,MCE,LMP_ENE_PRC,SLAP_PGSF-APND,ALL_APNODES,0,62.88228,13
2021-11-03T08:00:00-00:00,2021-11-03T09:00:00-00:00,2021-11-03,2,0,SLAP_PGSF-APND,SLAP_PGSF-APND,SLAP_PGSF-APND,DAM,MCE,LMP_ENE_PRC,SLAP_PGSF-APND,ALL_APNODES,0,56.6156,13
2021-11-03T10:00:00-00:00,2021-11-03T11:00:00-00:00,2021-11-03,4,0,SLAP_PGSF-APND,SLAP_PGSF-APND,SLAP_PGSF-APND,DAM,MCE,LMP_ENE_PRC,SLAP_PGSF-APND,ALL_APNODES,0,54.02654,13
2021-11-03T17:00:00-00:00,2021-11-03T18:00:00-00:00,2021-11-03,11,0,SLAP_PGSF-APND,SLAP_PGSF-APND,SLAP_PGSF-APND,DAM,MCE,LMP_ENE_PRC,SLAP_PGSF-APND,ALL_APNODES,0,45.68394,13
2021-11-04T04:00:00-00:00,2021-11-04T05:00:00-00:00,2021-11-03,22,0,SLAP_PGSF-APND,SLAP_PGSF-APND,SLAP_PGSF-APND,DAM,MCE,LMP_ENE_PRC,SLAP_PGSF-APND,ALL_APNODES,0,79.28229,13
2021-11-04T00:00:00-00:00,2021-11-04T01:00:00-00:00,2021-11-03,18,0,SLAP_PGSF-APND,SLAP_PGSF-APND,SLAP_PGSF-APND,DAM,MCL,LMP_LOSS_PRC,SLAP_PGSF-APND,ALL_APNODES,0,4.17181,14
2021-11-03T15:00:00-00:00,2021-11-03T16:00:00-00:00,2021-11-03,9,0,SLAP_PGSF-APND,SLAP_PGSF-APND,SLAP_PGSF-APND,DAM,MCL,LMP_LOSS_PRC,SLAP_PGSF-APND,ALL_APNODES,0,4.13624,14
2021-11-04T04:00:00-00:00,2021-11-04T05:00:00-00:00,2021-11-03,22,0,SLAP_PGSF-APND,SLAP_PGSF-APND,SLAP_PGSF-APND,DAM,MCL,LMP_LOSS_PRC,SLAP_PGSF-APND,ALL_APNODES,0,1.80764,14
2021-11-03T11:00:00-00:00,2021-11-03T12:00:00-00:00,2021-11-03,5,0,SLAP_PGSF-APND,SLAP_PGSF-APND,SLAP_PGSF-APND,DAM,MCL,LMP_LOSS_PRC,SLAP_PGSF-APND,ALL_APNODES,0,0,14
2021-11-04T06:00:00-00:00,2021-11-04T07:00:00-00:00,2021-11-03,24,0,SLAP_PGSF-APND,SLAP_PGSF-APND,SLAP_PGSF-APND,DAM,MCL,LMP_LOSS_PRC,SLAP_PGSF-APND,ALL_APNODES,0,1.60669,14
2021-11-04T05:00:00-00:00,2021-11-04T06:00:00-00:00,2021-11-03,23,0,SLAP_PGSF-APND,SLAP_PGSF-APND,SLAP_PGSF-APND,DAM,MCL,LMP_LOSS_PRC,SLAP_PGSF-APND,ALL_APNODES,0,1.45545,14
2021-11-03T23:00:00-00:00,2021-11-04T00:00:00-00:00,2021-11-03,17,0,SLAP_PGSF-APND,SLAP_PGSF-APND,SLAP_PGSF-APND,DAM,MCL,LMP_LOSS_PRC,SLAP_PGSF-APND,ALL_APNODES,0,4.44578,14
2021-11-03T22:00:00-00:00,2021-11-03T23:00:00-00:00,2021-11-03,16,0,SLAP_PGSF-APND,SLAP_PGSF-APND,SLAP_PGSF-APND,DAM,MCL,LMP_LOSS_PRC,SLAP_PGSF-APND,ALL_APNODES,0,4.43743,14
2021-11-03T20:00:00-00:00,2021-11-03T21:00:00-00:00,2021-11-03,14,0,SLAP_PGSF-APND,SLAP_PGSF-APND,SLAP_PGSF-APND,DAM,MCL,LMP_LOSS_PRC,SLAP_PGSF-APND,ALL_APNODES,0,5.00143,14
2021-11-03T19:00:00-00:00,2021-11-03T20:00:00-00:00,2021-11-03,13,0,SLAP_PGSF-APND,SLAP_PGSF-APND,SLAP_PGSF-APND,DAM,MCL,LMP_LOSS_PRC,SLAP_PGSF-APND,ALL_APNODES,0,0,14
2021-11-03T12:00:00-00:00,2021-11-03T13:00:00-00:00,2021-11-03,6,0,SLAP_PGSF-APND,SLAP_PGSF-APND,SLAP_PGSF-APND,DAM,MCL,LMP_LOSS_PRC,SLAP_PGSF-APND,ALL_APNODES,0,1.78222,14
2021-11-03T18:00:00-00:00,2021-11-03T19:00:00-00:00,2021-11-03,12,0,SLAP_PGSF-APND,SLAP_PGSF-APND,SLAP_PGSF-APND,DAM,MCL,LMP_LOSS_PRC,SLAP_PGSF-APND,ALL_APNODES,0,0,14
2021-11-03T17:00:00-00:00,2021-11-03T18:00:00-00:00,2021-11-03,11,0,SLAP_PGSF-APND,SLAP_PGSF-APND,SLAP_PGSF-APND,DAM,MCL,LMP_LOSS_PRC,SLAP_PGSF-APND,ALL_APNODES,0,4.69631,14
2021-11-03T16:00:00-00:00,2021-11-03T17:00:00-00:00,2021-11-03,10,0,SLAP_PGSF-APND,SLAP_PGSF-APND,SLAP_PGSF-APND,DAM,MCL,LMP_LOSS_PRC,SLAP_PGSF-APND,ALL_APNODES,0,4.42398,14
2021-11-04T03:00:00-00:00,2021-11-04T04:00:00-00:00,2021-11-03,21,0,SLAP_PGSF-APND,SLAP_PGSF-APND,SLAP_PGSF-APND,DAM,MCL,LMP_LOSS_PRC,SLAP_PGSF-APND,ALL_APNODES,0,2.54752,14
2021-11-03T21:00:00-00:00,2021-11-03T22:00:00-00:00,2021-11-03,15,0,SLAP_PGSF-APND,SLAP_PGSF-APND,SLAP_PGSF-APND,DAM,MCL,LMP_LOSS_PRC,SLAP_PGSF-APND,ALL_APNODES,0,4.751,14
2021-11-03T14:00:00-00:00,2021-11-03T15:00:00-00:00,2021-11-03,8,0,SLAP_PGSF-APND,SLAP_PGSF-APND,SLAP_PGSF-APND,DAM,MCL,LMP_LOSS_PRC,SLAP_PGSF-APND,ALL_APNODES,0,0,14
2021-11-03T13:00:00-00:00,2021-11-03T14:00:00-00:00,2021-11-03,7,0,SLAP_PGSF-APND,SLAP_PGSF-APND,SLAP_PGSF-APND,DAM,MCL,LMP_LOSS_PRC,SLAP_PGSF-APND,ALL_APNODES,0,1.50837,14
2021-11-03T10:00:00-00:00,2021-11-03T11:00:00-00:00,2021-11-03,4,0,SLAP_PGSF-APND,SLAP_PGSF-APND,SLAP_PGSF-APND,DAM,MCL,LMP_LOSS_PRC,SLAP_PGSF-APND,ALL_APNODES,0,0,14
2021-11-03T08:00:00-00:00,2021-11-03T09:00:00-00:00,2021-11-03,2,0,SLAP_PGSF-APND,SLAP_PGSF-APND,SLAP_PGSF-APND,DAM,MCL,LMP_LOSS_PRC,SLAP_PGSF-APND,ALL_APNODES,0,0,14
2021-11-03T07:00:00-00:00,2021-11-03T08:00:00-00:00,2021-11-03,1,0,SLAP_PGSF-APND,SLAP_PGSF-APND,SLAP_PGSF-APND,DAM,MCL,LMP_LOSS_PRC,SLAP_PGSF-APND,ALL_APNODES,0,1.67267,14
2021-11-04T01:00:00-00:00,2021-11-04T02:00:00-00:00,2021-11-03,19,0,SLAP_PGSF-APND,SLAP_PGSF-APND,SLAP_PGSF-APND,DAM,MCL,LMP_LOSS_PRC,SLAP_PGSF-APND,ALL_APNODES,0,5.04816,14
2021-11-03T09:00:00-00:00,2021-11-03T10:00:00-00:00,2021-11-03,3,0,SLAP_PGSF-APND,SLAP_PGSF-APND,SLAP_PGSF-APND,DAM,MCL,LMP_LOSS_PRC,SLAP_PGSF-APND,ALL_APNODES,0,0,14
2021-11-04T02:00:00-00:00,2021-11-04T03:00:00-00:00,2021-11-03,20,0,SLAP_PGSF-APND,SLAP_PGSF-APND,SLAP_PGSF-APND,DAM,MCL,LMP_LOSS_PRC,SLAP_PGSF-APND,ALL_APNODES,0,3.10597,14
2021-11-04T05:00:00-00:00,2021-11-04T06:00:00-00:00,2021-11-03,23,0,SLAP_PGSF-APND,SLAP_PGSF-APND,SLAP_PGSF-APND,DAM,MGHG,LMP_GHG_PRC,SLAP_PGSF-APND,ALL_APNODES,0,0,15
2021-11-03T21:00:00-00:00,2021-11-03T22:00:00-00:00,2021-11-03,15,0,SLAP_PGSF-APND,SLAP_PGSF-APND,SLAP_PGSF-APND,DAM,MGHG,LMP_GHG_PRC,SLAP_PGSF-APND,ALL_APNODES,0,0,15
2021-11-03T08:00:00-00:00,2021-11-03T09:00:00-00:00,2021-11-03,2,0,SLAP_PGSF-APND,SLAP_PGSF-APND,SLAP_PGSF-APND,DAM,MGHG,LMP_GHG_PRC,SLAP_PGSF-APND,ALL_APNODES,0,0,15
2021-11-04T00:00:00-00:00,2021-11-04T01:00:00-00:00,2021-11-03,18,0,SLAP_PGSF-APND,SLAP_PGSF-APND,SLAP_PGSF-APND,DAM,MGHG,LMP_GHG_PRC,SLAP_PGSF-APND,ALL_APNODES,0,0,15
2021-11-03T10:00:00-00:00,2021-11-03T11:00:00-00:00,2021-11-03,4,0,SLAP_PGSF-APND,SLAP_PGSF-APND,SLAP_PGSF-APND,DAM,MGHG,LMP_GHG_PRC,SLAP_PGSF-APND,ALL_APNODES,0,0,15
2021-11-03T14:00:00-00:00,2021-11-03T15:00:00-00:00,2021-11-03,8,0,SLAP_PGSF-APND,SLAP_PGSF-APND,SLAP_PGSF-APND,DAM,MGHG,LMP_GHG_PRC,SLAP_PGSF-APND,ALL_APNODES,0,0,15
2021-11-03T20:00:00-00:00,2021-11-03T21:00:00-00:00,2021-11-03,14,0,SLAP_PGSF-APND,SLAP_PGSF-APND,SLAP_PGSF-APND,DAM,MGHG,LMP_GHG_PRC,SLAP_PGSF-APND,ALL_APNODES,0,0,15
2021-11-03T07:00:00-00:00,2021-11-03T08:00:00-00:00,2021-11-03,1,0,SLAP_PGSF-APND,SLAP_PGSF-APND,SLAP_PGSF-APND,DAM,MGHG,LMP_GHG_PRC,SLAP_PGSF-APND,ALL_APNODES,0,0,15
2021-11-04T06:00:00-00:00,2021-11-04T07:00:00-00:00,2021-11-03,24,0,SLAP_PGSF-APND,SLAP_PGSF-APND,SLAP_PGSF-APND,DAM,MGHG,LMP_GHG_PRC,SLAP_PGSF-APND,ALL_APNODES,0,0,15
2021-11-04T04:00:00-00:00,2021-11-04T05:00:00-00:00,2021-11-03,22,0,SLAP_PGSF-APND,SLAP_PGSF-APND,SLAP_PGSF-APND,DAM,MGHG,LMP_GHG_PRC,SLAP_PGSF-APND,ALL_APNODES,0,0,15
2021-11-03T23:00:00-00:00,2021-11-04T00:00:00-00:00,2021-11-03,17,0,SLAP_PGSF-APND,SLAP_PGSF-APND,SLAP_PGSF-APND,DAM,MGHG,LMP_GHG_PRC,SLAP_PGSF-APND,ALL_APNODES,0,0,15
2021-11-03T12:00:00-00:00,2021-11-03T13:00:00-00:00,2021-11-03,6,0,SLAP_PGSF-APND,SLAP_PGSF-APND,SLAP_PGSF-APND,DAM,MGHG,LMP_GHG_PRC,SLAP_PGSF-APND,ALL_APNODES,0,0,15
2021-11-03T17:00:00-00:00,2021-11-03T18:00:00-00:00,2021-11-03,11,0,SLAP_PGSF-APND,SLAP_PGSF-APND,SLAP_PGSF-APND,DAM,MGHG,LMP_GHG_PRC,SLAP_PGSF-APND,ALL_APNODES,0,0,15
2021-11-03T09:00:00-00:00,2021-11-03T10:00:00-00:00,2021-11-03,3,0,SLAP_PGSF-APND,SLAP_PGSF-APND,SLAP_PGSF-APND,DAM,MGHG,LMP_GHG_PRC,SLAP_PGSF-APND,ALL_APNODES,0,0,15
2021-11-04T03:00:00-00:00,2021-11-04T04:00:00-00:00,2021-11-03,21,0,SLAP_PGSF-APND,SLAP_PGSF-APND,SLAP_PGSF-APND,DAM,MGHG,LMP_GHG_PRC,SLAP_PGSF-APND,ALL_APNODES,0,0,15
2021-11-03T16:00:00-00:00,2021-11-03T17:00:00-00:00,2021-11-03,10,0,SLAP_PGSF-APND,SLAP_PGSF-APND,SLAP_PGSF-APND,DAM,MGHG,LMP_GHG_PRC,SLAP_PGSF-APND,ALL_APNODES,0,0,15
2021-11-04T02:00:00-00:00,2021-11-04T03:00:00-00:00,2021-11-03,20,0,SLAP_PGSF-APND,SLAP_PGSF-APND,SLAP_PGSF-APND,DAM,MGHG,LMP_GHG_PRC,SLAP_PGSF-APND,ALL_APNODES,0,0,15
2021-11-04T01:00:00-00:00,2021-11-04T02:00:00-00:00,2021-11-03,19,0,SLAP_PGSF-APND,SLAP_PGSF-APND,SLAP_PGSF-APND,DAM,MGHG,LMP_GHG_PRC,SLAP_PGSF-APND,ALL_APNODES,0,0,15
2021-11-03T18:00:00-00:00,2021-11-03T19:00:00-00:00,2021-11-03,12,0,SLAP_PGSF-APND,SLAP_PGSF-APND,SLAP_PGSF-APND,DAM,MGHG,LMP_GHG_PRC,SLAP_PGSF-APND,ALL_APNODES,0,0,15
2021-11-03T15:00:00-00:00,2021-11-03T16:00:00-00:00,2021-11-03,9,0,SLAP_PGSF-APND,SLAP_PGSF-APND,SLAP_PGSF-APND,DAM,MGHG,LMP_GHG_PRC,SLAP_PGSF-APND,ALL_APNODES,0,0,15
2021-11-03T11:00:00-00:00,2021-11-03T12:00:00-00:00,2021-11-03,5,0,SLAP_PGSF-APND,SLAP_PGSF-APND,SLAP_PGSF-APND,DAM,MGHG,LMP_GHG_PRC,SLAP_PGSF-APND,ALL_APNODES,0,0,15
2021-11-03T22:00:00-00:00,2021-11-03T23:00:00-00:00,2021-11-03,16,0,SLAP_PGSF-APND,SLAP_PGSF-APND,SLAP_PGSF-APND,DAM,MGHG,LMP_GHG_PRC,SLAP_PGSF-APND,ALL_APNODES,0,0,15
2021-11-03T19:00:00-00:00,2021-11-03T20:00:00-00:00,2021-11-03,13,0,SLAP_PGSF-APND,SLAP_PGSF-APND,SLAP_PGSF-APND,DAM,MGHG,LMP_GHG_PRC,SLAP_PGSF-APND,ALL_APNODES,0,0,15
2021-11-03T13:00:00-00:00,2021-11-03T14:00:00-00:00,2021-11-03,7,0,SLAP_PGSF-APND,SLAP_PGSF-APND,SLAP_PGSF-APND,DAM,MGHG,LMP_GHG_PRC,SLAP_PGSF-APND,ALL_APNODES,0,0,15
2021-11-05T05:00:00-00:00,2021-11-05T06:00:00-00:00,2021-11-04,23,0,SLAP_PGSF-APND,SLAP_PGSF-APND,SLAP_PGSF-APND,DAM,LMP,LMP_PRC,SLAP_PGSF-APND,ALL_APNODES,0,64.17522,16
2021-11-04T23:00:00-00:00,2021-11-05T00:00:00-00:00,2021-11-04,17,0,SLAP_PGSF-APND,SLAP_PGSF-APND,SLAP_PGSF-APND,DAM,LMP,LMP_PRC,SLAP_PGSF-APND,ALL_APNODES,0,62.02287,16
2021-11-05T04:00:00-00:00,2021-11-05T05:00:00-00:00,2021-11-04,22,0,SLAP_PGSF-APND,SLAP_PGSF-APND,SLAP_PGSF-APND,DAM,LMP,LMP_PRC,SLAP_PGSF-APND,ALL_APNODES,0,71.16122,16
2021-11-04T11:00:00-00:00,2021-11-04T12:00:00-00:00,2021-11-04,5,0,SLAP_PGSF-APND,SLAP_PGSF-APND,SLAP_PGSF-APND,DAM,LMP,LMP_PRC,SLAP_PGSF-APND,ALL_APNODES,0,54.37955,16
2021-11-04T12:00:00-00:00,2021-11-04T13:00:00-00:00,2021-11-04,6,0,SLAP_PGSF-APND,SLAP_PGSF-APND,SLAP_PGSF-APND,DAM,LMP,LMP_PRC,SLAP_PGSF-APND,ALL_APNODES,0,58.12598,16
2021-11-05T03:00:00-00:00,2021-11-05T04:00:00-00:00,2021-11-04,21,0,SLAP_PGSF-APND,SLAP_PGSF-APND,SLAP_PGSF-APND,DAM,LMP,LMP_PRC,SLAP_PGSF-APND,ALL_APNODES,0,74.66541,16
2021-11-04T14:00:00-00:00,2021-11-04T15:00:00-00:00,2021-11-04,8,0,SLAP_PGSF-APND,SLAP_PGSF-APND,SLAP_PGSF-APND,DAM,LMP,LMP_PRC,SLAP_PGSF-APND,ALL_APNODES,0,83.15066,16
2021-11-04T13:00:00-00:00,2021-11-04T14:00:00-00:00,2021-11-04,7,0,SLAP_PGSF-APND,SLAP_PGSF-APND,SLAP_PGSF-APND,DAM,LMP,LMP_PRC,SLAP_PGSF-APND,ALL_APNODES,0,73.39423,16
2021-11-04T20:00:00-00:00,2021-11-04T21:00:00-00:00,2021-11-04,14,0,SLAP_PGSF-APND,SLAP_PGSF-APND,SLAP_PGSF-APND,DAM,LMP,LMP_PRC,SLAP_PGSF-APND,ALL_APNODES,0,45.51492,16
2021-11-04T15:00:00-00:00,2021-11-04T16:00:00-00:00,2021-11-04,9,0,SLAP_PGSF-APND,SLAP_PGSF-APND,SLAP_PGSF-APND,DAM,LMP,LMP_PRC,SLAP_PGSF-APND,ALL_APNODES,0,65.37025,16
2021-11-04T17:00:00-00:00,2021-11-04T18:00:00-00:00,2021-11-04,11,0,SLAP_PGSF-APND,SLAP_PGSF-APND,SLAP_PGSF-APND,DAM,LMP,LMP_PRC,SLAP_PGSF-APND,ALL_APNODES,0,56.43127,16
2021-11-04T10:00:00-00:00,2021-11-04T11:00:00-00:00,2021-11-04,4,0,SLAP_PGSF-APND,SLAP_PGSF-APND,SLAP_PGSF-APND,DAM,LMP,LMP_PRC,SLAP_PGSF-APND,ALL_APNODES,0,52.92607,16
2021-11-04T09:00:00-00:00,2021-11-04T10:00:00-00:00,2021-11-04,3,0,SLAP_PGSF-APND,SLAP_PGSF-APND,SLAP_PGSF-APND,DAM,LMP,LMP_PRC,SLAP_PGSF-APND,ALL_APNODES,0,53.36047,16
2021-11-04T08:00:00-00:00,2021-11-04T09:00:00-00:00,2021-11-04,2,0,SLAP_PGSF-APND,SLAP_PGSF-APND,SLAP_PGSF-APND,DAM,LMP,LMP_PRC,SLAP_PGSF-APND,ALL_APNODES,0,55.16289,16
2021-11-04T07:00:00-00:00,2021-11-04T08:00:00-00:00,2021-11-04,1,0,SLAP_PGSF-APND,SLAP_PGSF-APND,SLAP_PGSF-APND,DAM,LMP,LMP_PRC,SLAP_PGSF-APND,ALL_APNODES,0,57.42445,16
2021-11-05T01:00:00-00:00,2021-11-05T02:00:00-00:00,2021-11-04,19,0,SLAP_PGSF-APND,SLAP_PGSF-APND,SLAP_PGSF-APND,DAM,LMP,LMP_PRC,SLAP_PGSF-APND,ALL_APNODES,0,102.80475,16
2021-11-04T21:00:00-00:00,2021-11-04T22:00:00-00:00,2021-11-04,15,0,SLAP_PGSF-APND,SLAP_PGSF-APND,SLAP_PGSF-APND,DAM,LMP,LMP_PRC,SLAP_PGSF-APND,ALL_APNODES,0,45.55388,16
2021-11-05T06:00:00-00:00,2021-11-05T07:00:00-00:00,2021-11-04,24,0,SLAP_PGSF-APND,SLAP_PGSF-APND,SLAP_PGSF-APND,DAM,LMP,LMP_PRC,SLAP_PGSF-APND,ALL_APNODES,0,60.41843,16
2021-11-04T22:00:00-00:00,2021-11-04T23:00:00-00:00,2021-11-04,16,0,SLAP_PGSF-APND,SLAP_PGSF-APND,SLAP_PGSF-APND,DAM,LMP,LMP_PRC,SLAP_PGSF-APND,ALL_APNODES,0,52.73647,16
2021-11-05T02:00:00-00:00,2021-11-05T03:00:00-00:00,2021-11-04,20,0,SLAP_PGSF-APND,SLAP_PGSF-APND,SLAP_PGSF-APND,DAM,LMP,LMP_PRC,SLAP_PGSF-APND,ALL_APNODES,0,82.15178,16
2021-11-04T16:00:00-00:00,2021-11-04T17:00:00-00:00,2021-11-04,10,0,SLAP_PGSF-APND,SLAP_PGSF-APND,SLAP_PGSF-APND,DAM,LMP,LMP_PRC,SLAP_PGSF-APND,ALL_APNODES,0,53.8303,16
2021-11-04T19:00:00-00:00,2021-11-04T20:00:00-00:00,2021-11-04,13,0,SLAP_PGSF-APND,SLAP_PGSF-APND,SLAP_PGSF-APND,DAM,LMP,LMP_PRC,SLAP_PGSF-APND,ALL_APNODES,0,46.42165,16
2021-11-04T18:00:00-00:00,2021-11-04T19:00:00-00:00,2021-11-04,12,0,SLAP_PGSF-APND,SLAP_PGSF-APND,SLAP_PGSF-APND,DAM,LMP,LMP_PRC,SLAP_PGSF-APND,ALL_APNODES,0,48.63539,16
2021-11-05T00:00:00-00:00,2021-11-05T01:00:00-00:00,2021-11-04,18,0,SLAP_PGSF-APND,SLAP_PGSF-APND,SLAP_PGSF-APND,DAM,LMP,LMP_PRC,SLAP_PGSF-APND,ALL_APNODES,0,84.63308,16
2021-11-04T21:00:00-00:00,2021-11-04T22:00:00-00:00,2021-11-04,15,0,SLAP_PGSF-APND,SLAP_PGSF-APND,SLAP_PGSF-APND,DAM,MCC,LMP_CONG_PRC,SLAP_PGSF-APND,ALL_APNODES,0,0,17
2021-11-05T04:00:00-00:00,2021-11-05T05:00:00-00:00,2021-11-04,22,0,SLAP_PGSF-APND,SLAP_PGSF-APND,SLAP_PGSF-APND,DAM,MCC,LMP_CONG_PRC,SLAP_PGSF-APND,ALL_APNODES,0,0,17
2021-11-04T10:00:00-00:00,2021-11-04T11:00:00-00:00,2021-11-04,4,0,SLAP_PGSF-APND,SLAP_PGSF-APND,SLAP_PGSF-APND,DAM,MCC,LMP_CONG_PRC,SLAP_PGSF-APND,ALL_APNODES,0,0,17
2021-11-04T08:00:00-00:00,2021-11-04T09:00:00-00:00,2021-11-04,2,0,SLAP_PGSF-APND,SLAP_PGSF-APND,SLAP_PGSF-APND,DAM,MCC,LMP_CONG_PRC,SLAP_PGSF-APND,ALL_APNODES,0,0,17
2021-11-04T07:00:00-00:00,2021-11-04T08:00:00-00:00,2021-11-04,1,0,SLAP_PGSF-APND,SLAP_PGSF-APND,SLAP_PGSF-APND,DAM,MCC,LMP_CONG_PRC,SLAP_PGSF-APND,ALL_APNODES,0,0,17
2021-11-04T22:00:00-00:00,2021-11-04T23:00:00-00:00,2021-11-04,16,0,SLAP_PGSF-APND,SLAP_PGSF-APND,SLAP_PGSF-APND,DAM,MCC,LMP_CONG_PRC,SLAP_PGSF-APND,ALL_APNODES,0,0,17
2021-11-05T03:00:00-00:00,2021-11-05T04:00:00-00:00,2021-11-04,21,0,SLAP_PGSF-APND,SLAP_PGSF-APND,SLAP_PGSF-APND,DAM,MCC,LMP_CONG_PRC,SLAP_PGSF-APND,ALL_APNODES,0,0,17
2021-11-04T23:00:00-00:00,2021-11-05T00:00:00-00:00,2021-11-04,17,0,SLAP_PGSF-APND,SLAP_PGSF-APND,SLAP_PGSF-APND,DAM,MCC,LMP_CONG_PRC,SLAP_PGSF-APND,ALL_APNODES,0,0,17
2021-11-04T20:00:00-00:00,2021-11-04T21:00:00-00:00,2021-11-04,14,0,SLAP_PGSF-APND,SLAP_PGSF-APND,SLAP_PGSF-APND,DAM,MCC,LMP_CONG_PRC,SLAP_PGSF-APND,ALL_APNODES,0,3.59579,17
2021-11-04T18:00:00-00:00,2021-11-04T19:00:00-00:00,2021-11-04,12,0,SLAP_PGSF-APND,SLAP_PGSF-APND,SLAP_PGSF-APND,DAM,MCC,LMP_CONG_PRC,SLAP_PGSF-APND,ALL_APNODES,0,5.59226,17
2021-11-04T17:00:00-00:00,2021-11-04T18:00:00-00:00,2021-11-04,11,0,SLAP_PGSF-APND,SLAP_PGSF-APND,SLAP_PGSF-APND,DAM,MCC,LMP_CONG_PRC,SLAP_PGSF-APND,ALL_APNODES,0,10.37315,17
2021-11-04T14:00:00-00:00,2021-11-04T15:00:00-00:00,2021-11-04,8,0,SLAP_PGSF-APND,SLAP_PGSF-APND,SLAP_PGSF-APND,DAM,MCC,LMP_CONG_PRC,SLAP_PGSF-APND,ALL_APNODES,0,0,17
2021-11-04T12:00:00-00:00,2021-11-04T13:00:00-00:00,2021-11-04,6,0,SLAP_PGSF-APND,SLAP_PGSF-APND,SLAP_PGSF-APND,DAM,MCC,LMP_CONG_PRC,SLAP_PGSF-APND,ALL_APNODES,0,0,17
2021-11-04T09:00:00-00:00,2021-11-04T10:00:00-00:00,2021-11-04,3,0,SLAP_PGSF-APND,SLAP_PGSF-APND,SLAP_PGSF-APND,DAM,MCC,LMP_CONG_PRC,SLAP_PGSF-APND,ALL_APNODES,0,0,17
2021-11-04T19:00:00-00:00,2021-11-04T20:00:00-00:00,2021-11-04,13,0,SLAP_PGSF-APND,SLAP_PGSF-APND,SLAP_PGSF-APND,DAM,MCC,LMP_CONG_PRC,SLAP_PGSF-APND,ALL_APNODES,0,5.80683,17
2021-11-05T06:00:00-00:00,2021-11-05T07:00:00-00:00,2021-11-04,24,0,SLAP_PGSF-APND,SLAP_PGSF-APND,SLAP_PGSF-APND,DAM,MCC,LMP_CONG_PRC,SLAP_PGSF-APND,ALL_APNODES,0,0,17
2021-11-05T05:00:00-00:00,2021-11-05T06:00:00-00:00,2021-11-04,23,0,SLAP_PGSF-APND,SLAP_PGSF-APND,SLAP_PGSF-APND,DAM,MCC,LMP_CONG_PRC,SLAP_PGSF-APND,ALL_APNODES,0,0,17
2021-11-04T11:00:00-00:00,2021-11-04T12:00:00-00:00,2021-11-04,5,0,SLAP_PGSF-APND,SLAP_PGSF-APND,SLAP_PGSF-APND,DAM,MCC,LMP_CONG_PRC,SLAP_PGSF-APND,ALL_APNODES,0,0,17
2021-11-05T02:00:00-00:00,2021-11-05T03:00:00-00:00,2021-11-04,20,0,SLAP_PGSF-APND,SLAP_PGSF-APND,SLAP_PGSF-APND,DAM,MCC,LMP_CONG_PRC,SLAP_PGSF-APND,ALL_APNODES,0,0,17
2021-11-05T01:00:00-00:00,2021-11-05T02:00:00-00:00,2021-11-04,19,0,SLAP_PGSF-APND,SLAP_PGSF-APND,SLAP_PGSF-APND,DAM,MCC,LMP_CONG_PRC,SLAP_PGSF-APND,ALL_APNODES,0,4.26507,17
2021-11-05T00:00:00-00:00,2021-11-05T01:00:00-00:00,2021-11-04,18,0,SLAP_PGSF-APND,SLAP_PGSF-APND,SLAP_PGSF-APND,DAM,MCC,LMP_CONG_PRC,SLAP_PGSF-APND,ALL_APNODES,0,0,17
2021-11-04T15:00:00-00:00,2021-11-04T16:00:00-00:00,2021-11-04,9,0,SLAP_PGSF-APND,SLAP_PGSF-APND,SLAP_PGSF-APND,DAM,MCC,LMP_CONG_PRC,SLAP_PGSF-APND,ALL_APNODES,0,1.09502,17
2021-11-04T13:00:00-00:00,2021-11-04T14:00:00-00:00,2021-11-04,7,0,SLAP_PGSF-APND,SLAP_PGSF-APND,SLAP_PGSF-APND,DAM,MCC,LMP_CONG_PRC,SLAP_PGSF-APND,ALL_APNODES,0,0,17
2021-11-04T16:00:00-00:00,2021-11-04T17:00:00-00:00,2021-11-04,10,0,SLAP_PGSF-APND,SLAP_PGSF-APND,SLAP_PGSF-APND,DAM,MCC,LMP_CONG_PRC,SLAP_PGSF-APND,ALL_APNODES,0,2.09534,17
2021-11-04T07:00:00-00:00,2021-11-04T08:00:00-00:00,2021-11-04,1,0,SLAP_PGSF-APND,SLAP_PGSF-APND,SLAP_PGSF-APND,DAM,MCE,LMP_ENE_PRC,SLAP_PGSF-APND,ALL_APNODES,0,56.26538,18
2021-11-04T10:00:00-00:00,2021-11-04T11:00:00-00:00,2021-11-04,4,0,SLAP_PGSF-APND,SLAP_PGSF-APND,SLAP_PGSF-APND,DAM,MCE,LMP_ENE_PRC,SLAP_PGSF-APND,ALL_APNODES,0,51.7665,18
2021-11-04T17:00:00-00:00,2021-11-04T18:00:00-00:00,2021-11-04,11,0,SLAP_PGSF-APND,SLAP_PGSF-APND,SLAP_PGSF-APND,DAM,MCE,LMP_ENE_PRC,SLAP_PGSF-APND,ALL_APNODES,0,41.59497,18
2021-11-04T22:00:00-00:00,2021-11-04T23:00:00-00:00,2021-11-04,16,0,SLAP_PGSF-APND,SLAP_PGSF-APND,SLAP_PGSF-APND,DAM,MCE,LMP_ENE_PRC,SLAP_PGSF-APND,ALL_APNODES,0,48.74431,18
2021-11-05T03:00:00-00:00,2021-11-05T04:00:00-00:00,2021-11-04,21,0,SLAP_PGSF-APND,SLAP_PGSF-APND,SLAP_PGSF-APND,DAM,MCE,LMP_ENE_PRC,SLAP_PGSF-APND,ALL_APNODES,0,72.98672,18
2021-11-04T18:00:00-00:00,2021-11-04T19:00:00-00:00,2021-11-04,12,0,SLAP_PGSF-APND,SLAP_PGSF-APND,SLAP_PGSF-APND,DAM,MCE,LMP_ENE_PRC,SLAP_PGSF-APND,ALL_APNODES,0,38.85109,18
2021-11-05T00:00:00-00:00,2021-11-05T01:00:00-00:00,2021-11-04,18,0,SLAP_PGSF-APND,SLAP_PGSF-APND,SLAP_PGSF-APND,DAM,MCE,LMP_ENE_PRC,SLAP_PGSF-APND,ALL_APNODES,0,81.42494,18
2021-11-05T02:00:00-00:00,2021-11-05T03:00:00-00:00,2021-11-04,20,0,SLAP_PGSF-APND,SLAP_PGSF-APND,SLAP_PGSF-APND,DAM,MCE,LMP_ENE_PRC,SLAP_PGSF-APND,ALL_APNODES,0,79.992,18
2021-11-04T12:00:00-00:00,2021-11-04T13:00:00-00:00,2021-11-04,6,0,SLAP_PGSF-APND,SLAP_PGSF-APND,SLAP_PGSF-APND,DAM,MCE,LMP_ENE_PRC,SLAP_PGSF-APND,ALL_APNODES,0,56.86917,18
2021-11-04T14:00:00-00:00,2021-11-04T15:00:00-00:00,2021-11-04,8,0,SLAP_PGSF-APND,SLAP_PGSF-APND,SLAP_PGSF-APND,DAM,MCE,LMP_ENE_PRC,SLAP_PGSF-APND,ALL_APNODES,0,79.74553,18
2021-11-04T15:00:00-00:00,2021-11-04T16:00:00-00:00,2021-11-04,9,0,SLAP_PGSF-APND,SLAP_PGSF-APND,SLAP_PGSF-APND,DAM,MCE,LMP_ENE_PRC,SLAP_PGSF-APND,ALL_APNODES,0,59.07107,18
2021-11-04T21:00:00-00:00,2021-11-04T22:00:00-00:00,2021-11-04,15,0,SLAP_PGSF-APND,SLAP_PGSF-APND,SLAP_PGSF-APND,DAM,MCE,LMP_ENE_PRC,SLAP_PGSF-APND,ALL_APNODES,0,41.70455,18
2021-11-05T05:00:00-00:00,2021-11-05T06:00:00-00:00,2021-11-04,23,0,SLAP_PGSF-APND,SLAP_PGSF-APND,SLAP_PGSF-APND,DAM,MCE,LMP_ENE_PRC,SLAP_PGSF-APND,ALL_APNODES,0,62.86757,18
2021-11-04T13:00:00-00:00,2021-11-04T14:00:00-00:00,2021-11-04,7,0,SLAP_PGSF-APND,SLAP_PGSF-APND,SLAP_PGSF-APND,DAM,MCE,LMP_ENE_PRC,SLAP_PGSF-APND,ALL_APNODES,0,72.21709,18
2021-11-05T01:00:00-00:00,2021-11-05T02:00:00-00:00,2021-11-04,19,0,SLAP_PGSF-APND,SLAP_PGSF-APND,SLAP_PGSF-APND,DAM,MCE,LMP_ENE_PRC,SLAP_PGSF-APND,ALL_APNODES,0,94.88655,18
2021-11-04T08:00:00-00:00,2021-11-04T09:00:00-00:00,2021-11-04,2,0,SLAP_PGSF-APND,SLAP_PGSF-APND,SLAP_PGSF-APND,DAM,MCE,LMP_ENE_PRC,SLAP_PGSF-APND,ALL_APNODES,0,53.9596,18
2021-11-04T09:00:00-00:00,2021-11-04T10:00:00-00:00,2021-11-04,3,0,SLAP_PGSF-APND,SLAP_PGSF-APND,SLAP_PGSF-APND,DAM,MCE,LMP_ENE_PRC,SLAP_PGSF-APND,ALL_APNODES,0,52.18117,18
2021-11-05T06:00:00-00:00,2021-11-05T07:00:00-00:00,2021-11-04,24,0,SLAP_PGSF-APND,SLAP_PGSF-APND,SLAP_PGSF-APND,DAM,MCE,LMP_ENE_PRC,SLAP_PGSF-APND,ALL_APNODES,0,59.28607,18
2021-11-04T11:00:00-00:00,2021-11-04T12:00:00-00:00,2021-11-04,5,0,SLAP_PGSF-APND,SLAP_PGSF-APND,SLAP_PGSF-APND,DAM,MCE,LMP_ENE_PRC,SLAP_PGSF-APND,ALL_APNODES,0,53.1206,18
2021-11-05T04:00:00-00:00,2021-11-05T05:00:00-00:00,2021-11-04,22,0,SLAP_PGSF-APND,SLAP_PGSF-APND,SLAP_PGSF-APND,DAM,MCE,LMP_ENE_PRC,SLAP_PGSF-APND,ALL_APNODES,0,70.00611,18
2021-11-04T16:00:00-00:00,2021-11-04T17:00:00-00:00,2021-11-04,10,0,SLAP_PGSF-APND,SLAP_PGSF-APND,SLAP_PGSF-APND,DAM,MCE,LMP_ENE_PRC,SLAP_PGSF-APND,ALL_APNODES,0,46.86562,18
2021-11-04T19:00:00-00:00,2021-11-04T20:00:00-00:00,2021-11-04,13,0,SLAP_PGSF-APND,SLAP_PGSF-APND,SLAP_PGSF-APND,DAM,MCE,LMP_ENE_PRC,SLAP_PGSF-APND,ALL_APNODES,0,36.78545,18
2021-11-04T20:00:00-00:00,2021-11-04T21:00:00-00:00,2021-11-04,14,0,SLAP_PGSF-APND,SLAP_PGSF-APND,SLAP_PGSF-APND,DAM,MCE,LMP_ENE_PRC,SLAP_PGSF-APND,ALL_APNODES,0,37.92901,18
2021-11-04T23:00:00-00:00,2021-11-05T00:00:00-00:00,2021-11-04,17,0,SLAP_PGSF-APND,SLAP_PGSF-APND,SLAP_PGSF-APND,DAM,MCE,LMP_ENE_PRC,SLAP_PGSF-APND,ALL_APNODES,0,57.70643,18
2021-11-05T05:00:00-00:00,2021-11-05T06:00:00-00:00,2021-11-04,23,0,SLAP_PGSF-APND,SLAP_PGSF-APND,SLAP_PGSF-APND,DAM,MCL,LMP_LOSS_PRC,SLAP_PGSF-APND,ALL_APNODES,0,1.30765,19
2021-11-04T11:00:00-00:00,2021-11-04T12:00:00-00:00,2021-11-04,5,0,SLAP_PGSF-APND,SLAP_PGSF-APND,SLAP_PGSF-APND,DAM,MCL,LMP_LOSS_PRC,SLAP_PGSF-APND,ALL_APNODES,0,1.25896,19
2021-11-05T03:00:00-00:00,2021-11-05T04:00:00-00:00,2021-11-04,21,0,SLAP_PGSF-APND,SLAP_PGSF-APND,SLAP_PGSF-APND,DAM,MCL,LMP_LOSS_PRC,SLAP_PGSF-APND,ALL_APNODES,0,1.67869,19
2021-11-04T12:00:00-00:00,2021-11-04T13:00:00-00:00,2021-11-04,6,0,SLAP_PGSF-APND,SLAP_PGSF-APND,SLAP_PGSF-APND,DAM,MCL,LMP_LOSS_PRC,SLAP_PGSF-APND,ALL_APNODES,0,1.25681,19
2021-11-04T15:00:00-00:00,2021-11-04T16:00:00-00:00,2021-11-04,9,0,SLAP_PGSF-APND,SLAP_PGSF-APND,SLAP_PGSF-APND,DAM,MCL,LMP_LOSS_PRC,SLAP_PGSF-APND,ALL_APNODES,0,5.20416,19
2021-11-04T16:00:00-00:00,2021-11-04T17:00:00-00:00,2021-11-04,10,0,SLAP_PGSF-APND,SLAP_PGSF-APND,SLAP_PGSF-APND,DAM,MCL,LMP_LOSS_PRC,SLAP_PGSF-APND,ALL_APNODES,0,4.86934,19
2021-11-05T04:00:00-00:00,2021-11-05T05:00:00-00:00,2021-11-04,22,0,SLAP_PGSF-APND,SLAP_PGSF-APND,SLAP_PGSF-APND,DAM,MCL,LMP_LOSS_PRC,SLAP_PGSF-APND,ALL_APNODES,0,1.1551,19
2021-11-04T10:00:00-00:00,2021-11-04T11:00:00-00:00,2021-11-04,4,0,SLAP_PGSF-APND,SLAP_PGSF-APND,SLAP_PGSF-APND,DAM,MCL,LMP_LOSS_PRC,SLAP_PGSF-APND,ALL_APNODES,0,1.15957,19
2021-11-04T18:00:00-00:00,2021-11-04T19:00:00-00:00,2021-11-04,12,0,SLAP_PGSF-APND,SLAP_PGSF-APND,SLAP_PGSF-APND,DAM,MCL,LMP_LOSS_PRC,SLAP_PGSF-APND,ALL_APNODES,0,4.19203,19
2021-11-04T14:00:00-00:00,2021-11-04T15:00:00-00:00,2021-11-04,8,0,SLAP_PGSF-APND,SLAP_PGSF-APND,SLAP_PGSF-APND,DAM,MCL,LMP_LOSS_PRC,SLAP_PGSF-APND,ALL_APNODES,0,3.40513,19
2021-11-04T17:00:00-00:00,2021-11-04T18:00:00-00:00,2021-11-04,11,0,SLAP_PGSF-APND,SLAP_PGSF-APND,SLAP_PGSF-APND,DAM,MCL,LMP_LOSS_PRC,SLAP_PGSF-APND,ALL_APNODES,0,4.46314,19
2021-11-04T13:00:00-00:00,2021-11-04T14:00:00-00:00,2021-11-04,7,0,SLAP_PGSF-APND,SLAP_PGSF-APND,SLAP_PGSF-APND,DAM,MCL,LMP_LOSS_PRC,SLAP_PGSF-APND,ALL_APNODES,0,1.17714,19
2021-11-05T06:00:00-00:00,2021-11-05T07:00:00-00:00,2021-11-04,24,0,SLAP_PGSF-APND,SLAP_PGSF-APND,SLAP_PGSF-APND,DAM,MCL,LMP_LOSS_PRC,SLAP_PGSF-APND,ALL_APNODES,0,1.13236,19
2021-11-04T08:00:00-00:00,2021-11-04T09:00:00-00:00,2021-11-04,2,0,SLAP_PGSF-APND,SLAP_PGSF-APND,SLAP_PGSF-APND,DAM,MCL,LMP_LOSS_PRC,SLAP_PGSF-APND,ALL_APNODES,0,1.2033,19
2021-11-04T09:00:00-00:00,2021-11-04T10:00:00-00:00,2021-11-04,3,0,SLAP_PGSF-APND,SLAP_PGSF-APND,SLAP_PGSF-APND,DAM,MCL,LMP_LOSS_PRC,SLAP_PGSF-APND,ALL_APNODES,0,1.17929,19
2021-11-05T00:00:00-00:00,2021-11-05T01:00:00-00:00,2021-11-04,18,0,SLAP_PGSF-APND,SLAP_PGSF-APND,SLAP_PGSF-APND,DAM,MCL,LMP_LOSS_PRC,SLAP_PGSF-APND,ALL_APNODES,0,3.20814,19
2021-11-04T23:00:00-00:00,2021-11-05T00:00:00-00:00,2021-11-04,17,0,SLAP_PGSF-APND,SLAP_PGSF-APND,SLAP_PGSF-APND,DAM,MCL,LMP_LOSS_PRC,SLAP_PGSF-APND,ALL_APNODES,0,4.31644,19
2021-11-04T07:00:00-00:00,2021-11-04T08:00:00-00:00,2021-11-04,1,0,SLAP_PGSF-APND,SLAP_PGSF-APND,SLAP_PGSF-APND,DAM,MCL,LMP_LOSS_PRC,SLAP_PGSF-APND,ALL_APNODES,0,1.15907,19
2021-11-04T20:00:00-00:00,2021-11-04T21:00:00-00:00,2021-11-04,14,0,SLAP_PGSF-APND,SLAP_PGSF-APND,SLAP_PGSF-APND,DAM,MCL,LMP_LOSS_PRC,SLAP_PGSF-APND,ALL_APNODES,0,3.99013,19
2021-11-04T19:00:00-00:00,2021-11-04T20:00:00-00:00,2021-11-04,13,0,SLAP_PGSF-APND,SLAP_PGSF-APND,SLAP_PGSF-APND,DAM,MCL,LMP_LOSS_PRC,SLAP_PGSF-APND,ALL_APNODES,0,3.82937,19
2021-11-04T22:00:00-00:00,2021-11-04T23:00:00-00:00,2021-11-04,16,0,SLAP_PGSF-APND,SLAP_PGSF-APND,SLAP_PGSF-APND,DAM,MCL,LMP_LOSS_PRC,SLAP_PGSF-APND,ALL_APNODES,0,3.99216,19
2021-11-05T02:00:00-00:00,2021-11-05T03:00:00-00:00,2021-11-04,20,0,SLAP_PGSF-APND,SLAP_PGSF-APND,SLAP_PGSF-APND,DAM,MCL,LMP_LOSS_PRC,SLAP_PGSF-APND,ALL_APNODES,0,2.15978,19
2021-11-04T21:00:00-00:00,2021-11-04T22:00:00-00:00,2021-11-04,15,0,SLAP_PGSF-APND,SLAP_PGSF-APND,SLAP_PGSF-APND,DAM,MCL,LMP_LOSS_PRC,SLAP_PGSF-APND,ALL_APNODES,0,3.84933,19
2021-11-05T01:00:00-00:00,2021-11-05T02:00:00-00:00,2021-11-04,19,0,SLAP_PGSF-APND,SLAP_PGSF-APND,SLAP_PGSF-APND,DAM,MCL,LMP_LOSS_PRC,SLAP_PGSF-APND,ALL_APNODES,0,3.65313,19
2021-11-04T23:00:00-00:00,2021-11-05T00:00:00-00:00,2021-11-04,17,0,SLAP_PGSF-APND,SLAP_PGSF-APND,SLAP_PGSF-APND,DAM,MGHG,LMP_GHG_PRC,SLAP_PGSF-APND,ALL_APNODES,0,0,20
2021-11-04T22:00:00-00:00,2021-11-04T23:00:00-00:00,2021-11-04,16,0,SLAP_PGSF-APND,SLAP_PGSF-APND,SLAP_PGSF-APND,DAM,MGHG,LMP_GHG_PRC,SLAP_PGSF-APND,ALL_APNODES,0,0,20
2021-11-05T00:00:00-00:00,2021-11-05T01:00:00-00:00,2021-11-04,18,0,SLAP_PGSF-APND,SLAP_PGSF-APND,SLAP_PGSF-APND,DAM,MGHG,LMP_GHG_PRC,SLAP_PGSF-APND,ALL_APNODES,0,0,20
2021-11-04T09:00:00-00:00,2021-11-04T10:00:00-00:00,2021-11-04,3,0,SLAP_PGSF-APND,SLAP_PGSF-APND,SLAP_PGSF-APND,DAM,MGHG,LMP_GHG_PRC,SLAP_PGSF-APND,ALL_APNODES,0,0,20
2021-11-04T07:00:00-00:00,2021-11-04T08:00:00-00:00,2021-11-04,1,0,SLAP_PGSF-APND,SLAP_PGSF-APND,SLAP_PGSF-APND,DAM,MGHG,LMP_GHG_PRC,SLAP_PGSF-APND,ALL_APNODES,0,0,20
2021-11-05T06:00:00-00:00,2021-11-05T07:00:00-00:00,2021-11-04,24,0,SLAP_PGSF-APND,SLAP_PGSF-APND,SLAP_PGSF-APND,DAM,MGHG,LMP_GHG_PRC,SLAP_PGSF-APND,ALL_APNODES,0,0,20
2021-11-05T01:00:00-00:00,2021-11-05T02:00:00-00:00,2021-11-04,19,0,SLAP_PGSF-APND,SLAP_PGSF-APND,SLAP_PGSF-APND,DAM,MGHG,LMP_GHG_PRC,SLAP_PGSF-APND,ALL_APNODES,0,0,20
2021-11-04T20:00:00-00:00,2021-11-04T21:00:00-00:00,2021-11-04,14,0,SLAP_PGSF-APND,SLAP_PGSF-APND,SLAP_PGSF-APND,DAM,MGHG,LMP_GHG_PRC,SLAP_PGSF-APND,ALL_APNODES,0,0,20
2021-11-04T17:00:00-00:00,2021-11-04T18:00:00-00:00,2021-11-04,11,0,SLAP_PGSF-APND,SLAP_PGSF-APND,SLAP_PGSF-APND,DAM,MGHG,LMP_GHG_PRC,SLAP_PGSF-APND,ALL_APNODES,0,0,20
2021-11-04T15:00:00-00:00,2021-11-04T16:00:00-00:00,2021-11-04,9,0,SLAP_PGSF-APND,SLAP_PGSF-APND,SLAP_PGSF-APND,DAM,MGHG,LMP_GHG_PRC,SLAP_PGSF-APND,ALL_APNODES,0,0,20
2021-11-04T13:00:00-00:00,2021-11-04T14:00:00-00:00,2021-11-04,7,0,SLAP_PGSF-APND,SLAP_PGSF-APND,SLAP_PGSF-APND,DAM,MGHG,LMP_GHG_PRC,SLAP_PGSF-APND,ALL_APNODES,0,0,20
2021-11-04T10:00:00-00:00,2021-11-04T11:00:00-00:00,2021-11-04,4,0,SLAP_PGSF-APND,SLAP_PGSF-APND,SLAP_PGSF-APND,DAM,MGHG,LMP_GHG_PRC,SLAP_PGSF-APND,ALL_APNODES,0,0,20
2021-11-05T02:00:00-00:00,2021-11-05T03:00:00-00:00,2021-11-04,20,0,SLAP_PGSF-APND,SLAP_PGSF-APND,SLAP_PGSF-APND,DAM,MGHG,LMP_GHG_PRC,SLAP_PGSF-APND,ALL_APNODES,0,0,20
2021-11-05T03:00:00-00:00,2021-11-05T04:00:00-00:00,2021-11-04,21,0,SLAP_PGSF-APND,SLAP_PGSF-APND,SLAP_PGSF-APND,DAM,MGHG,LMP_GHG_PRC,SLAP_PGSF-APND,ALL_APNODES,0,0,20
2021-11-04T14:00:00-00:00,2021-11-04T15:00:00-00:00,2021-11-04,8,0,SLAP_PGSF-APND,SLAP_PGSF-APND,SLAP_PGSF-APND,DAM,MGHG,LMP_GHG_PRC,SLAP_PGSF-APND,ALL_APNODES,0,0,20
2021-11-04T12:00:00-00:00,2021-11-04T13:00:00-00:00,2021-11-04,6,0,SLAP_PGSF-APND,SLAP_PGSF-APND,SLAP_PGSF-APND,DAM,MGHG,LMP_GHG_PRC,SLAP_PGSF-APND,ALL_APNODES,0,0,20
2021-11-04T21:00:00-00:00,2021-11-04T22:00:00-00:00,2021-11-04,15,0,SLAP_PGSF-APND,SLAP_PGSF-APND,SLAP_PGSF-APND,DAM,MGHG,LMP_GHG_PRC,SLAP_PGSF-APND,ALL_APNODES,0,0,20
2021-11-05T05:00:00-00:00,2021-11-05T06:00:00-00:00,2021-11-04,23,0,SLAP_PGSF-APND,SLAP_PGSF-APND,SLAP_PGSF-APND,DAM,MGHG,LMP_GHG_PRC,SLAP_PGSF-APND,ALL_APNODES,0,0,20
2021-11-05T04:00:00-00:00,2021-11-05T05:00:00-00:00,2021-11-04,22,0,SLAP_PGSF-APND,SLAP_PGSF-APND,SLAP_PGSF-APND,DAM,MGHG,LMP_GHG_PRC,SLAP_PGSF-APND,ALL_APNODES,0,0,20
2021-11-04T11:00:00-00:00,2021-11-04T12:00:00-00:00,2021-11-04,5,0,SLAP_PGSF-APND,SLAP_PGSF-APND,SLAP_PGSF-APND,DAM,MGHG,LMP_GHG_PRC,SLAP_PGSF-APND,ALL_APNODES,0,0,20
2021-11-04T08:00:00-00:00,2021-11-04T09:00:00-00:00,2021-11-04,2,0,SLAP_PGSF-APND,SLAP_PGSF-APND,SLAP_PGSF-APND,DAM,MGHG,LMP_GHG_PRC,SLAP_PGSF-APND,ALL_APNODES,0,0,20
2021-11-04T19:00:00-00:00,2021-11-04T20:00:00-00:00,2021-11-04,13,0,SLAP_PGSF-APND,SLAP_PGSF-APND,SLAP_PGSF-APND,DAM,MGHG,LMP_GHG_PRC,SLAP_PGSF-APND,ALL_APNODES,0,0,20
2021-11-04T18:00:00-00:00,2021-11-04T19:00:00-00:00,2021-11-04,12,0,SLAP_PGSF-APND,SLAP_PGSF-APND,SLAP_PGSF-APND,DAM,MGHG,LMP_GHG_PRC,SLAP_PGSF-APND,ALL_APNODES,0,0,20
2021-11-04T16:00:00-00:00,2021-11-04T17:00:00-00:00,2021-11-04,10,0,SLAP_PGSF-APND,SLAP_PGSF-APND,SLAP_PGSF-APND,DAM,MGHG,LMP_GHG_PRC,SLAP_PGSF-APND,ALL_APNODES,0,0,20
2021-11-05T20:00:00-00:00,2021-11-05T21:00:00-00:00,2021-11-05,14,0,SLAP_PGSF-APND,SLAP_PGSF-APND,SLAP_PGSF-APND,DAM,LMP,LMP_PRC,SLAP_PGSF-APND,ALL_APNODES,0,51.61579,21
2021-11-06T06:00:00-00:00,2021-11-06T07:00:00-00:00,2021-11-05,24,0,SLAP_PGSF-APND,SLAP_PGSF-APND,SLAP_PGSF-APND,DAM,LMP,LMP_PRC,SLAP_PGSF-APND,ALL_APNODES,0,63.36404,21
2021-11-06T05:00:00-00:00,2021-11-06T06:00:00-00:00,2021-11-05,23,0,SLAP_PGSF-APND,SLAP_PGSF-APND,SLAP_PGSF-APND,DAM,LMP,LMP_PRC,SLAP_PGSF-APND,ALL_APNODES,0,70.53297,21
2021-11-05T21:00:00-00:00,2021-11-05T22:00:00-00:00,2021-11-05,15,0,SLAP_PGSF-APND,SLAP_PGSF-APND,SLAP_PGSF-APND,DAM,LMP,LMP_PRC,SLAP_PGSF-APND,ALL_APNODES,0,52.00382,21
2021-11-05T17:00:00-00:00,2021-11-05T18:00:00-00:00,2021-11-05,11,0,SLAP_PGSF-APND,SLAP_PGSF-APND,SLAP_PGSF-APND,DAM,LMP,LMP_PRC,SLAP_PGSF-APND,ALL_APNODES,0,50.37597,21
2021-11-05T15:00:00-00:00,2021-11-05T16:00:00-00:00,2021-11-05,9,0,SLAP_PGSF-APND,SLAP_PGSF-APND,SLAP_PGSF-APND,DAM,LMP,LMP_PRC,SLAP_PGSF-APND,ALL_APNODES,0,67.35811,21
2021-11-06T04:00:00-00:00,2021-11-06T05:00:00-00:00,2021-11-05,22,0,SLAP_PGSF-APND,SLAP_PGSF-APND,SLAP_PGSF-APND,DAM,LMP,LMP_PRC,SLAP_PGSF-APND,ALL_APNODES,0,76.29897,21
2021-11-05T09:00:00-00:00,2021-11-05T10:00:00-00:00,2021-11-05,3,0,SLAP_PGSF-APND,SLAP_PGSF-APND,SLAP_PGSF-APND,DAM,LMP,LMP_PRC,SLAP_PGSF-APND,ALL_APNODES,0,52.64488,21
2021-11-05T13:00:00-00:00,2021-11-05T14:00:00-00:00,2021-11-05,7,0,SLAP_PGSF-APND,SLAP_PGSF-APND,SLAP_PGSF-APND,DAM,LMP,LMP_PRC,SLAP_PGSF-APND,ALL_APNODES,0,78.90431,21
2021-11-06T03:00:00-00:00,2021-11-06T04:00:00-00:00,2021-11-05,21,0,SLAP_PGSF-APND,SLAP_PGSF-APND,SLAP_PGSF-APND,DAM,LMP,LMP_PRC,SLAP_PGSF-APND,ALL_APNODES,0,78.11993,21
2021-11-05T19:00:00-00:00,2021-11-05T20:00:00-00:00,2021-11-05,13,0,SLAP_PGSF-APND,SLAP_PGSF-APND,SLAP_PGSF-APND,DAM,LMP,LMP_PRC,SLAP_PGSF-APND,ALL_APNODES,0,47.01571,21
2021-11-05T18:00:00-00:00,2021-11-05T19:00:00-00:00,2021-11-05,12,0,SLAP_PGSF-APND,SLAP_PGSF-APND,SLAP_PGSF-APND,DAM,LMP,LMP_PRC,SLAP_PGSF-APND,ALL_APNODES,0,46.15496,21
2021-11-05T08:00:00-00:00,2021-11-05T09:00:00-00:00,2021-11-05,2,0,SLAP_PGSF-APND,SLAP_PGSF-APND,SLAP_PGSF-APND,DAM,LMP,LMP_PRC,SLAP_PGSF-APND,ALL_APNODES,0,53.02118,21
2021-11-06T00:00:00-00:00,2021-11-06T01:00:00-00:00,2021-11-05,18,0,SLAP_PGSF-APND,SLAP_PGSF-APND,SLAP_PGSF-APND,DAM,LMP,LMP_PRC,SLAP_PGSF-APND,ALL_APNODES,0,99.38757,21
2021-11-05T22:00:00-00:00,2021-11-05T23:00:00-00:00,2021-11-05,16,0,SLAP_PGSF-APND,SLAP_PGSF-APND,SLAP_PGSF-APND,DAM,LMP,LMP_PRC,SLAP_PGSF-APND,ALL_APNODES,0,57.40731,21
2021-11-05T10:00:00-00:00,2021-11-05T11:00:00-00:00,2021-11-05,4,0,SLAP_PGSF-APND,SLAP_PGSF-APND,SLAP_PGSF-APND,DAM,LMP,LMP_PRC,SLAP_PGSF-APND,ALL_APNODES,0,52.87148,21
2021-11-05T07:00:00-00:00,2021-11-05T08:00:00-00:00,2021-11-05,1,0,SLAP_PGSF-APND,SLAP_PGSF-APND,SLAP_PGSF-APND,DAM,LMP,LMP_PRC,SLAP_PGSF-APND,ALL_APNODES,0,54.62591,21
2021-11-05T12:00:00-00:00,2021-11-05T13:00:00-00:00,2021-11-05,6,0,SLAP_PGSF-APND,SLAP_PGSF-APND,SLAP_PGSF-APND,DAM,LMP,LMP_PRC,SLAP_PGSF-APND,ALL_APNODES,0,66.42047,21
2021-11-06T02:00:00-00:00,2021-11-06T03:00:00-00:00,2021-11-05,20,0,SLAP_PGSF-APND,SLAP_PGSF-APND,SLAP_PGSF-APND,DAM,LMP,LMP_PRC,SLAP_PGSF-APND,ALL_APNODES,0,91.49717,21
2021-11-06T01:00:00-00:00,2021-11-06T02:00:00-00:00,2021-11-05,19,0,SLAP_PGSF-APND,SLAP_PGSF-APND,SLAP_PGSF-APND,DAM,LMP,LMP_PRC,SLAP_PGSF-APND,ALL_APNODES,0,116.48715,21
2021-11-05T14:00:00-00:00,2021-11-05T15:00:00-00:00,2021-11-05,8,0,SLAP_PGSF-APND,SLAP_PGSF-APND,SLAP_PGSF-APND,DAM,LMP,LMP_PRC,SLAP_PGSF-APND,ALL_APNODES,0,91.79344,21
2021-11-05T11:00:00-00:00,2021-11-05T12:00:00-00:00,2021-11-05,5,0,SLAP_PGSF-APND,SLAP_PGSF-APND,SLAP_PGSF-APND,DAM,LMP,LMP_PRC,SLAP_PGSF-APND,ALL_APNODES,0,54.5676,21
2021-11-05T23:00:00-00:00,2021-11-06T00:00:00-00:00,2021-11-05,17,0,SLAP_PGSF-APND,SLAP_PGSF-APND,SLAP_PGSF-APND,DAM,LMP,LMP_PRC,SLAP_PGSF-APND,ALL_APNODES,0,69.2603,21
2021-11-05T16:00:00-00:00,2021-11-05T17:00:00-00:00,2021-11-05,10,0,SLAP_PGSF-APND,SLAP_PGSF-APND,SLAP_PGSF-APND,DAM,LMP,LMP_PRC,SLAP_PGSF-APND,ALL_APNODES,0,53.29929,21
2021-11-06T03:00:00-00:00,2021-11-06T04:00:00-00:00,2021-11-05,21,0,SLAP_PGSF-APND,SLAP_PGSF-APND,SLAP_PGSF-APND,DAM,MCC,LMP_CONG_PRC,SLAP_PGSF-APND,ALL_APNODES,0,0,22
2021-11-05T15:00:00-00:00,2021-11-05T16:00:00-00:00,2021-11-05,9,0,SLAP_PGSF-APND,SLAP_PGSF-APND,SLAP_PGSF-APND,DAM,MCC,LMP_CONG_PRC,SLAP_PGSF-APND,ALL_APNODES,0,0,22
2021-11-05T14:00:00-00:00,2021-11-05T15:00:00-00:00,2021-11-05,8,0,SLAP_PGSF-APND,SLAP_PGSF-APND,SLAP_PGSF-APND,DAM,MCC,LMP_CONG_PRC,SLAP_PGSF-APND,ALL_APNODES,0,0,22
2021-11-05T08:00:00-00:00,2021-11-05T09:00:00-00:00,2021-11-05,2,0,SLAP_PGSF-APND,SLAP_PGSF-APND,SLAP_PGSF-APND,DAM,MCC,LMP_CONG_PRC,SLAP_PGSF-APND,ALL_APNODES,0,0,22
2021-11-05T23:00:00-00:00,2021-11-06T00:00:00-00:00,2021-11-05,17,0,SLAP_PGSF-APND,SLAP_PGSF-APND,SLAP_PGSF-APND,DAM,MCC,LMP_CONG_PRC,SLAP_PGSF-APND,ALL_APNODES,0,0,22
2021-11-05T19:00:00-00:00,2021-11-05T20:00:00-00:00,2021-11-05,13,0,SLAP_PGSF-APND,SLAP_PGSF-APND,SLAP_PGSF-APND,DAM,MCC,LMP_CONG_PRC,SLAP_PGSF-APND,ALL_APNODES,0,1.93091,22
2021-11-05T18:00:00-00:00,2021-11-05T19:00:00-00:00,2021-11-05,12,0,SLAP_PGSF-APND,SLAP_PGSF-APND,SLAP_PGSF-APND,DAM,MCC,LMP_CONG_PRC,SLAP_PGSF-APND,ALL_APNODES,0,3.17982,22
2021-11-05T16:00:00-00:00,2021-11-05T17:00:00-00:00,2021-11-05,10,0,SLAP_PGSF-APND,SLAP_PGSF-APND,SLAP_PGSF-APND,DAM,MCC,LMP_CONG_PRC,SLAP_PGSF-APND,ALL_APNODES,0,1.17853,22
2021-11-06T00:00:00-00:00,2021-11-06T01:00:00-00:00,2021-11-05,18,0,SLAP_PGSF-APND,SLAP_PGSF-APND,SLAP_PGSF-APND,DAM,MCC,LMP_CONG_PRC,SLAP_PGSF-APND,ALL_APNODES,0,0,22
2021-11-05T20:00:00-00:00,2021-11-05T21:00:00-00:00,2021-11-05,14,0,SLAP_PGSF-APND,SLAP_PGSF-APND,SLAP_PGSF-APND,DAM,MCC,LMP_CONG_PRC,SLAP_PGSF-APND,ALL_APNODES,0,5.5735,22
2021-11-06T04:00:00-00:00,2021-11-06T05:00:00-00:00,2021-11-05,22,0,SLAP_PGSF-APND,SLAP_PGSF-APND,SLAP_PGSF-APND,DAM,MCC,LMP_CONG_PRC,SLAP_PGSF-APND,ALL_APNODES,0,0,22
2021-11-05T09:00:00-00:00,2021-11-05T10:00:00-00:00,2021-11-05,3,0,SLAP_PGSF-APND,SLAP_PGSF-APND,SLAP_PGSF-APND,DAM,MCC,LMP_CONG_PRC,SLAP_PGSF-APND,ALL_APNODES,0,0,22
2021-11-05T22:00:00-00:00,2021-11-05T23:00:00-00:00,2021-11-05,16,0,SLAP_PGSF-APND,SLAP_PGSF-APND,SLAP_PGSF-APND,DAM,MCC,LMP_CONG_PRC,SLAP_PGSF-APND,ALL_APNODES,0,0,22
2021-11-06T05:00:00-00:00,2021-11-06T06:00:00-00:00,2021-11-05,23,0,SLAP_PGSF-APND,SLAP_PGSF-APND,SLAP_PGSF-APND,DAM,MCC,LMP_CONG_PRC,SLAP_PGSF-APND,ALL_APNODES,0,0,22
2021-11-05T13:00:00-00:00,2021-11-05T14:00:00-00:00,2021-11-05,7,0,SLAP_PGSF-APND,SLAP_PGSF-APND,SLAP_PGSF-APND,DAM,MCC,LMP_CONG_PRC,SLAP_PGSF-APND,ALL_APNODES,0,0,22
2021-11-05T11:00:00-00:00,2021-11-05T12:00:00-00:00,2021-11-05,5,0,SLAP_PGSF-APND,SLAP_PGSF-APND,SLAP_PGSF-APND,DAM,MCC,LMP_CONG_PRC,SLAP_PGSF-APND,ALL_APNODES,0,0,22
2021-11-05T10:00:00-00:00,2021-11-05T11:00:00-00:00,2021-11-05,4,0,SLAP_PGSF-APND,SLAP_PGSF-APND,SLAP_PGSF-APND,DAM,MCC,LMP_CONG_PRC,SLAP_PGSF-APND,ALL_APNODES,0,0,22
2021-11-05T07:00:00-00:00,2021-11-05T08:00:00-00:00,2021-11-05,1,0,SLAP_PGSF-APND,SLAP_PGSF-APND,SLAP_PGSF-APND,DAM,MCC,LMP_CONG_PRC,SLAP_PGSF-APND,ALL_APNODES,0,0,22
2021-11-05T12:00:00-00:00,2021-11-05T13:00:00-00:00,2021-11-05,6,0,SLAP_PGSF-APND,SLAP_PGSF-APND,SLAP_PGSF-APND,DAM,MCC,LMP_CONG_PRC,SLAP_PGSF-APND,ALL_APNODES,0,0,22
2021-11-06T01:00:00-00:00,2021-11-06T02:00:00-00:00,2021-11-05,19,0,SLAP_PGSF-APND,SLAP_PGSF-APND,SLAP_PGSF-APND,DAM,MCC,LMP_CONG_PRC,SLAP_PGSF-APND,ALL_APNODES,0,2.35377,22
2021-11-05T21:00:00-00:00,2021-11-05T22:00:00-00:00,2021-11-05,15,0,SLAP_PGSF-APND,SLAP_PGSF-APND,SLAP_PGSF-APND,DAM,MCC,LMP_CONG_PRC,SLAP_PGSF-APND,ALL_APNODES,0,3.16847,22
2021-11-05T17:00:00-00:00,2021-11-05T18:00:00-00:00,2021-11-05,11,0,SLAP_PGSF-APND,SLAP_PGSF-APND,SLAP_PGSF-APND,DAM,MCC,LMP_CONG_PRC,SLAP_PGSF-APND,ALL_APNODES,0,3.29218,22
2021-11-06T02:00:00-00:00,2021-11-06T03:00:00-00:00,2021-11-05,20,0,SLAP_PGSF-APND,SLAP_PGSF-APND,SLAP_PGSF-APND,DAM,MCC,LMP_CONG_PRC,SLAP_PGSF-APND,ALL_APNODES,0,0,22
2021-11-06T06:00:00-00:00,2021-11-06T07:00:00-00:00,2021-11-05,24,0,SLAP_PGSF-APND,SLAP_PGSF-APND,SLAP_PGSF-APND,DAM,MCC,LMP_CONG_PRC,SLAP_PGSF-APND,ALL_APNODES,0,0,22
2021-11-05T13:00:00-00:00,2021-11-05T14:00:00-00:00,2021-11-05,7,0,SLAP_PGSF-APND,SLAP_PGSF-APND,SLAP_PGSF-APND,DAM,MCE,LMP_ENE_PRC,SLAP_PGSF-APND,ALL_APNODES,0,77.37234,23
2021-11-05T15:00:00-00:00,2021-11-05T16:00:00-00:00,2021-11-05,9,0,SLAP_PGSF-APND,SLAP_PGSF-APND,SLAP_PGSF-APND,DAM,MCE,LMP_ENE_PRC,SLAP_PGSF-APND,ALL_APNODES,0,63.93139,23
2021-11-06T05:00:00-00:00,2021-11-06T06:00:00-00:00,2021-11-05,23,0,SLAP_PGSF-APND,SLAP_PGSF-APND,SLAP_PGSF-APND,DAM,MCE,LMP_ENE_PRC,SLAP_PGSF-APND,ALL_APNODES,0,69.73795,23
2021-11-05T12:00:00-00:00,2021-11-05T13:00:00-00:00,2021-11-05,6,0,SLAP_PGSF-APND,SLAP_PGSF-APND,SLAP_PGSF-APND,DAM,MCE,LMP_ENE_PRC,SLAP_PGSF-APND,ALL_APNODES,0,64.96525,23
2021-11-06T03:00:00-00:00,2021-11-06T04:00:00-00:00,2021-11-05,21,0,SLAP_PGSF-APND,SLAP_PGSF-APND,SLAP_PGSF-APND,DAM,MCE,LMP_ENE_PRC,SLAP_PGSF-APND,ALL_APNODES,0,77.13263,23
2021-11-05T19:00:00-00:00,2021-11-05T20:00:00-00:00,2021-11-05,13,0,SLAP_PGSF-APND,SLAP_PGSF-APND,SLAP_PGSF-APND,DAM,MCE,LMP_ENE_PRC,SLAP_PGSF-APND,ALL_APNODES,0,41.0758,23
2021-11-05T22:00:00-00:00,2021-11-05T23:00:00-00:00,2021-11-05,16,0,SLAP_PGSF-APND,SLAP_PGSF-APND,SLAP_PGSF-APND,DAM,MCE,LMP_ENE_PRC,SLAP_PGSF-APND,ALL_APNODES,0,53.82776,23
2021-11-06T00:00:00-00:00,2021-11-06T01:00:00-00:00,2021-11-05,18,0,SLAP_PGSF-APND,SLAP_PGSF-APND,SLAP_PGSF-APND,DAM,MCE,LMP_ENE_PRC,SLAP_PGSF-APND,ALL_APNODES,0,97.6974,23
2021-11-05T08:00:00-00:00,2021-11-05T09:00:00-00:00,2021-11-05,2,0,SLAP_PGSF-APND,SLAP_PGSF-APND,SLAP_PGSF-APND,DAM,MCE,LMP_ENE_PRC,SLAP_PGSF-APND,ALL_APNODES,0,51.9103,23
2021-11-06T04:00:00-00:00,2021-11-06T05:00:00-00:00,2021-11-05,22,0,SLAP_PGSF-APND,SLAP_PGSF-APND,SLAP_PGSF-APND,DAM,MCE,LMP_ENE_PRC,SLAP_PGSF-APND,ALL_APNODES,0,75.7385,23
2021-11-05T21:00:00-00:00,2021-11-05T22:00:00-00:00,2021-11-05,15,0,SLAP_PGSF-APND,SLAP_PGSF-APND,SLAP_PGSF-APND,DAM,MCE,LMP_ENE_PRC,SLAP_PGSF-APND,ALL_APNODES,0,45.02199,23
2021-11-05T09:00:00-00:00,2021-11-05T10:00:00-00:00,2021-11-05,3,0,SLAP_PGSF-APND,SLAP_PGSF-APND,SLAP_PGSF-APND,DAM,MCE,LMP_ENE_PRC,SLAP_PGSF-APND,ALL_APNODES,0,51.55702,23
2021-11-05T10:00:00-00:00,2021-11-05T11:00:00-00:00,2021-11-05,4,0,SLAP_PGSF-APND,SLAP_PGSF-APND,SLAP_PGSF-APND,DAM,MCE,LMP_ENE_PRC,SLAP_PGSF-APND,ALL_APNODES,0,51.73841,23
2021-11-05T16:00:00-00:00,2021-11-05T17:00:00-00:00,2021-11-05,10,0,SLAP_PGSF-APND,SLAP_PGSF-APND,SLAP_PGSF-APND,DAM,MCE,LMP_ENE_PRC,SLAP_PGSF-APND,ALL_APNODES,0,48.22424,23
2021-11-05T17:00:00-00:00,2021-11-05T18:00:00-00:00,2021-11-05,11,0,SLAP_PGSF-APND,SLAP_PGSF-APND,SLAP_PGSF-APND,DAM,MCE,LMP_ENE_PRC,SLAP_PGSF-APND,ALL_APNODES,0,42.91268,23
2021-11-05T11:00:00-00:00,2021-11-05T12:00:00-00:00,2021-11-05,5,0,SLAP_PGSF-APND,SLAP_PGSF-APND,SLAP_PGSF-APND,DAM,MCE,LMP_ENE_PRC,SLAP_PGSF-APND,ALL_APNODES,0,53.43478,23
2021-11-06T06:00:00-00:00,2021-11-06T07:00:00-00:00,2021-11-05,24,0,SLAP_PGSF-APND,SLAP_PGSF-APND,SLAP_PGSF-APND,DAM,MCE,LMP_ENE_PRC,SLAP_PGSF-APND,ALL_APNODES,0,62.37232,23
2021-11-05T18:00:00-00:00,2021-11-05T19:00:00-00:00,2021-11-05,12,0,SLAP_PGSF-APND,SLAP_PGSF-APND,SLAP_PGSF-APND,DAM,MCE,LMP_ENE_PRC,SLAP_PGSF-APND,ALL_APNODES,0,39.27539,23
2021-11-05T23:00:00-00:00,2021-11-06T00:00:00-00:00,2021-11-05,17,0,SLAP_PGSF-APND,SLAP_PGSF-APND,SLAP_PGSF-APND,DAM,MCE,LMP_ENE_PRC,SLAP_PGSF-APND,ALL_APNODES,0,66.51969,23
2021-11-06T02:00:00-00:00,2021-11-06T03:00:00-00:00,2021-11-05,20,0,SLAP_PGSF-APND,SLAP_PGSF-APND,SLAP_PGSF-APND,DAM,MCE,LMP_ENE_PRC,SLAP_PGSF-APND,ALL_APNODES,0,89.79114,23
2021-11-05T14:00:00-00:00,2021-11-05T15:00:00-00:00,2021-11-05,8,0,SLAP_PGSF-APND,SLAP_PGSF-APND,SLAP_PGSF-APND,DAM,MCE,LMP_ENE_PRC,SLAP_PGSF-APND,ALL_APNODES,0,89.05931,23
2021-11-05T20:00:00-00:00,2021-11-05T21:00:00-00:00,2021-11-05,14,0,SLAP_PGSF-APND,SLAP_PGSF-APND,SLAP_PGSF-APND,DAM,MCE,LMP_ENE_PRC,SLAP_PGSF-APND,ALL_APNODES,0,41.94051,23
2021-11-06T01:00:00-00:00,2021-11-06T02:00:00-00:00,2021-11-05,19,0,SLAP_PGSF-APND,SLAP_PGSF-APND,SLAP_PGSF-APND,DAM,MCE,LMP_ENE_PRC,SLAP_PGSF-APND,ALL_APNODES,0,111.2628,23
2021-11-05T07:00:00-00:00,2021-11-05T08:00:00-00:00,2021-11-05,1,0,SLAP_PGSF-APND,SLAP_PGSF-APND,SLAP_PGSF-APND,DAM,MCE,LMP_ENE_PRC,SLAP_PGSF-APND,ALL_APNODES,0,53.29877,23
2021-11-05T16:00:00-00:00,2021-11-05T17:00:00-00:00,2021-11-05,10,0,SLAP_PGSF-APND,SLAP_PGSF-APND,SLAP_PGSF-APND,DAM,MCL,LMP_LOSS_PRC,SLAP_PGSF-APND,ALL_APNODES,0,3.89652,24
2021-11-06T04:00:00-00:00,2021-11-06T05:00:00-00:00,2021-11-05,22,0,SLAP_PGSF-APND,SLAP_PGSF-APND,SLAP_PGSF-APND,DAM,MCL,LMP_LOSS_PRC,SLAP_PGSF-APND,ALL_APNODES,0,0.56046,24
2021-11-05T10:00:00-00:00,2021-11-05T11:00:00-00:00,2021-11-05,4,0,SLAP_PGSF-APND,SLAP_PGSF-APND,SLAP_PGSF-APND,DAM,MCL,LMP_LOSS_PRC,SLAP_PGSF-APND,ALL_APNODES,0,1.13307,24
2021-11-05T20:00:00-00:00,2021-11-05T21:00:00-00:00,2021-11-05,14,0,SLAP_PGSF-APND,SLAP_PGSF-APND,SLAP_PGSF-APND,DAM,MCL,LMP_LOSS_PRC,SLAP_PGSF-APND,ALL_APNODES,0,4.10178,24
2021-11-06T01:00:00-00:00,2021-11-06T02:00:00-00:00,2021-11-05,19,0,SLAP_PGSF-APND,SLAP_PGSF-APND,SLAP_PGSF-APND,DAM,MCL,LMP_LOSS_PRC,SLAP_PGSF-APND,ALL_APNODES,0,2.87058,24
2021-11-05T23:00:00-00:00,2021-11-06T00:00:00-00:00,2021-11-05,17,0,SLAP_PGSF-APND,SLAP_PGSF-APND,SLAP_PGSF-APND,DAM,MCL,LMP_LOSS_PRC,SLAP_PGSF-APND,ALL_APNODES,0,2.74061,24
2021-11-05T18:00:00-00:00,2021-11-05T19:00:00-00:00,2021-11-05,12,0,SLAP_PGSF-APND,SLAP_PGSF-APND,SLAP_PGSF-APND,DAM,MCL,LMP_LOSS_PRC,SLAP_PGSF-APND,ALL_APNODES,0,3.69974,24
2021-11-05T15:00:00-00:00,2021-11-05T16:00:00-00:00,2021-11-05,9,0,SLAP_PGSF-APND,SLAP_PGSF-APND,SLAP_PGSF-APND,DAM,MCL,LMP_LOSS_PRC,SLAP_PGSF-APND,ALL_APNODES,0,3.42672,24
2021-11-05T13:00:00-00:00,2021-11-05T14:00:00-00:00,2021-11-05,7,0,SLAP_PGSF-APND,SLAP_PGSF-APND,SLAP_PGSF-APND,DAM,MCL,LMP_LOSS_PRC,SLAP_PGSF-APND,ALL_APNODES,0,1.53197,24
2021-11-05T09:00:00-00:00,2021-11-05T10:00:00-00:00,2021-11-05,3,0,SLAP_PGSF-APND,SLAP_PGSF-APND,SLAP_PGSF-APND,DAM,MCL,LMP_LOSS_PRC,SLAP_PGSF-APND,ALL_APNODES,0,1.08785,24
2021-11-05T08:00:00-00:00,2021-11-05T09:00:00-00:00,2021-11-05,2,0,SLAP_PGSF-APND,SLAP_PGSF-APND,SLAP_PGSF-APND,DAM,MCL,LMP_LOSS_PRC,SLAP_PGSF-APND,ALL_APNODES,0,1.11088,24
2021-11-05T07:00:00-00:00,2021-11-05T08:00:00-00:00,2021-11-05,1,0,SLAP_PGSF-APND,SLAP_PGSF-APND,SLAP_PGSF-APND,DAM,MCL,LMP_LOSS_PRC,SLAP_PGSF-APND,ALL_APNODES,0,1.32714,24
2021-11-06T02:00:00-00:00,2021-11-06T03:00:00-00:00,2021-11-05,20,0,SLAP_PGSF-APND,SLAP_PGSF-APND,SLAP_PGSF-APND,DAM,MCL,LMP_LOSS_PRC,SLAP_PGSF-APND,ALL_APNODES,0,1.70603,24
2021-11-05T19:00:00-00:00,2021-11-05T20:00:00-00:00,2021-11-05,13,0,SLAP_PGSF-APND,SLAP_PGSF-APND,SLAP_PGSF-APND,DAM,MCL,LMP_LOSS_PRC,SLAP_PGSF-APND,ALL_APNODES,0,4.009,24
2021-11-06T03:00:00-00:00,2021-11-06T04:00:00-00:00,2021-11-05,21,0,SLAP_PGSF-APND,SLAP_PGSF-APND,SLAP_PGSF-APND,DAM,MCL,LMP_LOSS_PRC,SLAP_PGSF-APND,ALL_APNODES,0,0.9873,24
2021-11-05T11:00:00-00:00,2021-11-05T12:00:00-00:00,2021-11-05,5,0,SLAP_PGSF-APND,SLAP_PGSF-APND,SLAP_PGSF-APND,DAM,MCL,LMP_LOSS_PRC,SLAP_PGSF-APND,ALL_APNODES,0,1.13282,24
2021-11-05T22:00:00-00:00,2021-11-05T23:00:00-00:00,2021-11-05,16,0,SLAP_PGSF-APND,SLAP_PGSF-APND,SLAP_PGSF-APND,DAM,MCL,LMP_LOSS_PRC,SLAP_PGSF-APND,ALL_APNODES,0,3.57955,24
2021-11-06T06:00:00-00:00,2021-11-06T07:00:00-00:00,2021-11-05,24,0,SLAP_PGSF-APND,SLAP_PGSF-APND,SLAP_PGSF-APND,DAM,MCL,LMP_LOSS_PRC,SLAP_PGSF-APND,ALL_APNODES,0,0.99172,24
2021-11-06T05:00:00-00:00,2021-11-06T06:00:00-00:00,2021-11-05,23,0,SLAP_PGSF-APND,SLAP_PGSF-APND,SLAP_PGSF-APND,DAM,MCL,LMP_LOSS_PRC,SLAP_PGSF-APND,ALL_APNODES,0,0.79501,24
2021-11-05T14:00:00-00:00,2021-11-05T15:00:00-00:00,2021-11-05,8,0,SLAP_PGSF-APND,SLAP_PGSF-APND,SLAP_PGSF-APND,DAM,MCL,LMP_LOSS_PRC,SLAP_PGSF-APND,ALL_APNODES,0,2.73412,24
2021-11-05T12:00:00-00:00,2021-11-05T13:00:00-00:00,2021-11-05,6,0,SLAP_PGSF-APND,SLAP_PGSF-APND,SLAP_PGSF-APND,DAM,MCL,LMP_LOSS_PRC,SLAP_PGSF-APND,ALL_APNODES,0,1.45522,24
2021-11-06T00:00:00-00:00,2021-11-06T01:00:00-00:00,2021-11-05,18,0,SLAP_PGSF-APND,SLAP_PGSF-APND,SLAP_PGSF-APND,DAM,MCL,LMP_LOSS_PRC,SLAP_PGSF-APND,ALL_APNODES,0,1.69017,24
2021-11-05T21:00:00-00:00,2021-11-05T22:00:00-00:00,2021-11-05,15,0,SLAP_PGSF-APND,SLAP_PGSF-APND,SLAP_PGSF-APND,DAM,MCL,LMP_LOSS_PRC,SLAP_PGSF-APND,ALL_APNODES,0,3.81336,24
2021-11-05T17:00:00-00:00,2021-11-05T18:00:00-00:00,2021-11-05,11,0,SLAP_PGSF-APND,SLAP_PGSF-APND,SLAP_PGSF-APND,DAM,MCL,LMP_LOSS_PRC,SLAP_PGSF-APND,ALL_APNODES,0,4.17111,24
2021-11-05T18:00:00-00:00,2021-11-05T19:00:00-00:00,2021-11-05,12,0,SLAP_PGSF-APND,SLAP_PGSF-APND,SLAP_PGSF-APND,DAM,MGHG,LMP_GHG_PRC,SLAP_PGSF-APND,ALL_APNODES,0,0,25
2021-11-05T13:00:00-00:00,2021-11-05T14:00:00-00:00,2021-11-05,7,0,SLAP_PGSF-APND,SLAP_PGSF-APND,SLAP_PGSF-APND,DAM,MGHG,LMP_GHG_PRC,SLAP_PGSF-APND,ALL_APNODES,0,0,25
2021-11-06T04:00:00-00:00,2021-11-06T05:00:00-00:00,2021-11-05,22,0,SLAP_PGSF-APND,SLAP_PGSF-APND,SLAP_PGSF-APND,DAM,MGHG,LMP_GHG_PRC,SLAP_PGSF-APND,ALL_APNODES,0,0,25
2021-11-06T02:00:00-00:00,2021-11-06T03:00:00-00:00,2021-11-05,20,0,SLAP_PGSF-APND,SLAP_PGSF-APND,SLAP_PGSF-APND,DAM,MGHG,LMP_GHG_PRC,SLAP_PGSF-APND,ALL_APNODES,0,0,25
2021-11-06T01:00:00-00:00,2021-11-06T02:00:00-00:00,2021-11-05,19,0,SLAP_PGSF-APND,SLAP_PGSF-APND,SLAP_PGSF-APND,DAM,MGHG,LMP_GHG_PRC,SLAP_PGSF-APND,ALL_APNODES,0,0,25
2021-11-05T17:00:00-00:00,2021-11-05T18:00:00-00:00,2021-11-05,11,0,SLAP_PGSF-APND,SLAP_PGSF-APND,SLAP_PGSF-APND,DAM,MGHG,LMP_GHG_PRC,SLAP_PGSF-APND,ALL_APNODES,0,0,25
2021-11-06T03:00:00-00:00,2021-11-06T04:00:00-00:00,2021-11-05,21,0,SLAP_PGSF-APND,SLAP_PGSF-APND,SLAP_PGSF-APND,DAM,MGHG,LMP_GHG_PRC,SLAP_PGSF-APND,ALL_APNODES,0,0,25
2021-11-05T16:00:00-00:00,2021-11-05T17:00:00-00:00,2021-11-05,10,0,SLAP_PGSF-APND,SLAP_PGSF-APND,SLAP_PGSF-APND,DAM,MGHG,LMP_GHG_PRC,SLAP_PGSF-APND,ALL_APNODES,0,0,25
2021-11-05T11:00:00-00:00,2021-11-05T12:00:00-00:00,2021-11-05,5,0,SLAP_PGSF-APND,SLAP_PGSF-APND,SLAP_PGSF-APND,DAM,MGHG,LMP_GHG_PRC,SLAP_PGSF-APND,ALL_APNODES,0,0,25
2021-11-05T23:00:00-00:00,2021-11-06T00:00:00-00:00,2021-11-05,17,0,SLAP_PGSF-APND,SLAP_PGSF-APND,SLAP_PGSF-APND,DAM,MGHG,LMP_GHG_PRC,SLAP_PGSF-APND,ALL_APNODES,0,0,25
2021-11-05T08:00:00-00:00,2021-11-05T09:00:00-00:00,2021-11-05,2,0,SLAP_PGSF-APND,SLAP_PGSF-APND,SLAP_PGSF-APND,DAM,MGHG,LMP_GHG_PRC,SLAP_PGSF-APND,ALL_APNODES,0,0,25
2021-11-06T00:00:00-00:00,2021-11-06T01:00:00-00:00,2021-11-05,18,0,SLAP_PGSF-APND,SLAP_PGSF-APND,SLAP_PGSF-APND,DAM,MGHG,LMP_GHG_PRC,SLAP_PGSF-APND,ALL_APNODES,0,0,25
2021-11-05T22:00:00-00:00,2021-11-05T23:00:00-00:00,2021-11-05,16,0,SLAP_PGSF-APND,SLAP_PGSF-APND,SLAP_PGSF-APND,DAM,MGHG,LMP_GHG_PRC,SLAP_PGSF-APND,ALL_APNODES,0,0,25
2021-11-05T19:00:00-00:00,2021-11-05T20:00:00-00:00,2021-11-05,13,0,SLAP_PGSF-APND,SLAP_PGSF-APND,SLAP_PGSF-APND,DAM,MGHG,LMP_GHG_PRC,SLAP_PGSF-APND,ALL_APNODES,0,0,25
2021-11-06T06:00:00-00:00,2021-11-06T07:00:00-00:00,2021-11-05,24,0,SLAP_PGSF-APND,SLAP_PGSF-APND,SLAP_PGSF-APND,DAM,MGHG,LMP_GHG_PRC,SLAP_PGSF-APND,ALL_APNODES,0,0,25
2021-11-05T15:00:00-00:00,2021-11-05T16:00:00-00:00,2021-11-05,9,0,SLAP_PGSF-APND,SLAP_PGSF-APND,SLAP_PGSF-APND,DAM,MGHG,LMP_GHG_PRC,SLAP_PGSF-APND,ALL_APNODES,0,0,25
2021-11-05T09:00:00-00:00,2021-11-05T10:00:00-00:00,2021-11-05,3,0,SLAP_PGSF-APND,SLAP_PGSF-APND,SLAP_PGSF-APND,DAM,MGHG,LMP_GHG_PRC,SLAP_PGSF-APND,ALL_APNODES,0,0,25
2021-11-05T14:00:00-00:00,2021-11-05T15:00:00-00:00,2021-11-05,8,0,SLAP_PGSF-APND,SLAP_PGSF-APND,SLAP_PGSF-APND,DAM,MGHG,LMP_GHG_PRC,SLAP_PGSF-APND,ALL_APNODES,0,0,25
2021-11-05T20:00:00-00:00,2021-11-05T21:00:00-00:00,2021-11-05,14,0,SLAP_PGSF-APND,SLAP_PGSF-APND,SLAP_PGSF-APND,DAM,MGHG,LMP_GHG_PRC,SLAP_PGSF-APND,ALL_APNODES,0,0,25
2021-11-05T07:00:00-00:00,2021-11-05T08:00:00-00:00,2021-11-05,1,0,SLAP_PGSF-APND,SLAP_PGSF-APND,SLAP_PGSF-APND,DAM,MGHG,LMP_GHG_PRC,SLAP_PGSF-APND,ALL_APNODES,0,0,25
2021-11-05T21:00:00-00:00,2021-11-05T22:00:00-00:00,2021-11-05,15,0,SLAP_PGSF-APND,SLAP_PGSF-APND,SLAP_PGSF-APND,DAM,MGHG,LMP_GHG_PRC,SLAP_PGSF-APND,ALL_APNODES,0,0,25
2021-11-05T12:00:00-00:00,2021-11-05T13:00:00-00:00,2021-11-05,6,0,SLAP_PGSF-APND,SLAP_PGSF-APND,SLAP_PGSF-APND,DAM,MGHG,LMP_GHG_PRC,SLAP_PGSF-APND,ALL_APNODES,0,0,25
2021-11-05T10:00:00-00:00,2021-11-05T11:00:00-00:00,2021-11-05,4,0,SLAP_PGSF-APND,SLAP_PGSF-APND,SLAP_PGSF-APND,DAM,MGHG,LMP_GHG_PRC,SLAP_PGSF-APND,ALL_APNODES,0,0,25
2021-11-06T05:00:00-00:00,2021-11-06T06:00:00-00:00,2021-11-05,23,0,SLAP_PGSF-APND,SLAP_PGSF-APND,SLAP_PGSF-APND,DAM,MGHG,LMP_GHG_PRC,SLAP_PGSF-APND,ALL_APNODES,0,0,25
2021-11-06T16:00:00-00:00,2021-11-06T17:00:00-00:00,2021-11-06,10,0,SLAP_PGSF-APND,SLAP_PGSF-APND,SLAP_PGSF-APND,DAM,LMP,LMP_PRC,SLAP_PGSF-APND,ALL_APNODES,0,43.50266,26
2021-11-06T22:00:00-00:00,2021-11-06T23:00:00-00:00,2021-11-06,16,0,SLAP_PGSF-APND,SLAP_PGSF-APND,SLAP_PGSF-APND,DAM,LMP,LMP_PRC,SLAP_PGSF-APND,ALL_APNODES,0,42.86392,26
2021-11-06T14:00:00-00:00,2021-11-06T15:00:00-00:00,2021-11-06,8,0,SLAP_PGSF-APND,SLAP_PGSF-APND,SLAP_PGSF-APND,DAM,LMP,LMP_PRC,SLAP_PGSF-APND,ALL_APNODES,0,70.01578,26
2021-11-06T12:00:00-00:00,2021-11-06T13:00:00-00:00,2021-11-06,6,0,SLAP_PGSF-APND,SLAP_PGSF-APND,SLAP_PGSF-APND,DAM,LMP,LMP_PRC,SLAP_PGSF-APND,ALL_APNODES,0,60.71717,26
2021-11-06T07:00:00-00:00,2021-11-06T08:00:00-00:00,2021-11-06,1,0,SLAP_PGSF-APND,SLAP_PGSF-APND,SLAP_PGSF-APND,DAM,LMP,LMP_PRC,SLAP_PGSF-APND,ALL_APNODES,0,62.29842,26
2021-11-06T17:00:00-00:00,2021-11-06T18:00:00-00:00,2021-11-06,11,0,SLAP_PGSF-APND,SLAP_PGSF-APND,SLAP_PGSF-APND,DAM,LMP,LMP_PRC,SLAP_PGSF-APND,ALL_APNODES,0,42.90771,26
2021-11-07T00:00:00-00:00,2021-11-07T01:00:00-00:00,2021-11-06,18,0,SLAP_PGSF-APND,SLAP_PGSF-APND,SLAP_PGSF-APND,DAM,LMP,LMP_PRC,SLAP_PGSF-APND,ALL_APNODES,0,80.00089,26
2021-11-06T13:00:00-00:00,2021-11-06T14:00:00-00:00,2021-11-06,7,0,SLAP_PGSF-APND,SLAP_PGSF-APND,SLAP_PGSF-APND,DAM,LMP,LMP_PRC,SLAP_PGSF-APND,ALL_APNODES,0,69.3049,26
2021-11-06T23:00:00-00:00,2021-11-07T00:00:00-00:00,2021-11-06,17,0,SLAP_PGSF-APND,SLAP_PGSF-APND,SLAP_PGSF-APND,DAM,LMP,LMP_PRC,SLAP_PGSF-APND,ALL_APNODES,0,62.66474,26
2021-11-06T11:00:00-00:00,2021-11-06T12:00:00-00:00,2021-11-06,5,0,SLAP_PGSF-APND,SLAP_PGSF-APND,SLAP_PGSF-APND,DAM,LMP,LMP_PRC,SLAP_PGSF-APND,ALL_APNODES,0,55.29964,26
2021-11-06T09:00:00-00:00,2021-11-06T10:00:00-00:00,2021-11-06,3,0,SLAP_PGSF-APND,SLAP_PGSF-APND,SLAP_PGSF-APND,DAM,LMP,LMP_PRC,SLAP_PGSF-APND,ALL_APNODES,0,55.13591,26
2021-11-07T02:00:00-00:00,2021-11-07T03:00:00-00:00,2021-11-06,20,0,SLAP_PGSF-APND,SLAP_PGSF-APND,SLAP_PGSF-APND,DAM,LMP,LMP_PRC,SLAP_PGSF-APND,ALL_APNODES,0,71.86256,26
2021-11-07T01:00:00-00:00,2021-11-07T02:00:00-00:00,2021-11-06,19,0,SLAP_PGSF-APND,SLAP_PGSF-APND,SLAP_PGSF-APND,DAM,LMP,LMP_PRC,SLAP_PGSF-APND,ALL_APNODES,0,90.82137,26
2021-11-07T04:00:00-00:00,2021-11-07T05:00:00-00:00,2021-11-06,22,0,SLAP_PGSF-APND,SLAP_PGSF-APND,SLAP_PGSF-APND,DAM,LMP,LMP_PRC,SLAP_PGSF-APND,ALL_APNODES,0,63.94729,26
2021-11-07T03:00:00-00:00,2021-11-07T04:00:00-00:00,2021-11-06,21,0,SLAP_PGSF-APND,SLAP_PGSF-APND,SLAP_PGSF-APND,DAM,LMP,LMP_PRC,SLAP_PGSF-APND,ALL_APNODES,0,69.77366,26
2021-11-06T15:00:00-00:00,2021-11-06T16:00:00-00:00,2021-11-06,9,0,SLAP_PGSF-APND,SLAP_PGSF-APND,SLAP_PGSF-APND,DAM,LMP,LMP_PRC,SLAP_PGSF-APND,ALL_APNODES,0,59.06864,26
2021-11-06T10:00:00-00:00,2021-11-06T11:00:00-00:00,2021-11-06,4,0,SLAP_PGSF-APND,SLAP_PGSF-APND,SLAP_PGSF-APND,DAM,LMP,LMP_PRC,SLAP_PGSF-APND,ALL_APNODES,0,55.339,26
2021-11-07T06:00:00-00:00,2021-11-07T07:00:00-00:00,2021-11-06,24,0,SLAP_PGSF-APND,SLAP_PGSF-APND,SLAP_PGSF-APND,DAM,LMP,LMP_PRC,SLAP_PGSF-APND,ALL_APNODES,0,58.62533,26
2021-11-06T08:00:00-00:00,2021-11-06T09:00:00-00:00,2021-11-06,2,0,SLAP_PGSF-APND,SLAP_PGSF-APND,SLAP_PGSF-APND,DAM,LMP,LMP_PRC,SLAP_PGSF-APND,ALL_APNODES,0,59.68089,26
2021-11-06T21:00:00-00:00,2021-11-06T22:00:00-00:00,2021-11-06,15,0,SLAP_PGSF-APND,SLAP_PGSF-APND,SLAP_PGSF-APND,DAM,LMP,LMP_PRC,SLAP_PGSF-APND,ALL_APNODES,0,36.01564,26
2021-11-06T19:00:00-00:00,2021-11-06T20:00:00-00:00,2021-11-06,13,0,SLAP_PGSF-APND,SLAP_PGSF-APND,SLAP_PGSF-APND,DAM,LMP,LMP_PRC,SLAP_PGSF-APND,ALL_APNODES,0,35.67902,26
2021-11-06T20:00:00-00:00,2021-11-06T21:00:00-00:00,2021-11-06,14,0,SLAP_PGSF-APND,SLAP_PGSF-APND,SLAP_PGSF-APND,DAM,LMP,LMP_PRC,SLAP_PGSF-APND,ALL_APNODES,0,34.93702,26
2021-11-07T05:00:00-00:00,2021-11-07T06:00:00-00:00,2021-11-06,23,0,SLAP_PGSF-APND,SLAP_PGSF-APND,SLAP_PGSF-APND,DAM,LMP,LMP_PRC,SLAP_PGSF-APND,ALL_APNODES,0,58.10676,26
2021-11-06T18:00:00-00:00,2021-11-06T19:00:00-00:00,2021-11-06,12,0,SLAP_PGSF-APND,SLAP_PGSF-APND,SLAP_PGSF-APND,DAM,LMP,LMP_PRC,SLAP_PGSF-APND,ALL_APNODES,0,37.86394,26
2021-11-06T20:00:00-00:00,2021-11-06T21:00:00-00:00,2021-11-06,14,0,SLAP_PGSF-APND,SLAP_PGSF-APND,SLAP_PGSF-APND,DAM,MCC,LMP_CONG_PRC,SLAP_PGSF-APND,ALL_APNODES,0,2.08765,27
2021-11-06T19:00:00-00:00,2021-11-06T20:00:00-00:00,2021-11-06,13,0,SLAP_PGSF-APND,SLAP_PGSF-APND,SLAP_PGSF-APND,DAM,MCC,LMP_CONG_PRC,SLAP_PGSF-APND,ALL_APNODES,0,1.38629,27
2021-11-06T11:00:00-00:00,2021-11-06T12:00:00-00:00,2021-11-06,5,0,SLAP_PGSF-APND,SLAP_PGSF-APND,SLAP_PGSF-APND,DAM,MCC,LMP_CONG_PRC,SLAP_PGSF-APND,ALL_APNODES,0,0,27
2021-11-07T02:00:00-00:00,2021-11-07T03:00:00-00:00,2021-11-06,20,0,SLAP_PGSF-APND,SLAP_PGSF-APND,SLAP_PGSF-APND,DAM,MCC,LMP_CONG_PRC,SLAP_PGSF-APND,ALL_APNODES,0,0,27
2021-11-06T18:00:00-00:00,2021-11-06T19:00:00-00:00,2021-11-06,12,0,SLAP_PGSF-APND,SLAP_PGSF-APND,SLAP_PGSF-APND,DAM,MCC,LMP_CONG_PRC,SLAP_PGSF-APND,ALL_APNODES,0,2.49308,27
2021-11-07T04:00:00-00:00,2021-11-07T05:00:00-00:00,2021-11-06,22,0,SLAP_PGSF-APND,SLAP_PGSF-APND,SLAP_PGSF-APND,DAM,MCC,LMP_CONG_PRC,SLAP_PGSF-APND,ALL_APNODES,0,0,27
2021-11-07T03:00:00-00:00,2021-11-07T04:00:00-00:00,2021-11-06,21,0,SLAP_PGSF-APND,SLAP_PGSF-APND,SLAP_PGSF-APND,DAM,MCC,LMP_CONG_PRC,SLAP_PGSF-APND,ALL_APNODES,0,0,27
2021-11-06T09:00:00-00:00,2021-11-06T10:00:00-00:00,2021-11-06,3,0,SLAP_PGSF-APND,SLAP_PGSF-APND,SLAP_PGSF-APND,DAM,MCC,LMP_CONG_PRC,SLAP_PGSF-APND,ALL_APNODES,0,0,27
2021-11-06T08:00:00-00:00,2021-11-06T09:00:00-00:00,2021-11-06,2,0,SLAP_PGSF-APND,SLAP_PGSF-APND,SLAP_PGSF-APND,DAM,MCC,LMP_CONG_PRC,SLAP_PGSF-APND,ALL_APNODES,0,0,27
2021-11-06T07:00:00-00:00,2021-11-06T08:00:00-00:00,2021-11-06,1,0,SLAP_PGSF-APND,SLAP_PGSF-APND,SLAP_PGSF-APND,DAM,MCC,LMP_CONG_PRC,SLAP_PGSF-APND,ALL_APNODES,0,0,27
2021-11-06T22:00:00-00:00,2021-11-06T23:00:00-00:00,2021-11-06,16,0,SLAP_PGSF-APND,SLAP_PGSF-APND,SLAP_PGSF-APND,DAM,MCC,LMP_CONG_PRC,SLAP_PGSF-APND,ALL_APNODES,0,0.41376,27
2021-11-06T21:00:00-00:00,2021-11-06T22:00:00-00:00,2021-11-06,15,0,SLAP_PGSF-APND,SLAP_PGSF-APND,SLAP_PGSF-APND,DAM,MCC,LMP_CONG_PRC,SLAP_PGSF-APND,ALL_APNODES,0,0,27
2021-11-06T16:00:00-00:00,2021-11-06T17:00:00-00:00,2021-11-06,10,0,SLAP_PGSF-APND,SLAP_PGSF-APND,SLAP_PGSF-APND,DAM,MCC,LMP_CONG_PRC,SLAP_PGSF-APND,ALL_APNODES,0,-0.27237,27
2021-11-06T14:00:00-00:00,2021-11-06T15:00:00-00:00,2021-11-06,8,0,SLAP_PGSF-APND,SLAP_PGSF-APND,SLAP_PGSF-APND,DAM,MCC,LMP_CONG_PRC,SLAP_PGSF-APND,ALL_APNODES,0,0,27
2021-11-06T12:00:00-00:00,2021-11-06T13:00:00-00:00,2021-11-06,6,0,SLAP_PGSF-APND,SLAP_PGSF-APND,SLAP_PGSF-APND,DAM,MCC,LMP_CONG_PRC,SLAP_PGSF-APND,ALL_APNODES,0,0,27
2021-11-07T01:00:00-00:00,2021-11-07T02:00:00-00:00,2021-11-06,19,0,SLAP_PGSF-APND,SLAP_PGSF-APND,SLAP_PGSF-APND,DAM,MCC,LMP_CONG_PRC,SLAP_PGSF-APND,ALL_APNODES,0,1.49022,27
2021-11-06T23:00:00-00:00,2021-11-07T00:00:00-00:00,2021-11-06,17,0,SLAP_PGSF-APND,SLAP_PGSF-APND,SLAP_PGSF-APND,DAM,MCC,LMP_CONG_PRC,SLAP_PGSF-APND,ALL_APNODES,0,1.12077,27
2021-11-07T05:00:00-00:00,2021-11-07T06:00:00-00:00,2021-11-06,23,0,SLAP_PGSF-APND,SLAP_PGSF-APND,SLAP_PGSF-APND,DAM,MCC,LMP_CONG_PRC,SLAP_PGSF-APND,ALL_APNODES,0,0,27
2021-11-06T10:00:00-00:00,2021-11-06T11:00:00-00:00,2021-11-06,4,0,SLAP_PGSF-APND,SLAP_PGSF-APND,SLAP_PGSF-APND,DAM,MCC,LMP_CONG_PRC,SLAP_PGSF-APND,ALL_APNODES,0,0,27
2021-11-06T17:00:00-00:00,2021-11-06T18:00:00-00:00,2021-11-06,11,0,SLAP_PGSF-APND,SLAP_PGSF-APND,SLAP_PGSF-APND,DAM,MCC,LMP_CONG_PRC,SLAP_PGSF-APND,ALL_APNODES,0,3.22461,27
2021-11-07T06:00:00-00:00,2021-11-07T07:00:00-00:00,2021-11-06,24,0,SLAP_PGSF-APND,SLAP_PGSF-APND,SLAP_PGSF-APND,DAM,MCC,LMP_CONG_PRC,SLAP_PGSF-APND,ALL_APNODES,0,0,27
2021-11-06T13:00:00-00:00,2021-11-06T14:00:00-00:00,2021-11-06,7,0,SLAP_PGSF-APND,SLAP_PGSF-APND,SLAP_PGSF-APND,DAM,MCC,LMP_CONG_PRC,SLAP_PGSF-APND,ALL_APNODES,0,0,27
2021-11-07T00:00:00-00:00,2021-11-07T01:00:00-00:00,2021-11-06,18,0,SLAP_PGSF-APND,SLAP_PGSF-APND,SLAP_PGSF-APND,DAM,MCC,LMP_CONG_PRC,SLAP_PGSF-APND,ALL_APNODES,0,0,27
2021-11-06T15:00:00-00:00,2021-11-06T16:00:00-00:00,2021-11-06,9,0,SLAP_PGSF-APND,SLAP_PGSF-APND,SLAP_PGSF-APND,DAM,MCC,LMP_CONG_PRC,SLAP_PGSF-APND,ALL_APNODES,0,0,27
2021-11-06T20:00:00-00:00,2021-11-06T21:00:00-00:00,2021-11-06,14,0,SLAP_PGSF-APND,SLAP_PGSF-APND,SLAP_PGSF-APND,DAM,MCE,LMP_ENE_PRC,SLAP_PGSF-APND,ALL_APNODES,0,29.99395,28
2021-11-06T11:00:00-00:00,2021-11-06T12:00:00-00:00,2021-11-06,5,0,SLAP_PGSF-APND,SLAP_PGSF-APND,SLAP_PGSF-APND,DAM,MCE,LMP_ENE_PRC,SLAP_PGSF-APND,ALL_APNODES,0,54.2366,28
2021-11-06T14:00:00-00:00,2021-11-06T15:00:00-00:00,2021-11-06,8,0,SLAP_PGSF-APND,SLAP_PGSF-APND,SLAP_PGSF-APND,DAM,MCE,LMP_ENE_PRC,SLAP_PGSF-APND,ALL_APNODES,0,68.52871,28
2021-11-06T19:00:00-00:00,2021-11-06T20:00:00-00:00,2021-11-06,13,0,SLAP_PGSF-APND,SLAP_PGSF-APND,SLAP_PGSF-APND,DAM,MCE,LMP_ENE_PRC,SLAP_PGSF-APND,ALL_APNODES,0,31.467,28
2021-11-07T00:00:00-00:00,2021-11-07T01:00:00-00:00,2021-11-06,18,0,SLAP_PGSF-APND,SLAP_PGSF-APND,SLAP_PGSF-APND,DAM,MCE,LMP_ENE_PRC,SLAP_PGSF-APND,ALL_APNODES,0,78.10299,28
2021-11-06T10:00:00-00:00,2021-11-06T11:00:00-00:00,2021-11-06,4,0,SLAP_PGSF-APND,SLAP_PGSF-APND,SLAP_PGSF-APND,DAM,MCE,LMP_ENE_PRC,SLAP_PGSF-APND,ALL_APNODES,0,54.25392,28
2021-11-07T05:00:00-00:00,2021-11-07T06:00:00-00:00,2021-11-06,23,0,SLAP_PGSF-APND,SLAP_PGSF-APND,SLAP_PGSF-APND,DAM,MCE,LMP_ENE_PRC,SLAP_PGSF-APND,ALL_APNODES,0,57.07372,28
2021-11-06T15:00:00-00:00,2021-11-06T16:00:00-00:00,2021-11-06,9,0,SLAP_PGSF-APND,SLAP_PGSF-APND,SLAP_PGSF-APND,DAM,MCE,LMP_ENE_PRC,SLAP_PGSF-APND,ALL_APNODES,0,56.37397,28
2021-11-06T17:00:00-00:00,2021-11-06T18:00:00-00:00,2021-11-06,11,0,SLAP_PGSF-APND,SLAP_PGSF-APND,SLAP_PGSF-APND,DAM,MCE,LMP_ENE_PRC,SLAP_PGSF-APND,ALL_APNODES,0,36.52379,28
2021-11-06T21:00:00-00:00,2021-11-06T22:00:00-00:00,2021-11-06,15,0,SLAP_PGSF-APND,SLAP_PGSF-APND,SLAP_PGSF-APND,DAM,MCE,LMP_ENE_PRC,SLAP_PGSF-APND,ALL_APNODES,0,33.28309,28
2021-11-06T22:00:00-00:00,2021-11-06T23:00:00-00:00,2021-11-06,16,0,SLAP_PGSF-APND,SLAP_PGSF-APND,SLAP_PGSF-APND,DAM,MCE,LMP_ENE_PRC,SLAP_PGSF-APND,ALL_APNODES,0,39.43716,28
2021-11-06T12:00:00-00:00,2021-11-06T13:00:00-00:00,2021-11-06,6,0,SLAP_PGSF-APND,SLAP_PGSF-APND,SLAP_PGSF-APND,DAM,MCE,LMP_ENE_PRC,SLAP_PGSF-APND,ALL_APNODES,0,59.45669,28
2021-11-07T04:00:00-00:00,2021-11-07T05:00:00-00:00,2021-11-06,22,0,SLAP_PGSF-APND,SLAP_PGSF-APND,SLAP_PGSF-APND,DAM,MCE,LMP_ENE_PRC,SLAP_PGSF-APND,ALL_APNODES,0,62.75494,28
2021-11-06T16:00:00-00:00,2021-11-06T17:00:00-00:00,2021-11-06,10,0,SLAP_PGSF-APND,SLAP_PGSF-APND,SLAP_PGSF-APND,DAM,MCE,LMP_ENE_PRC,SLAP_PGSF-APND,ALL_APNODES,0,40.57376,28
2021-11-06T18:00:00-00:00,2021-11-06T19:00:00-00:00,2021-11-06,12,0,SLAP_PGSF-APND,SLAP_PGSF-APND,SLAP_PGSF-APND,DAM,MCE,LMP_ENE_PRC,SLAP_PGSF-APND,ALL_APNODES,0,32.5339,28
2021-11-07T01:00:00-00:00,2021-11-07T02:00:00-00:00,2021-11-06,19,0,SLAP_PGSF-APND,SLAP_PGSF-APND,SLAP_PGSF-APND,DAM,MCE,LMP_ENE_PRC,SLAP_PGSF-APND,ALL_APNODES,0,87.59674,28
2021-11-06T09:00:00-00:00,2021-11-06T10:00:00-00:00,2021-11-06,3,0,SLAP_PGSF-APND,SLAP_PGSF-APND,SLAP_PGSF-APND,DAM,MCE,LMP_ENE_PRC,SLAP_PGSF-APND,ALL_APNODES,0,54.13974,28
2021-11-07T03:00:00-00:00,2021-11-07T04:00:00-00:00,2021-11-06,21,0,SLAP_PGSF-APND,SLAP_PGSF-APND,SLAP_PGSF-APND,DAM,MCE,LMP_ENE_PRC,SLAP_PGSF-APND,ALL_APNODES,0,68.265,28
2021-11-07T02:00:00-00:00,2021-11-07T03:00:00-00:00,2021-11-06,20,0,SLAP_PGSF-APND,SLAP_PGSF-APND,SLAP_PGSF-APND,DAM,MCE,LMP_ENE_PRC,SLAP_PGSF-APND,ALL_APNODES,0,70.46731,28
2021-11-06T07:00:00-00:00,2021-11-06T08:00:00-00:00,2021-11-06,1,0,SLAP_PGSF-APND,SLAP_PGSF-APND,SLAP_PGSF-APND,DAM,MCE,LMP_ENE_PRC,SLAP_PGSF-APND,ALL_APNODES,0,61.45647,28
2021-11-06T08:00:00-00:00,2021-11-06T09:00:00-00:00,2021-11-06,2,0,SLAP_PGSF-APND,SLAP_PGSF-APND,SLAP_PGSF-APND,DAM,MCE,LMP_ENE_PRC,SLAP_PGSF-APND,ALL_APNODES,0,58.41904,28
2021-11-07T06:00:00-00:00,2021-11-07T07:00:00-00:00,2021-11-06,24,0,SLAP_PGSF-APND,SLAP_PGSF-APND,SLAP_PGSF-APND,DAM,MCE,LMP_ENE_PRC,SLAP_PGSF-APND,ALL_APNODES,0,57.09518,28
2021-11-06T23:00:00-00:00,2021-11-07T00:00:00-00:00,2021-11-06,17,0,SLAP_PGSF-APND,SLAP_PGSF-APND,SLAP_PGSF-APND,DAM,MCE,LMP_ENE_PRC,SLAP_PGSF-APND,ALL_APNODES,0,58.35211,28
2021-11-06T13:00:00-00:00,2021-11-06T14:00:00-00:00,2021-11-06,7,0,SLAP_PGSF-APND,SLAP_PGSF-APND,SLAP_PGSF-APND,DAM,MCE,LMP_ENE_PRC,SLAP_PGSF-APND,ALL_APNODES,0,67.84621,28
2021-11-06T19:00:00-00:00,2021-11-06T20:00:00-00:00,2021-11-06,13,0,SLAP_PGSF-APND,SLAP_PGSF-APND,SLAP_PGSF-APND,DAM,MCL,LMP_LOSS_PRC,SLAP_PGSF-APND,ALL_APNODES,0,2.82574,29
2021-11-06T10:00:00-00:00,2021-11-06T11:00:00-00:00,2021-11-06,4,0,SLAP_PGSF-APND,SLAP_PGSF-APND,SLAP_PGSF-APND,DAM,MCL,LMP_LOSS_PRC,SLAP_PGSF-APND,ALL_APNODES,0,1.08508,29
2021-11-07T01:00:00-00:00,2021-11-07T02:00:00-00:00,2021-11-06,19,0,SLAP_PGSF-APND,SLAP_PGSF-APND,SLAP_PGSF-APND,DAM,MCL,LMP_LOSS_PRC,SLAP_PGSF-APND,ALL_APNODES,0,1.73442,29
2021-11-06T09:00:00-00:00,2021-11-06T10:00:00-00:00,2021-11-06,3,0,SLAP_PGSF-APND,SLAP_PGSF-APND,SLAP_PGSF-APND,DAM,MCL,LMP_LOSS_PRC,SLAP_PGSF-APND,ALL_APNODES,0,0.99617,29
2021-11-06T14:00:00-00:00,2021-11-06T15:00:00-00:00,2021-11-06,8,0,SLAP_PGSF-APND,SLAP_PGSF-APND,SLAP_PGSF-APND,DAM,MCL,LMP_LOSS_PRC,SLAP_PGSF-APND,ALL_APNODES,0,1.48707,29
2021-11-06T22:00:00-00:00,2021-11-06T23:00:00-00:00,2021-11-06,16,0,SLAP_PGSF-APND,SLAP_PGSF-APND,SLAP_PGSF-APND,DAM,MCL,LMP_LOSS_PRC,SLAP_PGSF-APND,ALL_APNODES,0,3.013,29
2021-11-06T11:00:00-00:00,2021-11-06T12:00:00-00:00,2021-11-06,5,0,SLAP_PGSF-APND,SLAP_PGSF-APND,SLAP_PGSF-APND,DAM,MCL,LMP_LOSS_PRC,SLAP_PGSF-APND,ALL_APNODES,0,1.06304,29
2021-11-07T00:00:00-00:00,2021-11-07T01:00:00-00:00,2021-11-06,18,0,SLAP_PGSF-APND,SLAP_PGSF-APND,SLAP_PGSF-APND,DAM,MCL,LMP_LOSS_PRC,SLAP_PGSF-APND,ALL_APNODES,0,1.8979,29
2021-11-06T17:00:00-00:00,2021-11-06T18:00:00-00:00,2021-11-06,11,0,SLAP_PGSF-APND,SLAP_PGSF-APND,SLAP_PGSF-APND,DAM,MCL,LMP_LOSS_PRC,SLAP_PGSF-APND,ALL_APNODES,0,3.15931,29
2021-11-06T08:00:00-00:00,2021-11-06T09:00:00-00:00,2021-11-06,2,0,SLAP_PGSF-APND,SLAP_PGSF-APND,SLAP_PGSF-APND,DAM,MCL,LMP_LOSS_PRC,SLAP_PGSF-APND,ALL_APNODES,0,1.26185,29
2021-11-06T20:00:00-00:00,2021-11-06T21:00:00-00:00,2021-11-06,14,0,SLAP_PGSF-APND,SLAP_PGSF-APND,SLAP_PGSF-APND,DAM,MCL,LMP_LOSS_PRC,SLAP_PGSF-APND,ALL_APNODES,0,2.85542,29
2021-11-06T07:00:00-00:00,2021-11-06T08:00:00-00:00,2021-11-06,1,0,SLAP_PGSF-APND,SLAP_PGSF-APND,SLAP_PGSF-APND,DAM,MCL,LMP_LOSS_PRC,SLAP_PGSF-APND,ALL_APNODES,0,0.84195,29
2021-11-07T06:00:00-00:00,2021-11-07T07:00:00-00:00,2021-11-06,24,0,SLAP_PGSF-APND,SLAP_PGSF-APND,SLAP_PGSF-APND,DAM,MCL,LMP_LOSS_PRC,SLAP_PGSF-APND,ALL_APNODES,0,1.53015,29
2021-11-07T03:00:00-00:00,2021-11-07T04:00:00-00:00,2021-11-06,21,0,SLAP_PGSF-APND,SLAP_PGSF-APND,SLAP_PGSF-APND,DAM,MCL,LMP_LOSS_PRC,SLAP_PGSF-APND,ALL_APNODES,0,1.50866,29
2021-11-07T05:00:00-00:00,2021-11-07T06:00:00-00:00,2021-11-06,23,0,SLAP_PGSF-APND,SLAP_PGSF-APND,SLAP_PGSF-APND,DAM,MCL,LMP_LOSS_PRC,SLAP_PGSF-APND,ALL_APNODES,0,1.03303,29
2021-11-07T04:00:00-00:00,2021-11-07T05:00:00-00:00,2021-11-06,22,0,SLAP_PGSF-APND,SLAP_PGSF-APND,SLAP_PGSF-APND,DAM,MCL,LMP_LOSS_PRC,SLAP_PGSF-APND,ALL_APNODES,0,1.19234,29
2021-11-06T15:00:00-00:00,2021-11-06T16:00:00-00:00,2021-11-06,9,0,SLAP_PGSF-APND,SLAP_PGSF-APND,SLAP_PGSF-APND,DAM,MCL,LMP_LOSS_PRC,SLAP_PGSF-APND,ALL_APNODES,0,2.69468,29
2021-11-07T02:00:00-00:00,2021-11-07T03:00:00-00:00,2021-11-06,20,0,SLAP_PGSF-APND,SLAP_PGSF-APND,SLAP_PGSF-APND,DAM,MCL,LMP_LOSS_PRC,SLAP_PGSF-APND,ALL_APNODES,0,1.39525,29
2021-11-06T18:00:00-00:00,2021-11-06T19:00:00-00:00,2021-11-06,12,0,SLAP_PGSF-APND,SLAP_PGSF-APND,SLAP_PGSF-APND,DAM,MCL,LMP_LOSS_PRC,SLAP_PGSF-APND,ALL_APNODES,0,2.83696,29
2021-11-06T21:00:00-00:00,2021-11-06T22:00:00-00:00,2021-11-06,15,0,SLAP_PGSF-APND,SLAP_PGSF-APND,SLAP_PGSF-APND,DAM,MCL,LMP_LOSS_PRC,SLAP_PGSF-APND,ALL_APNODES,0,2.73254,29
2021-11-06T13:00:00-00:00,2021-11-06T14:00:00-00:00,2021-11-06,7,0,SLAP_PGSF-APND,SLAP_PGSF-APND,SLAP_PGSF-APND,DAM,MCL,LMP_LOSS_PRC,SLAP_PGSF-APND,ALL_APNODES,0,1.45869,29
2021-11-06T12:00:00-00:00,2021-11-06T13:00:00-00:00,2021-11-06,6,0,SLAP_PGSF-APND,SLAP_PGSF-APND,SLAP_PGSF-APND,DAM,MCL,LMP_LOSS_PRC,SLAP_PGSF-APND,ALL_APNODES,0,1.26048,29
2021-11-06T23:00:00-00:00,2021-11-07T00:00:00-00:00,2021-11-06,17,0,SLAP_PGSF-APND,SLAP_PGSF-APND,SLAP_PGSF-APND,DAM,MCL,LMP_LOSS_PRC,SLAP_PGSF-APND,ALL_APNODES,0,3.19186,29
2021-11-06T16:00:00-00:00,2021-11-06T17:00:00-00:00,2021-11-06,10,0,SLAP_PGSF-APND,SLAP_PGSF-APND,SLAP_PGSF-APND,DAM,MCL,LMP_LOSS_PRC,SLAP_PGSF-APND,ALL_APNODES,0,3.20127,29
2021-11-06T23:00:00-00:00,2021-11-07T00:00:00-00:00,2021-11-06,17,0,SLAP_PGSF-APND,SLAP_PGSF-APND,SLAP_PGSF-APND,DAM,MGHG,LMP_GHG_PRC,SLAP_PGSF-APND,ALL_APNODES,0,0,30
2021-11-07T04:00:00-00:00,2021-11-07T05:00:00-00:00,2021-11-06,22,0,SLAP_PGSF-APND,SLAP_PGSF-APND,SLAP_PGSF-APND,DAM,MGHG,LMP_GHG_PRC,SLAP_PGSF-APND,ALL_APNODES,0,0,30
2021-11-06T15:00:00-00:00,2021-11-06T16:00:00-00:00,2021-11-06,9,0,SLAP_PGSF-APND,SLAP_PGSF-APND,SLAP_PGSF-APND,DAM,MGHG,LMP_GHG_PRC,SLAP_PGSF-APND,ALL_APNODES,0,0,30
2021-11-06T16:00:00-00:00,2021-11-06T17:00:00-00:00,2021-11-06,10,0,SLAP_PGSF-APND,SLAP_PGSF-APND,SLAP_PGSF-APND,DAM,MGHG,LMP_GHG_PRC,SLAP_PGSF-APND,ALL_APNODES,0,0,30
2021-11-06T12:00:00-00:00,2021-11-06T13:00:00-00:00,2021-11-06,6,0,SLAP_PGSF-APND,SLAP_PGSF-APND,SLAP_PGSF-APND,DAM,MGHG,LMP_GHG_PRC,SLAP_PGSF-APND,ALL_APNODES,0,0,30
2021-11-06T10:00:00-00:00,2021-11-06T11:00:00-00:00,2021-11-06,4,0,SLAP_PGSF-APND,SLAP_PGSF-APND,SLAP_PGSF-APND,DAM,MGHG,LMP_GHG_PRC,SLAP_PGSF-APND,ALL_APNODES,0,0,30
2021-11-06T07:00:00-00:00,2021-11-06T08:00:00-00:00,2021-11-06,1,0,SLAP_PGSF-APND,SLAP_PGSF-APND,SLAP_PGSF-APND,DAM,MGHG,LMP_GHG_PRC,SLAP_PGSF-APND,ALL_APNODES,0,0,30
2021-11-07T01:00:00-00:00,2021-11-07T02:00:00-00:00,2021-11-06,19,0,SLAP_PGSF-APND,SLAP_PGSF-APND,SLAP_PGSF-APND,DAM,MGHG,LMP_GHG_PRC,SLAP_PGSF-APND,ALL_APNODES,0,0,30
2021-11-07T00:00:00-00:00,2021-11-07T01:00:00-00:00,2021-11-06,18,0,SLAP_PGSF-APND,SLAP_PGSF-APND,SLAP_PGSF-APND,DAM,MGHG,LMP_GHG_PRC,SLAP_PGSF-APND,ALL_APNODES,0,0,30
2021-11-07T06:00:00-00:00,2021-11-07T07:00:00-00:00,2021-11-06,24,0,SLAP_PGSF-APND,SLAP_PGSF-APND,SLAP_PGSF-APND,DAM,MGHG,LMP_GHG_PRC,SLAP_PGSF-APND,ALL_APNODES,0,0,30
2021-11-07T05:00:00-00:00,2021-11-07T06:00:00-00:00,2021-11-06,23,0,SLAP_PGSF-APND,SLAP_PGSF-APND,SLAP_PGSF-APND,DAM,MGHG,LMP_GHG_PRC,SLAP_PGSF-APND,ALL_APNODES,0,0,30
2021-11-06T22:00:00-00:00,2021-11-06T23:00:00-00:00,2021-11-06,16,0,SLAP_PGSF-APND,SLAP_PGSF-APND,SLAP_PGSF-APND,DAM,MGHG,LMP_GHG_PRC,SLAP_PGSF-APND,ALL_APNODES,0,0,30
2021-11-06T20:00:00-00:00,2021-11-06T21:00:00-00:00,2021-11-06,14,0,SLAP_PGSF-APND,SLAP_PGSF-APND,SLAP_PGSF-APND,DAM,MGHG,LMP_GHG_PRC,SLAP_PGSF-APND,ALL_APNODES,0,0,30
2021-11-07T03:00:00-00:00,2021-11-07T04:00:00-00:00,2021-11-06,21,0,SLAP_PGSF-APND,SLAP_PGSF-APND,SLAP_PGSF-APND,DAM,MGHG,LMP_GHG_PRC,SLAP_PGSF-APND,ALL_APNODES,0,0,30
2021-11-06T13:00:00-00:00,2021-11-06T14:00:00-00:00,2021-11-06,7,0,SLAP_PGSF-APND,SLAP_PGSF-APND,SLAP_PGSF-APND,DAM,MGHG,LMP_GHG_PRC,SLAP_PGSF-APND,ALL_APNODES,0,0,30
2021-11-06T21:00:00-00:00,2021-11-06T22:00:00-00:00,2021-11-06,15,0,SLAP_PGSF-APND,SLAP_PGSF-APND,SLAP_PGSF-APND,DAM,MGHG,LMP_GHG_PRC,SLAP_PGSF-APND,ALL_APNODES,0,0,30
2021-11-06T19:00:00-00:00,2021-11-06T20:00:00-00:00,2021-11-06,13,0,SLAP_PGSF-APND,SLAP_PGSF-APND,SLAP_PGSF-APND,DAM,MGHG,LMP_GHG_PRC,SLAP_PGSF-APND,ALL_APNODES,0,0,30
2021-11-06T17:00:00-00:00,2021-11-06T18:00:00-00:00,2021-11-06,11,0,SLAP_PGSF-APND,SLAP_PGSF-APND,SLAP_PGSF-APND,DAM,MGHG,LMP_GHG_PRC,SLAP_PGSF-APND,ALL_APNODES,0,0,30
2021-11-06T11:00:00-00:00,2021-11-06T12:00:00-00:00,2021-11-06,5,0,SLAP_PGSF-APND,SLAP_PGSF-APND,SLAP_PGSF-APND,DAM,MGHG,LMP_GHG_PRC,SLAP_PGSF-APND,ALL_APNODES,0,0,30
2021-11-06T09:00:00-00:00,2021-11-06T10:00:00-00:00,2021-11-06,3,0,SLAP_PGSF-APND,SLAP_PGSF-APND,SLAP_PGSF-APND,DAM,MGHG,LMP_GHG_PRC,SLAP_PGSF-APND,ALL_APNODES,0,0,30
2021-11-06T08:00:00-00:00,2021-11-06T09:00:00-00:00,2021-11-06,2,0,SLAP_PGSF-APND,SLAP_PGSF-APND,SLAP_PGSF-APND,DAM,MGHG,LMP_GHG_PRC,SLAP_PGSF-APND,ALL_APNODES,0,0,30
2021-11-07T02:00:00-00:00,2021-11-07T03:00:00-00:00,2021-11-06,20,0,SLAP_PGSF-APND,SLAP_PGSF-APND,SLAP_PGSF-APND,DAM,MGHG,LMP_GHG_PRC,SLAP_PGSF-APND,ALL_APNODES,0,0,30
2021-11-06T14:00:00-00:00,2021-11-06T15:00:00-00:00,2021-11-06,8,0,SLAP_PGSF-APND,SLAP_PGSF-APND,SLAP_PGSF-APND,DAM,MGHG,LMP_GHG_PRC,SLAP_PGSF-APND,ALL_APNODES,0,0,30
2021-11-06T18:00:00-00:00,2021-11-06T19:00:00-00:00,2021-11-06,12,0,SLAP_PGSF-APND,SLAP_PGSF-APND,SLAP_PGSF-APND,DAM,MGHG,LMP_GHG_PRC,SLAP_PGSF-APND,ALL_APNODES,0,0,30
2021-11-08T01:00:00-00:00,2021-11-08T02:00:00-00:00,2021-11-07,18,0,SLAP_PGSF-APND,SLAP_PGSF-APND,SLAP_PGSF-APND,DAM,LMP,LMP_PRC,SLAP_PGSF-APND,ALL_APNODES,0,90.31042,31
2021-11-07T11:00:00-00:00,2021-11-07T12:00:00-00:00,2021-11-07,4,0,SLAP_PGSF-APND,SLAP_PGSF-APND,SLAP_PGSF-APND,DAM,LMP,LMP_PRC,SLAP_PGSF-APND,ALL_APNODES,0,54.81275,31
2021-11-07T14:00:00-00:00,2021-11-07T15:00:00-00:00,2021-11-07,7,0,SLAP_PGSF-APND,SLAP_PGSF-APND,SLAP_PGSF-APND,DAM,LMP,LMP_PRC,SLAP_PGSF-APND,ALL_APNODES,0,63.52573,31
2021-11-08T03:00:00-00:00,2021-11-08T04:00:00-00:00,2021-11-07,20,0,SLAP_PGSF-APND,SLAP_PGSF-APND,SLAP_PGSF-APND,DAM,LMP,LMP_PRC,SLAP_PGSF-APND,ALL_APNODES,0,70.82638,31
2021-11-07T23:00:00-00:00,2021-11-08T00:00:00-00:00,2021-11-07,16,0,SLAP_PGSF-APND,SLAP_PGSF-APND,SLAP_PGSF-APND,DAM,LMP,LMP_PRC,SLAP_PGSF-APND,ALL_APNODES,0,52.09732,31
2021-11-07T21:00:00-00:00,2021-11-07T22:00:00-00:00,2021-11-07,14,0,SLAP_PGSF-APND,SLAP_PGSF-APND,SLAP_PGSF-APND,DAM,LMP,LMP_PRC,SLAP_PGSF-APND,ALL_APNODES,0,33.89591,31
2021-11-07T16:00:00-00:00,2021-11-07T17:00:00-00:00,2021-11-07,9,0,SLAP_PGSF-APND,SLAP_PGSF-APND,SLAP_PGSF-APND,DAM,LMP,LMP_PRC,SLAP_PGSF-APND,ALL_APNODES,0,43.58478,31
2021-11-08T04:00:00-00:00,2021-11-08T05:00:00-00:00,2021-11-07,21,0,SLAP_PGSF-APND,SLAP_PGSF-APND,SLAP_PGSF-APND,DAM,LMP,LMP_PRC,SLAP_PGSF-APND,ALL_APNODES,0,68.47631,31
2021-11-08T00:00:00-00:00,2021-11-08T01:00:00-00:00,2021-11-07,17,0,SLAP_PGSF-APND,SLAP_PGSF-APND,SLAP_PGSF-APND,DAM,LMP,LMP_PRC,SLAP_PGSF-APND,ALL_APNODES,0,71.73746,31
2021-11-07T22:00:00-00:00,2021-11-07T23:00:00-00:00,2021-11-07,15,0,SLAP_PGSF-APND,SLAP_PGSF-APND,SLAP_PGSF-APND,DAM,LMP,LMP_PRC,SLAP_PGSF-APND,ALL_APNODES,0,33.01062,31
2021-11-07T15:00:00-00:00,2021-11-07T16:00:00-00:00,2021-11-07,8,0,SLAP_PGSF-APND,SLAP_PGSF-APND,SLAP_PGSF-APND,DAM,LMP,LMP_PRC,SLAP_PGSF-APND,ALL_APNODES,0,57.23069,31
2021-11-07T20:00:00-00:00,2021-11-07T21:00:00-00:00,2021-11-07,13,0,SLAP_PGSF-APND,SLAP_PGSF-APND,SLAP_PGSF-APND,DAM,LMP,LMP_PRC,SLAP_PGSF-APND,ALL_APNODES,0,34.4188,31
2021-11-07T19:00:00-00:00,2021-11-07T20:00:00-00:00,2021-11-07,12,0,SLAP_PGSF-APND,SLAP_PGSF-APND,SLAP_PGSF-APND,DAM,LMP,LMP_PRC,SLAP_PGSF-APND,ALL_APNODES,0,34.42408,31
2021-11-07T17:00:00-00:00,2021-11-07T18:00:00-00:00,2021-11-07,10,0,SLAP_PGSF-APND,SLAP_PGSF-APND,SLAP_PGSF-APND,DAM,LMP,LMP_PRC,SLAP_PGSF-APND,ALL_APNODES,0,42.6236,31
2021-11-08T07:00:00-00:00,2021-11-08T08:00:00-00:00,2021-11-07,24,0,SLAP_PGSF-APND,SLAP_PGSF-APND,SLAP_PGSF-APND,DAM,LMP,LMP_PRC,SLAP_PGSF-APND,ALL_APNODES,0,55,31
2021-11-07T12:00:00-00:00,2021-11-07T13:00:00-00:00,2021-11-07,5,0,SLAP_PGSF-APND,SLAP_PGSF-APND,SLAP_PGSF-APND,DAM,LMP,LMP_PRC,SLAP_PGSF-APND,ALL_APNODES,0,58.44928,31
2021-11-07T10:00:00-00:00,2021-11-07T11:00:00-00:00,2021-11-07,3,0,SLAP_PGSF-APND,SLAP_PGSF-APND,SLAP_PGSF-APND,DAM,LMP,LMP_PRC,SLAP_PGSF-APND,ALL_APNODES,0,55.3148,31
2021-11-07T09:00:00-00:00,2021-11-07T10:00:00-00:00,2021-11-07,25,0,SLAP_PGSF-APND,SLAP_PGSF-APND,SLAP_PGSF-APND,DAM,LMP,LMP_PRC,SLAP_PGSF-APND,ALL_APNODES,0,53.53094,31
2021-11-07T08:00:00-00:00,2021-11-07T09:00:00-00:00,2021-11-07,2,0,SLAP_PGSF-APND,SLAP_PGSF-APND,SLAP_PGSF-APND,DAM,LMP,LMP_PRC,SLAP_PGSF-APND,ALL_APNODES,0,54.89202,31
2021-11-08T02:00:00-00:00,2021-11-08T03:00:00-00:00,2021-11-07,19,0,SLAP_PGSF-APND,SLAP_PGSF-APND,SLAP_PGSF-APND,DAM,LMP,LMP_PRC,SLAP_PGSF-APND,ALL_APNODES,0,75.3977,31
2021-11-08T05:00:00-00:00,2021-11-08T06:00:00-00:00,2021-11-07,22,0,SLAP_PGSF-APND,SLAP_PGSF-APND,SLAP_PGSF-APND,DAM,LMP,LMP_PRC,SLAP_PGSF-APND,ALL_APNODES,0,61.71019,31
2021-11-07T07:00:00-00:00,2021-11-07T08:00:00-00:00,2021-11-07,1,0,SLAP_PGSF-APND,SLAP_PGSF-APND,SLAP_PGSF-APND,DAM,LMP,LMP_PRC,SLAP_PGSF-APND,ALL_APNODES,0,55.04609,31
2021-11-08T06:00:00-00:00,2021-11-08T07:00:00-00:00,2021-11-07,23,0,SLAP_PGSF-APND,SLAP_PGSF-APND,SLAP_PGSF-APND,DAM,LMP,LMP_PRC,SLAP_PGSF-APND,ALL_APNODES,0,60.01279,31
2021-11-07T13:00:00-00:00,2021-11-07T14:00:00-00:00,2021-11-07,6,0,SLAP_PGSF-APND,SLAP_PGSF-APND,SLAP_PGSF-APND,DAM,LMP,LMP_PRC,SLAP_PGSF-APND,ALL_APNODES,0,63.17053,31
2021-11-07T18:00:00-00:00,2021-11-07T19:00:00-00:00,2021-11-07,11,0,SLAP_PGSF-APND,SLAP_PGSF-APND,SLAP_PGSF-APND,DAM,LMP,LMP_PRC,SLAP_PGSF-APND,ALL_APNODES,0,35.59408,31
2021-11-07T21:00:00-00:00,2021-11-07T22:00:00-00:00,2021-11-07,14,0,SLAP_PGSF-APND,SLAP_PGSF-APND,SLAP_PGSF-APND,DAM,MCC,LMP_CONG_PRC,SLAP_PGSF-APND,ALL_APNODES,0,11.97608,32
2021-11-08T06:00:00-00:00,2021-11-08T07:00:00-00:00,2021-11-07,23,0,SLAP_PGSF-APND,SLAP_PGSF-APND,SLAP_PGSF-APND,DAM,MCC,LMP_CONG_PRC,SLAP_PGSF-APND,ALL_APNODES,0,0,32
2021-11-07T09:00:00-00:00,2021-11-07T10:00:00-00:00,2021-11-07,25,0,SLAP_PGSF-APND,SLAP_PGSF-APND,SLAP_PGSF-APND,DAM,MCC,LMP_CONG_PRC,SLAP_PGSF-APND,ALL_APNODES,0,0,32
2021-11-07T08:00:00-00:00,2021-11-07T09:00:00-00:00,2021-11-07,2,0,SLAP_PGSF-APND,SLAP_PGSF-APND,SLAP_PGSF-APND,DAM,MCC,LMP_CONG_PRC,SLAP_PGSF-APND,ALL_APNODES,0,0,32
2021-11-08T02:00:00-00:00,2021-11-08T03:00:00-00:00,2021-11-07,19,0,SLAP_PGSF-APND,SLAP_PGSF-APND,SLAP_PGSF-APND,DAM,MCC,LMP_CONG_PRC,SLAP_PGSF-APND,ALL_APNODES,0,0,32
2021-11-08T03:00:00-00:00,2021-11-08T04:00:00-00:00,2021-11-07,20,0,SLAP_PGSF-APND,SLAP_PGSF-APND,SLAP_PGSF-APND,DAM,MCC,LMP_CONG_PRC,SLAP_PGSF-APND,ALL_APNODES,0,0,32
2021-11-08T00:00:00-00:00,2021-11-08T01:00:00-00:00,2021-11-07,17,0,SLAP_PGSF-APND,SLAP_PGSF-APND,SLAP_PGSF-APND,DAM,MCC,LMP_CONG_PRC,SLAP_PGSF-APND,ALL_APNODES,0,0,32
2021-11-07T17:00:00-00:00,2021-11-07T18:00:00-00:00,2021-11-07,10,0,SLAP_PGSF-APND,SLAP_PGSF-APND,SLAP_PGSF-APND,DAM,MCC,LMP_CONG_PRC,SLAP_PGSF-APND,ALL_APNODES,0,16.84396,32
2021-11-07T15:00:00-00:00,2021-11-07T16:00:00-00:00,2021-11-07,8,0,SLAP_PGSF-APND,SLAP_PGSF-APND,SLAP_PGSF-APND,DAM,MCC,LMP_CONG_PRC,SLAP_PGSF-APND,ALL_APNODES,0,-0.37906,32
2021-11-07T18:00:00-00:00,2021-11-07T19:00:00-00:00,2021-11-07,11,0,SLAP_PGSF-APND,SLAP_PGSF-APND,SLAP_PGSF-APND,DAM,MCC,LMP_CONG_PRC,SLAP_PGSF-APND,ALL_APNODES,0,15.52566,32
2021-11-07T22:00:00-00:00,2021-11-07T23:00:00-00:00,2021-11-07,15,0,SLAP_PGSF-APND,SLAP_PGSF-APND,SLAP_PGSF-APND,DAM,MCC,LMP_CONG_PRC,SLAP_PGSF-APND,ALL_APNODES,0,5.1625,32
2021-11-07T14:00:00-00:00,2021-11-07T15:00:00-00:00,2021-11-07,7,0,SLAP_PGSF-APND,SLAP_PGSF-APND,SLAP_PGSF-APND,DAM,MCC,LMP_CONG_PRC,SLAP_PGSF-APND,ALL_APNODES,0,-0.38073,32
2021-11-07T16:00:00-00:00,2021-11-07T17:00:00-00:00,2021-11-07,9,0,SLAP_PGSF-APND,SLAP_PGSF-APND,SLAP_PGSF-APND,DAM,MCC,LMP_CONG_PRC,SLAP_PGSF-APND,ALL_APNODES,0,8.24452,32
2021-11-07T10:00:00-00:00,2021-11-07T11:00:00-00:00,2021-11-07,3,0,SLAP_PGSF-APND,SLAP_PGSF-APND,SLAP_PGSF-APND,DAM,MCC,LMP_CONG_PRC,SLAP_PGSF-APND,ALL_APNODES,0,0,32
2021-11-08T01:00:00-00:00,2021-11-08T02:00:00-00:00,2021-11-07,18,0,SLAP_PGSF-APND,SLAP_PGSF-APND,SLAP_PGSF-APND,DAM,MCC,LMP_CONG_PRC,SLAP_PGSF-APND,ALL_APNODES,0,0,32
2021-11-07T23:00:00-00:00,2021-11-08T00:00:00-00:00,2021-11-07,16,0,SLAP_PGSF-APND,SLAP_PGSF-APND,SLAP_PGSF-APND,DAM,MCC,LMP_CONG_PRC,SLAP_PGSF-APND,ALL_APNODES,0,0,32
2021-11-08T07:00:00-00:00,2021-11-08T08:00:00-00:00,2021-11-07,24,0,SLAP_PGSF-APND,SLAP_PGSF-APND,SLAP_PGSF-APND,DAM,MCC,LMP_CONG_PRC,SLAP_PGSF-APND,ALL_APNODES,0,0,32
2021-11-07T07:00:00-00:00,2021-11-07T08:00:00-00:00,2021-11-07,1,0,SLAP_PGSF-APND,SLAP_PGSF-APND,SLAP_PGSF-APND,DAM,MCC,LMP_CONG_PRC,SLAP_PGSF-APND,ALL_APNODES,0,-0.25044,32
2021-11-07T20:00:00-00:00,2021-11-07T21:00:00-00:00,2021-11-07,13,0,SLAP_PGSF-APND,SLAP_PGSF-APND,SLAP_PGSF-APND,DAM,MCC,LMP_CONG_PRC,SLAP_PGSF-APND,ALL_APNODES,0,14.88495,32
2021-11-07T12:00:00-00:00,2021-11-07T13:00:00-00:00,2021-11-07,5,0,SLAP_PGSF-APND,SLAP_PGSF-APND,SLAP_PGSF-APND,DAM,MCC,LMP_CONG_PRC,SLAP_PGSF-APND,ALL_APNODES,0,0,32
2021-11-08T05:00:00-00:00,2021-11-08T06:00:00-00:00,2021-11-07,22,0,SLAP_PGSF-APND,SLAP_PGSF-APND,SLAP_PGSF-APND,DAM,MCC,LMP_CONG_PRC,SLAP_PGSF-APND,ALL_APNODES,0,0,32
2021-11-08T04:00:00-00:00,2021-11-08T05:00:00-00:00,2021-11-07,21,0,SLAP_PGSF-APND,SLAP_PGSF-APND,SLAP_PGSF-APND,DAM,MCC,LMP_CONG_PRC,SLAP_PGSF-APND,ALL_APNODES,0,0,32
2021-11-07T13:00:00-00:00,2021-11-07T14:00:00-00:00,2021-11-07,6,0,SLAP_PGSF-APND,SLAP_PGSF-APND,SLAP_PGSF-APND,DAM,MCC,LMP_CONG_PRC,SLAP_PGSF-APND,ALL_APNODES,0,0,32
2021-11-07T11:00:00-00:00,2021-11-07T12:00:00-00:00,2021-11-07,4,0,SLAP_PGSF-APND,SLAP_PGSF-APND,SLAP_PGSF-APND,DAM,MCC,LMP_CONG_PRC,SLAP_PGSF-APND,ALL_APNODES,0,0,32
2021-11-07T19:00:00-00:00,2021-11-07T20:00:00-00:00,2021-11-07,12,0,SLAP_PGSF-APND,SLAP_PGSF-APND,SLAP_PGSF-APND,DAM,MCC,LMP_CONG_PRC,SLAP_PGSF-APND,ALL_APNODES,0,14.28092,32
2021-11-07T23:00:00-00:00,2021-11-08T00:00:00-00:00,2021-11-07,16,0,SLAP_PGSF-APND,SLAP_PGSF-APND,SLAP_PGSF-APND,DAM,MCE,LMP_ENE_PRC,SLAP_PGSF-APND,ALL_APNODES,0,49.83005,33
2021-11-08T01:00:00-00:00,2021-11-08T02:00:00-00:00,2021-11-07,18,0,SLAP_PGSF-APND,SLAP_PGSF-APND,SLAP_PGSF-APND,DAM,MCE,LMP_ENE_PRC,SLAP_PGSF-APND,ALL_APNODES,0,88.73972,33
2021-11-07T15:00:00-00:00,2021-11-07T16:00:00-00:00,2021-11-07,8,0,SLAP_PGSF-APND,SLAP_PGSF-APND,SLAP_PGSF-APND,DAM,MCE,LMP_ENE_PRC,SLAP_PGSF-APND,ALL_APNODES,0,54.54952,33
2021-11-08T02:00:00-00:00,2021-11-08T03:00:00-00:00,2021-11-07,19,0,SLAP_PGSF-APND,SLAP_PGSF-APND,SLAP_PGSF-APND,DAM,MCE,LMP_ENE_PRC,SLAP_PGSF-APND,ALL_APNODES,0,74.04999,33
2021-11-07T07:00:00-00:00,2021-11-07T08:00:00-00:00,2021-11-07,1,0,SLAP_PGSF-APND,SLAP_PGSF-APND,SLAP_PGSF-APND,DAM,MCE,LMP_ENE_PRC,SLAP_PGSF-APND,ALL_APNODES,0,54.54921,33
2021-11-07T16:00:00-00:00,2021-11-07T17:00:00-00:00,2021-11-07,9,0,SLAP_PGSF-APND,SLAP_PGSF-APND,SLAP_PGSF-APND,DAM,MCE,LMP_ENE_PRC,SLAP_PGSF-APND,ALL_APNODES,0,33.0499,33
2021-11-07T18:00:00-00:00,2021-11-07T19:00:00-00:00,2021-11-07,11,0,SLAP_PGSF-APND,SLAP_PGSF-APND,SLAP_PGSF-APND,DAM,MCE,LMP_ENE_PRC,SLAP_PGSF-APND,ALL_APNODES,0,18.57155,33
2021-11-07T21:00:00-00:00,2021-11-07T22:00:00-00:00,2021-11-07,14,0,SLAP_PGSF-APND,SLAP_PGSF-APND,SLAP_PGSF-APND,DAM,MCE,LMP_ENE_PRC,SLAP_PGSF-APND,ALL_APNODES,0,20.31495,33
2021-11-08T00:00:00-00:00,2021-11-08T01:00:00-00:00,2021-11-07,17,0,SLAP_PGSF-APND,SLAP_PGSF-APND,SLAP_PGSF-APND,DAM,MCE,LMP_ENE_PRC,SLAP_PGSF-APND,ALL_APNODES,0,70.26196,33
2021-11-07T19:00:00-00:00,2021-11-07T20:00:00-00:00,2021-11-07,12,0,SLAP_PGSF-APND,SLAP_PGSF-APND,SLAP_PGSF-APND,DAM,MCE,LMP_ENE_PRC,SLAP_PGSF-APND,ALL_APNODES,0,18.62003,33
2021-11-07T08:00:00-00:00,2021-11-07T09:00:00-00:00,2021-11-07,2,0,SLAP_PGSF-APND,SLAP_PGSF-APND,SLAP_PGSF-APND,DAM,MCE,LMP_ENE_PRC,SLAP_PGSF-APND,ALL_APNODES,0,54.0968,33
2021-11-07T13:00:00-00:00,2021-11-07T14:00:00-00:00,2021-11-07,6,0,SLAP_PGSF-APND,SLAP_PGSF-APND,SLAP_PGSF-APND,DAM,MCE,LMP_ENE_PRC,SLAP_PGSF-APND,ALL_APNODES,0,61.56372,33
2021-11-08T04:00:00-00:00,2021-11-08T05:00:00-00:00,2021-11-07,21,0,SLAP_PGSF-APND,SLAP_PGSF-APND,SLAP_PGSF-APND,DAM,MCE,LMP_ENE_PRC,SLAP_PGSF-APND,ALL_APNODES,0,67.81176,33
2021-11-07T17:00:00-00:00,2021-11-07T18:00:00-00:00,2021-11-07,10,0,SLAP_PGSF-APND,SLAP_PGSF-APND,SLAP_PGSF-APND,DAM,MCE,LMP_ENE_PRC,SLAP_PGSF-APND,ALL_APNODES,0,24.04593,33
2021-11-07T22:00:00-00:00,2021-11-07T23:00:00-00:00,2021-11-07,15,0,SLAP_PGSF-APND,SLAP_PGSF-APND,SLAP_PGSF-APND,DAM,MCE,LMP_ENE_PRC,SLAP_PGSF-APND,ALL_APNODES,0,26.02872,33
2021-11-08T07:00:00-00:00,2021-11-08T08:00:00-00:00,2021-11-07,24,0,SLAP_PGSF-APND,SLAP_PGSF-APND,SLAP_PGSF-APND,DAM,MCE,LMP_ENE_PRC,SLAP_PGSF-APND,ALL_APNODES,0,55,33
2021-11-07T11:00:00-00:00,2021-11-07T12:00:00-00:00,2021-11-07,4,0,SLAP_PGSF-APND,SLAP_PGSF-APND,SLAP_PGSF-APND,DAM,MCE,LMP_ENE_PRC,SLAP_PGSF-APND,ALL_APNODES,0,53.63283,33
2021-11-08T03:00:00-00:00,2021-11-08T04:00:00-00:00,2021-11-07,20,0,SLAP_PGSF-APND,SLAP_PGSF-APND,SLAP_PGSF-APND,DAM,MCE,LMP_ENE_PRC,SLAP_PGSF-APND,ALL_APNODES,0,69.74532,33
2021-11-07T09:00:00-00:00,2021-11-07T10:00:00-00:00,2021-11-07,25,0,SLAP_PGSF-APND,SLAP_PGSF-APND,SLAP_PGSF-APND,DAM,MCE,LMP_ENE_PRC,SLAP_PGSF-APND,ALL_APNODES,0,52.48131,33
2021-11-07T10:00:00-00:00,2021-11-07T11:00:00-00:00,2021-11-07,3,0,SLAP_PGSF-APND,SLAP_PGSF-APND,SLAP_PGSF-APND,DAM,MCE,LMP_ENE_PRC,SLAP_PGSF-APND,ALL_APNODES,0,54.08174,33
2021-11-08T05:00:00-00:00,2021-11-08T06:00:00-00:00,2021-11-07,22,0,SLAP_PGSF-APND,SLAP_PGSF-APND,SLAP_PGSF-APND,DAM,MCE,LMP_ENE_PRC,SLAP_PGSF-APND,ALL_APNODES,0,60.84617,33
2021-11-08T06:00:00-00:00,2021-11-08T07:00:00-00:00,2021-11-07,23,0,SLAP_PGSF-APND,SLAP_PGSF-APND,SLAP_PGSF-APND,DAM,MCE,LMP_ENE_PRC,SLAP_PGSF-APND,ALL_APNODES,0,59.03285,33
2021-11-07T12:00:00-00:00,2021-11-07T13:00:00-00:00,2021-11-07,5,0,SLAP_PGSF-APND,SLAP_PGSF-APND,SLAP_PGSF-APND,DAM,MCE,LMP_ENE_PRC,SLAP_PGSF-APND,ALL_APNODES,0,57.10726,33
2021-11-07T14:00:00-00:00,2021-11-07T15:00:00-00:00,2021-11-07,7,0,SLAP_PGSF-APND,SLAP_PGSF-APND,SLAP_PGSF-APND,DAM,MCE,LMP_ENE_PRC,SLAP_PGSF-APND,ALL_APNODES,0,62.32952,33
2021-11-07T20:00:00-00:00,2021-11-07T21:00:00-00:00,2021-11-07,13,0,SLAP_PGSF-APND,SLAP_PGSF-APND,SLAP_PGSF-APND,DAM,MCE,LMP_ENE_PRC,SLAP_PGSF-APND,ALL_APNODES,0,18.08187,33
2021-11-07T14:00:00-00:00,2021-11-07T15:00:00-00:00,2021-11-07,7,0,SLAP_PGSF-APND,SLAP_PGSF-APND,SLAP_PGSF-APND,DAM,MCL,LMP_LOSS_PRC,SLAP_PGSF-APND,ALL_APNODES,0,1.57694,34
2021-11-07T17:00:00-00:00,2021-11-07T18:00:00-00:00,2021-11-07,10,0,SLAP_PGSF-APND,SLAP_PGSF-APND,SLAP_PGSF-APND,DAM,MCL,LMP_LOSS_PRC,SLAP_PGSF-APND,ALL_APNODES,0,1.73371,34
2021-11-07T12:00:00-00:00,2021-11-07T13:00:00-00:00,2021-11-07,5,0,SLAP_PGSF-APND,SLAP_PGSF-APND,SLAP_PGSF-APND,DAM,MCL,LMP_LOSS_PRC,SLAP_PGSF-APND,ALL_APNODES,0,1.34202,34
2021-11-07T10:00:00-00:00,2021-11-07T11:00:00-00:00,2021-11-07,3,0,SLAP_PGSF-APND,SLAP_PGSF-APND,SLAP_PGSF-APND,DAM,MCL,LMP_LOSS_PRC,SLAP_PGSF-APND,ALL_APNODES,0,1.23306,34
2021-11-08T01:00:00-00:00,2021-11-08T02:00:00-00:00,2021-11-07,18,0,SLAP_PGSF-APND,SLAP_PGSF-APND,SLAP_PGSF-APND,DAM,MCL,LMP_LOSS_PRC,SLAP_PGSF-APND,ALL_APNODES,0,1.57069,34
2021-11-07T21:00:00-00:00,2021-11-07T22:00:00-00:00,2021-11-07,14,0,SLAP_PGSF-APND,SLAP_PGSF-APND,SLAP_PGSF-APND,DAM,MCL,LMP_LOSS_PRC,SLAP_PGSF-APND,ALL_APNODES,0,1.60488,34
2021-11-08T06:00:00-00:00,2021-11-08T07:00:00-00:00,2021-11-07,23,0,SLAP_PGSF-APND,SLAP_PGSF-APND,SLAP_PGSF-APND,DAM,MCL,LMP_LOSS_PRC,SLAP_PGSF-APND,ALL_APNODES,0,0.97995,34
2021-11-08T04:00:00-00:00,2021-11-08T05:00:00-00:00,2021-11-07,21,0,SLAP_PGSF-APND,SLAP_PGSF-APND,SLAP_PGSF-APND,DAM,MCL,LMP_LOSS_PRC,SLAP_PGSF-APND,ALL_APNODES,0,0.66456,34
2021-11-07T11:00:00-00:00,2021-11-07T12:00:00-00:00,2021-11-07,4,0,SLAP_PGSF-APND,SLAP_PGSF-APND,SLAP_PGSF-APND,DAM,MCL,LMP_LOSS_PRC,SLAP_PGSF-APND,ALL_APNODES,0,1.17992,34
2021-11-07T09:00:00-00:00,2021-11-07T10:00:00-00:00,2021-11-07,25,0,SLAP_PGSF-APND,SLAP_PGSF-APND,SLAP_PGSF-APND,DAM,MCL,LMP_LOSS_PRC,SLAP_PGSF-APND,ALL_APNODES,0,1.04963,34
2021-11-08T07:00:00-00:00,2021-11-08T08:00:00-00:00,2021-11-07,24,0,SLAP_PGSF-APND,SLAP_PGSF-APND,SLAP_PGSF-APND,DAM,MCL,LMP_LOSS_PRC,SLAP_PGSF-APND,ALL_APNODES,0,0,34
2021-11-07T08:00:00-00:00,2021-11-07T09:00:00-00:00,2021-11-07,2,0,SLAP_PGSF-APND,SLAP_PGSF-APND,SLAP_PGSF-APND,DAM,MCL,LMP_LOSS_PRC,SLAP_PGSF-APND,ALL_APNODES,0,0.79522,34
2021-11-07T07:00:00-00:00,2021-11-07T08:00:00-00:00,2021-11-07,1,0,SLAP_PGSF-APND,SLAP_PGSF-APND,SLAP_PGSF-APND,DAM,MCL,LMP_LOSS_PRC,SLAP_PGSF-APND,ALL_APNODES,0,0.74732,34
2021-11-08T00:00:00-00:00,2021-11-08T01:00:00-00:00,2021-11-07,17,0,SLAP_PGSF-APND,SLAP_PGSF-APND,SLAP_PGSF-APND,DAM,MCL,LMP_LOSS_PRC,SLAP_PGSF-APND,ALL_APNODES,0,1.4755,34
2021-11-07T13:00:00-00:00,2021-11-07T14:00:00-00:00,2021-11-07,6,0,SLAP_PGSF-APND,SLAP_PGSF-APND,SLAP_PGSF-APND,DAM,MCL,LMP_LOSS_PRC,SLAP_PGSF-APND,ALL_APNODES,0,1.60681,34
2021-11-08T03:00:00-00:00,2021-11-08T04:00:00-00:00,2021-11-07,20,0,SLAP_PGSF-APND,SLAP_PGSF-APND,SLAP_PGSF-APND,DAM,MCL,LMP_LOSS_PRC,SLAP_PGSF-APND,ALL_APNODES,0,1.08105,34
2021-11-07T20:00:00-00:00,2021-11-07T21:00:00-00:00,2021-11-07,13,0,SLAP_PGSF-APND,SLAP_PGSF-APND,SLAP_PGSF-APND,DAM,MCL,LMP_LOSS_PRC,SLAP_PGSF-APND,ALL_APNODES,0,1.45197,34
2021-11-07T15:00:00-00:00,2021-11-07T16:00:00-00:00,2021-11-07,8,0,SLAP_PGSF-APND,SLAP_PGSF-APND,SLAP_PGSF-APND,DAM,MCL,LMP_LOSS_PRC,SLAP_PGSF-APND,ALL_APNODES,0,3.06023,34
2021-11-08T02:00:00-00:00,2021-11-08T03:00:00-00:00,2021-11-07,19,0,SLAP_PGSF-APND,SLAP_PGSF-APND,SLAP_PGSF-APND,DAM,MCL,LMP_LOSS_PRC,SLAP_PGSF-APND,ALL_APNODES,0,1.34771,34
2021-11-07T19:00:00-00:00,2021-11-07T20:00:00-00:00,2021-11-07,12,0,SLAP_PGSF-APND,SLAP_PGSF-APND,SLAP_PGSF-APND,DAM,MCL,LMP_LOSS_PRC,SLAP_PGSF-APND,ALL_APNODES,0,1.52312,34
2021-11-08T05:00:00-00:00,2021-11-08T06:00:00-00:00,2021-11-07,22,0,SLAP_PGSF-APND,SLAP_PGSF-APND,SLAP_PGSF-APND,DAM,MCL,LMP_LOSS_PRC,SLAP_PGSF-APND,ALL_APNODES,0,0.86402,34
2021-11-07T23:00:00-00:00,2021-11-08T00:00:00-00:00,2021-11-07,16,0,SLAP_PGSF-APND,SLAP_PGSF-APND,SLAP_PGSF-APND,DAM,MCL,LMP_LOSS_PRC,SLAP_PGSF-APND,ALL_APNODES,0,2.26727,34
2021-11-07T18:00:00-00:00,2021-11-07T19:00:00-00:00,2021-11-07,11,0,SLAP_PGSF-APND,SLAP_PGSF-APND,SLAP_PGSF-APND,DAM,MCL,LMP_LOSS_PRC,SLAP_PGSF-APND,ALL_APNODES,0,1.49687,34
2021-11-07T16:00:00-00:00,2021-11-07T17:00:00-00:00,2021-11-07,9,0,SLAP_PGSF-APND,SLAP_PGSF-APND,SLAP_PGSF-APND,DAM,MCL,LMP_LOSS_PRC,SLAP_PGSF-APND,ALL_APNODES,0,2.29036,34
2021-11-07T22:00:00-00:00,2021-11-07T23:00:00-00:00,2021-11-07,15,0,SLAP_PGSF-APND,SLAP_PGSF-APND,SLAP_PGSF-APND,DAM,MCL,LMP_LOSS_PRC,SLAP_PGSF-APND,ALL_APNODES,0,1.81941,34
2021-11-08T00:00:00-00:00,2021-11-08T01:00:00-00:00,2021-11-07,17,0,SLAP_PGSF-APND,SLAP_PGSF-APND,SLAP_PGSF-APND,DAM,MGHG,LMP_GHG_PRC,SLAP_PGSF-APND,ALL_APNODES,0,0,35
2021-11-07T13:00:00-00:00,2021-11-07T14:00:00-00:00,2021-11-07,6,0,SLAP_PGSF-APND,SLAP_PGSF-APND,SLAP_PGSF-APND,DAM,MGHG,LMP_GHG_PRC,SLAP_PGSF-APND,ALL_APNODES,0,0,35
2021-11-07T16:00:00-00:00,2021-11-07T17:00:00-00:00,2021-11-07,9,0,SLAP_PGSF-APND,SLAP_PGSF-APND,SLAP_PGSF-APND,DAM,MGHG,LMP_GHG_PRC,SLAP_PGSF-APND,ALL_APNODES,0,0,35
2021-11-07T21:00:00-00:00,2021-11-07T22:00:00-00:00,2021-11-07,14,0,SLAP_PGSF-APND,SLAP_PGSF-APND,SLAP_PGSF-APND,DAM,MGHG,LMP_GHG_PRC,SLAP_PGSF-APND,ALL_APNODES,0,0,35
2021-11-07T20:00:00-00:00,2021-11-07T21:00:00-00:00,2021-11-07,13,0,SLAP_PGSF-APND,SLAP_PGSF-APND,SLAP_PGSF-APND,DAM,MGHG,LMP_GHG_PRC,SLAP_PGSF-APND,ALL_APNODES,0,0,35
2021-11-07T12:00:00-00:00,2021-11-07T13:00:00-00:00,2021-11-07,5,0,SLAP_PGSF-APND,SLAP_PGSF-APND,SLAP_PGSF-APND,DAM,MGHG,LMP_GHG_PRC,SLAP_PGSF-APND,ALL_APNODES,0,0,35
2021-11-07T17:00:00-00:00,2021-11-07T18:00:00-00:00,2021-11-07,10,0,SLAP_PGSF-APND,SLAP_PGSF-APND,SLAP_PGSF-APND,DAM,MGHG,LMP_GHG_PRC,SLAP_PGSF-APND,ALL_APNODES,0,0,35
2021-11-08T04:00:00-00:00,2021-11-08T05:00:00-00:00,2021-11-07,21,0,SLAP_PGSF-APND,SLAP_PGSF-APND,SLAP_PGSF-APND,DAM,MGHG,LMP_GHG_PRC,SLAP_PGSF-APND,ALL_APNODES,0,0,35
2021-11-07T11:00:00-00:00,2021-11-07T12:00:00-00:00,2021-11-07,4,0,SLAP_PGSF-APND,SLAP_PGSF-APND,SLAP_PGSF-APND,DAM,MGHG,LMP_GHG_PRC,SLAP_PGSF-APND,ALL_APNODES,0,0,35
2021-11-07T14:00:00-00:00,2021-11-07T15:00:00-00:00,2021-11-07,7,0,SLAP_PGSF-APND,SLAP_PGSF-APND,SLAP_PGSF-APND,DAM,MGHG,LMP_GHG_PRC,SLAP_PGSF-APND,ALL_APNODES,0,0,35
2021-11-07T08:00:00-00:00,2021-11-07T09:00:00-00:00,2021-11-07,2,0,SLAP_PGSF-APND,SLAP_PGSF-APND,SLAP_PGSF-APND,DAM,MGHG,LMP_GHG_PRC,SLAP_PGSF-APND,ALL_APNODES,0,0,35
2021-11-08T01:00:00-00:00,2021-11-08T02:00:00-00:00,2021-11-07,18,0,SLAP_PGSF-APND,SLAP_PGSF-APND,SLAP_PGSF-APND,DAM,MGHG,LMP_GHG_PRC,SLAP_PGSF-APND,ALL_APNODES,0,0,35
2021-11-08T07:00:00-00:00,2021-11-08T08:00:00-00:00,2021-11-07,24,0,SLAP_PGSF-APND,SLAP_PGSF-APND,SLAP_PGSF-APND,DAM,MGHG,LMP_GHG_PRC,SLAP_PGSF-APND,ALL_APNODES,0,0,35
2021-11-08T02:00:00-00:00,2021-11-08T03:00:00-00:00,2021-11-07,19,0,SLAP_PGSF-APND,SLAP_PGSF-APND,SLAP_PGSF-APND,DAM,MGHG,LMP_GHG_PRC,SLAP_PGSF-APND,ALL_APNODES,0,0,35
2021-11-07T09:00:00-00:00,2021-11-07T10:00:00-00:00,2021-11-07,25,0,SLAP_PGSF-APND,SLAP_PGSF-APND,SLAP_PGSF-APND,DAM,MGHG,LMP_GHG_PRC,SLAP_PGSF-APND,ALL_APNODES,0,0,35
2021-11-08T03:00:00-00:00,2021-11-08T04:00:00-00:00,2021-11-07,20,0,SLAP_PGSF-APND,SLAP_PGSF-APND,SLAP_PGSF-APND,DAM,MGHG,LMP_GHG_PRC,SLAP_PGSF-APND,ALL_APNODES,0,0,35
2021-11-07T22:00:00-00:00,2021-11-07T23:00:00-00:00,2021-11-07,15,0,SLAP_PGSF-APND,SLAP_PGSF-APND,SLAP_PGSF-APND,DAM,MGHG,LMP_GHG_PRC,SLAP_PGSF-APND,ALL_APNODES,0,0,35
2021-11-07T19:00:00-00:00,2021-11-07T20:00:00-00:00,2021-11-07,12,0,SLAP_PGSF-APND,SLAP_PGSF-APND,SLAP_PGSF-APND,DAM,MGHG,LMP_GHG_PRC,SLAP_PGSF-APND,ALL_APNODES,0,0,35
2021-11-07T18:00:00-00:00,2021-11-07T19:00:00-00:00,2021-11-07,11,0,SLAP_PGSF-APND,SLAP_PGSF-APND,SLAP_PGSF-APND,DAM,MGHG,LMP_GHG_PRC,SLAP_PGSF-APND,ALL_APNODES,0,0,35
2021-11-07T10:00:00-00:00,2021-11-07T11:00:00-00:00,2021-11-07,3,0,SLAP_PGSF-APND,SLAP_PGSF-APND,SLAP_PGSF-APND,DAM,MGHG,LMP_GHG_PRC,SLAP_PGSF-APND,ALL_APNODES,0,0,35
2021-11-07T15:00:00-00:00,2021-11-07T16:00:00-00:00,2021-11-07,8,0,SLAP_PGSF-APND,SLAP_PGSF-APND,SLAP_PGSF-APND,DAM,MGHG,LMP_GHG_PRC,SLAP_PGSF-APND,ALL_APNODES,0,0,35
2021-11-08T06:00:00-00:00,2021-11-08T07:00:00-00:00,2021-11-07,23,0,SLAP_PGSF-APND,SLAP_PGSF-APND,SLAP_PGSF-APND,DAM,MGHG,LMP_GHG_PRC,SLAP_PGSF-APND,ALL_APNODES,0,0,35
2021-11-08T05:00:00-00:00,2021-11-08T06:00:00-00:00,2021-11-07,22,0,SLAP_PGSF-APND,SLAP_PGSF-APND,SLAP_PGSF-APND,DAM,MGHG,LMP_GHG_PRC,SLAP_PGSF-APND,ALL_APNODES,0,0,35
2021-11-07T07:00:00-00:00,2021-11-07T08:00:00-00:00,2021-11-07,1,0,SLAP_PGSF-APND,SLAP_PGSF-APND,SLAP_PGSF-APND,DAM,MGHG,LMP_GHG_PRC,SLAP_PGSF-APND,ALL_APNODES,0,0,35
2021-11-07T23:00:00-00:00,2021-11-08T00:00:00-00:00,2021-11-07,16,0,SLAP_PGSF-APND,SLAP_PGSF-APND,SLAP_PGSF-APND,DAM,MGHG,LMP_GHG_PRC,SLAP_PGSF-APND,ALL_APNODES,0,0,35
2021-11-08T12:00:00-00:00,2021-11-08T13:00:00-00:00,2021-11-08,5,0,SLAP_PGSF-APND,SLAP_PGSF-APND,SLAP_PGSF-APND,DAM,LMP,LMP_PRC,SLAP_PGSF-APND,ALL_APNODES,0,57.72024,36
2021-11-08T11:00:00-00:00,2021-11-08T12:00:00-00:00,2021-11-08,4,0,SLAP_PGSF-APND,SLAP_PGSF-APND,SLAP_PGSF-APND,DAM,LMP,LMP_PRC,SLAP_PGSF-APND,ALL_APNODES,0,52.59356,36
2021-11-08T17:00:00-00:00,2021-11-08T18:00:00-00:00,2021-11-08,10,0,SLAP_PGSF-APND,SLAP_PGSF-APND,SLAP_PGSF-APND,DAM,LMP,LMP_PRC,SLAP_PGSF-APND,ALL_APNODES,0,52.90069,36
2021-11-08T14:00:00-00:00,2021-11-08T15:00:00-00:00,2021-11-08,7,0,SLAP_PGSF-APND,SLAP_PGSF-APND,SLAP_PGSF-APND,DAM,LMP,LMP_PRC,SLAP_PGSF-APND,ALL_APNODES,0,81.44801,36
2021-11-08T10:00:00-00:00,2021-11-08T11:00:00-00:00,2021-11-08,3,0,SLAP_PGSF-APND,SLAP_PGSF-APND,SLAP_PGSF-APND,DAM,LMP,LMP_PRC,SLAP_PGSF-APND,ALL_APNODES,0,52.42427,36
2021-11-09T06:00:00-00:00,2021-11-09T07:00:00-00:00,2021-11-08,23,0,SLAP_PGSF-APND,SLAP_PGSF-APND,SLAP_PGSF-APND,DAM,LMP,LMP_PRC,SLAP_PGSF-APND,ALL_APNODES,0,63.60127,36
2021-11-08T15:00:00-00:00,2021-11-08T16:00:00-00:00,2021-11-08,8,0,SLAP_PGSF-APND,SLAP_PGSF-APND,SLAP_PGSF-APND,DAM,LMP,LMP_PRC,SLAP_PGSF-APND,ALL_APNODES,0,72.45035,36
2021-11-09T07:00:00-00:00,2021-11-09T08:00:00-00:00,2021-11-08,24,0,SLAP_PGSF-APND,SLAP_PGSF-APND,SLAP_PGSF-APND,DAM,LMP,LMP_PRC,SLAP_PGSF-APND,ALL_APNODES,0,60.82304,36
2021-11-08T18:00:00-00:00,2021-11-08T19:00:00-00:00,2021-11-08,11,0,SLAP_PGSF-APND,SLAP_PGSF-APND,SLAP_PGSF-APND,DAM,LMP,LMP_PRC,SLAP_PGSF-APND,ALL_APNODES,0,52.51172,36
2021-11-08T20:00:00-00:00,2021-11-08T21:00:00-00:00,2021-11-08,13,0,SLAP_PGSF-APND,SLAP_PGSF-APND,SLAP_PGSF-APND,DAM,LMP,LMP_PRC,SLAP_PGSF-APND,ALL_APNODES,0,46.54928,36
2021-11-08T21:00:00-00:00,2021-11-08T22:00:00-00:00,2021-11-08,14,0,SLAP_PGSF-APND,SLAP_PGSF-APND,SLAP_PGSF-APND,DAM,LMP,LMP_PRC,SLAP_PGSF-APND,ALL_APNODES,0,52.27493,36
2021-11-09T04:00:00-00:00,2021-11-09T05:00:00-00:00,2021-11-08,21,0,SLAP_PGSF-APND,SLAP_PGSF-APND,SLAP_PGSF-APND,DAM,LMP,LMP_PRC,SLAP_PGSF-APND,ALL_APNODES,0,76.61792,36
2021-11-08T19:00:00-00:00,2021-11-08T20:00:00-00:00,2021-11-08,12,0,SLAP_PGSF-APND,SLAP_PGSF-APND,SLAP_PGSF-APND,DAM,LMP,LMP_PRC,SLAP_PGSF-APND,ALL_APNODES,0,57.01909,36
2021-11-08T22:00:00-00:00,2021-11-08T23:00:00-00:00,2021-11-08,15,0,SLAP_PGSF-APND,SLAP_PGSF-APND,SLAP_PGSF-APND,DAM,LMP,LMP_PRC,SLAP_PGSF-APND,ALL_APNODES,0,49.38169,36
2021-11-09T00:00:00-00:00,2021-11-09T01:00:00-00:00,2021-11-08,17,0,SLAP_PGSF-APND,SLAP_PGSF-APND,SLAP_PGSF-APND,DAM,LMP,LMP_PRC,SLAP_PGSF-APND,ALL_APNODES,0,89.61389,36
2021-11-08T16:00:00-00:00,2021-11-08T17:00:00-00:00,2021-11-08,9,0,SLAP_PGSF-APND,SLAP_PGSF-APND,SLAP_PGSF-APND,DAM,LMP,LMP_PRC,SLAP_PGSF-APND,ALL_APNODES,0,64.63701,36
2021-11-08T23:00:00-00:00,2021-11-09T00:00:00-00:00,2021-11-08,16,0,SLAP_PGSF-APND,SLAP_PGSF-APND,SLAP_PGSF-APND,DAM,LMP,LMP_PRC,SLAP_PGSF-APND,ALL_APNODES,0,70.84798,36
2021-11-08T13:00:00-00:00,2021-11-08T14:00:00-00:00,2021-11-08,6,0,SLAP_PGSF-APND,SLAP_PGSF-APND,SLAP_PGSF-APND,DAM,LMP,LMP_PRC,SLAP_PGSF-APND,ALL_APNODES,0,68.70184,36
2021-11-09T01:00:00-00:00,2021-11-09T02:00:00-00:00,2021-11-08,18,0,SLAP_PGSF-APND,SLAP_PGSF-APND,SLAP_PGSF-APND,DAM,LMP,LMP_PRC,SLAP_PGSF-APND,ALL_APNODES,0,123.9878,36
2021-11-09T02:00:00-00:00,2021-11-09T03:00:00-00:00,2021-11-08,19,0,SLAP_PGSF-APND,SLAP_PGSF-APND,SLAP_PGSF-APND,DAM,LMP,LMP_PRC,SLAP_PGSF-APND,ALL_APNODES,0,99.72425,36
2021-11-09T03:00:00-00:00,2021-11-09T04:00:00-00:00,2021-11-08,20,0,SLAP_PGSF-APND,SLAP_PGSF-APND,SLAP_PGSF-APND,DAM,LMP,LMP_PRC,SLAP_PGSF-APND,ALL_APNODES,0,89.94978,36
2021-11-08T08:00:00-00:00,2021-11-08T09:00:00-00:00,2021-11-08,1,0,SLAP_PGSF-APND,SLAP_PGSF-APND,SLAP_PGSF-APND,DAM,LMP,LMP_PRC,SLAP_PGSF-APND,ALL_APNODES,0,53.66924,36
2021-11-08T09:00:00-00:00,2021-11-08T10:00:00-00:00,2021-11-08,2,0,SLAP_PGSF-APND,SLAP_PGSF-APND,SLAP_PGSF-APND,DAM,LMP,LMP_PRC,SLAP_PGSF-APND,ALL_APNODES,0,52.87278,36
2021-11-09T05:00:00-00:00,2021-11-09T06:00:00-00:00,2021-11-08,22,0,SLAP_PGSF-APND,SLAP_PGSF-APND,SLAP_PGSF-APND,DAM,LMP,LMP_PRC,SLAP_PGSF-APND,ALL_APNODES,0,72.3115,36
2021-11-08T13:00:00-00:00,2021-11-08T14:00:00-00:00,2021-11-08,6,0,SLAP_PGSF-APND,SLAP_PGSF-APND,SLAP_PGSF-APND,DAM,MCC,LMP_CONG_PRC,SLAP_PGSF-APND,ALL_APNODES,0,0,37
2021-11-08T21:00:00-00:00,2021-11-08T22:00:00-00:00,2021-11-08,14,0,SLAP_PGSF-APND,SLAP_PGSF-APND,SLAP_PGSF-APND,DAM,MCC,LMP_CONG_PRC,SLAP_PGSF-APND,ALL_APNODES,0,10.12515,37
2021-11-08T22:00:00-00:00,2021-11-08T23:00:00-00:00,2021-11-08,15,0,SLAP_PGSF-APND,SLAP_PGSF-APND,SLAP_PGSF-APND,DAM,MCC,LMP_CONG_PRC,SLAP_PGSF-APND,ALL_APNODES,0,0,37
2021-11-08T18:00:00-00:00,2021-11-08T19:00:00-00:00,2021-11-08,11,0,SLAP_PGSF-APND,SLAP_PGSF-APND,SLAP_PGSF-APND,DAM,MCC,LMP_CONG_PRC,SLAP_PGSF-APND,ALL_APNODES,0,2.92896,37
2021-11-08T10:00:00-00:00,2021-11-08T11:00:00-00:00,2021-11-08,3,0,SLAP_PGSF-APND,SLAP_PGSF-APND,SLAP_PGSF-APND,DAM,MCC,LMP_CONG_PRC,SLAP_PGSF-APND,ALL_APNODES,0,0,37
2021-11-08T16:00:00-00:00,2021-11-08T17:00:00-00:00,2021-11-08,9,0,SLAP_PGSF-APND,SLAP_PGSF-APND,SLAP_PGSF-APND,DAM,MCC,LMP_CONG_PRC,SLAP_PGSF-APND,ALL_APNODES,0,3.05835,37
2021-11-08T19:00:00-00:00,2021-11-08T20:00:00-00:00,2021-11-08,12,0,SLAP_PGSF-APND,SLAP_PGSF-APND,SLAP_PGSF-APND,DAM,MCC,LMP_CONG_PRC,SLAP_PGSF-APND,ALL_APNODES,0,11.07651,37
2021-11-08T20:00:00-00:00,2021-11-08T21:00:00-00:00,2021-11-08,13,0,SLAP_PGSF-APND,SLAP_PGSF-APND,SLAP_PGSF-APND,DAM,MCC,LMP_CONG_PRC,SLAP_PGSF-APND,ALL_APNODES,0,2.37296,37
2021-11-09T00:00:00-00:00,2021-11-09T01:00:00-00:00,2021-11-08,17,0,SLAP_PGSF-APND,SLAP_PGSF-APND,SLAP_PGSF-APND,DAM,MCC,LMP_CONG_PRC,SLAP_PGSF-APND,ALL_APNODES,0,1.02093,37
2021-11-09T02:00:00-00:00,2021-11-09T03:00:00-00:00,2021-11-08,19,0,SLAP_PGSF-APND,SLAP_PGSF-APND,SLAP_PGSF-APND,DAM,MCC,LMP_CONG_PRC,SLAP_PGSF-APND,ALL_APNODES,0,1.02271,37
2021-11-09T03:00:00-00:00,2021-11-09T04:00:00-00:00,2021-11-08,20,0,SLAP_PGSF-APND,SLAP_PGSF-APND,SLAP_PGSF-APND,DAM,MCC,LMP_CONG_PRC,SLAP_PGSF-APND,ALL_APNODES,0,0.57939,37
2021-11-08T14:00:00-00:00,2021-11-08T15:00:00-00:00,2021-11-08,7,0,SLAP_PGSF-APND,SLAP_PGSF-APND,SLAP_PGSF-APND,DAM,MCC,LMP_CONG_PRC,SLAP_PGSF-APND,ALL_APNODES,0,-0.5272,37
2021-11-08T23:00:00-00:00,2021-11-09T00:00:00-00:00,2021-11-08,16,0,SLAP_PGSF-APND,SLAP_PGSF-APND,SLAP_PGSF-APND,DAM,MCC,LMP_CONG_PRC,SLAP_PGSF-APND,ALL_APNODES,0,0.63294,37
2021-11-09T01:00:00-00:00,2021-11-09T02:00:00-00:00,2021-11-08,18,0,SLAP_PGSF-APND,SLAP_PGSF-APND,SLAP_PGSF-APND,DAM,MCC,LMP_CONG_PRC,SLAP_PGSF-APND,ALL_APNODES,0,1.57143,37
2021-11-08T11:00:00-00:00,2021-11-08T12:00:00-00:00,2021-11-08,4,0,SLAP_PGSF-APND,SLAP_PGSF-APND,SLAP_PGSF-APND,DAM,MCC,LMP_CONG_PRC,SLAP_PGSF-APND,ALL_APNODES,0,0,37
2021-11-08T12:00:00-00:00,2021-11-08T13:00:00-00:00,2021-11-08,5,0,SLAP_PGSF-APND,SLAP_PGSF-APND,SLAP_PGSF-APND,DAM,MCC,LMP_CONG_PRC,SLAP_PGSF-APND,ALL_APNODES,0,0,37
2021-11-08T15:00:00-00:00,2021-11-08T16:00:00-00:00,2021-11-08,8,0,SLAP_PGSF-APND,SLAP_PGSF-APND,SLAP_PGSF-APND,DAM,MCC,LMP_CONG_PRC,SLAP_PGSF-APND,ALL_APNODES,0,-0.31184,37
2021-11-09T07:00:00-00:00,2021-11-09T08:00:00-00:00,2021-11-08,24,0,SLAP_PGSF-APND,SLAP_PGSF-APND,SLAP_PGSF-APND,DAM,MCC,LMP_CONG_PRC,SLAP_PGSF-APND,ALL_APNODES,0,0,37
2021-11-08T08:00:00-00:00,2021-11-08T09:00:00-00:00,2021-11-08,1,0,SLAP_PGSF-APND,SLAP_PGSF-APND,SLAP_PGSF-APND,DAM,MCC,LMP_CONG_PRC,SLAP_PGSF-APND,ALL_APNODES,0,0,37
2021-11-08T17:00:00-00:00,2021-11-08T18:00:00-00:00,2021-11-08,10,0,SLAP_PGSF-APND,SLAP_PGSF-APND,SLAP_PGSF-APND,DAM,MCC,LMP_CONG_PRC,SLAP_PGSF-APND,ALL_APNODES,0,-1.08095,37
2021-11-09T05:00:00-00:00,2021-11-09T06:00:00-00:00,2021-11-08,22,0,SLAP_PGSF-APND,SLAP_PGSF-APND,SLAP_PGSF-APND,DAM,MCC,LMP_CONG_PRC,SLAP_PGSF-APND,ALL_APNODES,0,0,37
2021-11-09T04:00:00-00:00,2021-11-09T05:00:00-00:00,2021-11-08,21,0,SLAP_PGSF-APND,SLAP_PGSF-APND,SLAP_PGSF-APND,DAM,MCC,LMP_CONG_PRC,SLAP_PGSF-APND,ALL_APNODES,0,-1.81661,37
2021-11-08T09:00:00-00:00,2021-11-08T10:00:00-00:00,2021-11-08,2,0,SLAP_PGSF-APND,SLAP_PGSF-APND,SLAP_PGSF-APND,DAM,MCC,LMP_CONG_PRC,SLAP_PGSF-APND,ALL_APNODES,0,0,37
2021-11-09T06:00:00-00:00,2021-11-09T07:00:00-00:00,2021-11-08,23,0,SLAP_PGSF-APND,SLAP_PGSF-APND,SLAP_PGSF-APND,DAM,MCC,LMP_CONG_PRC,SLAP_PGSF-APND,ALL_APNODES,0,0,37
2021-11-09T00:00:00-00:00,2021-11-09T01:00:00-00:00,2021-11-08,17,0,SLAP_PGSF-APND,SLAP_PGSF-APND,SLAP_PGSF-APND,DAM,MCE,LMP_ENE_PRC,SLAP_PGSF-APND,ALL_APNODES,0,85.83758,38
2021-11-08T17:00:00-00:00,2021-11-08T18:00:00-00:00,2021-11-08,10,0,SLAP_PGSF-APND,SLAP_PGSF-APND,SLAP_PGSF-APND,DAM,MCE,LMP_ENE_PRC,SLAP_PGSF-APND,ALL_APNODES,0,50.05716,38
2021-11-09T07:00:00-00:00,2021-11-09T08:00:00-00:00,2021-11-08,24,0,SLAP_PGSF-APND,SLAP_PGSF-APND,SLAP_PGSF-APND,DAM,MCE,LMP_ENE_PRC,SLAP_PGSF-APND,ALL_APNODES,0,60.40024,38
2021-11-08T20:00:00-00:00,2021-11-08T21:00:00-00:00,2021-11-08,13,0,SLAP_PGSF-APND,SLAP_PGSF-APND,SLAP_PGSF-APND,DAM,MCE,LMP_ENE_PRC,SLAP_PGSF-APND,ALL_APNODES,0,40.64432,38
2021-11-08T11:00:00-00:00,2021-11-08T12:00:00-00:00,2021-11-08,4,0,SLAP_PGSF-APND,SLAP_PGSF-APND,SLAP_PGSF-APND,DAM,MCE,LMP_ENE_PRC,SLAP_PGSF-APND,ALL_APNODES,0,51.97505,38
2021-11-09T04:00:00-00:00,2021-11-09T05:00:00-00:00,2021-11-08,21,0,SLAP_PGSF-APND,SLAP_PGSF-APND,SLAP_PGSF-APND,DAM,MCE,LMP_ENE_PRC,SLAP_PGSF-APND,ALL_APNODES,0,77.65794,38
2021-11-08T16:00:00-00:00,2021-11-08T17:00:00-00:00,2021-11-08,9,0,SLAP_PGSF-APND,SLAP_PGSF-APND,SLAP_PGSF-APND,DAM,MCE,LMP_ENE_PRC,SLAP_PGSF-APND,ALL_APNODES,0,56.63447,38
2021-11-08T23:00:00-00:00,2021-11-09T00:00:00-00:00,2021-11-08,16,0,SLAP_PGSF-APND,SLAP_PGSF-APND,SLAP_PGSF-APND,DAM,MCE,LMP_ENE_PRC,SLAP_PGSF-APND,ALL_APNODES,0,66.31568,38
2021-11-09T06:00:00-00:00,2021-11-09T07:00:00-00:00,2021-11-08,23,0,SLAP_PGSF-APND,SLAP_PGSF-APND,SLAP_PGSF-APND,DAM,MCE,LMP_ENE_PRC,SLAP_PGSF-APND,ALL_APNODES,0,63.60127,38
2021-11-08T15:00:00-00:00,2021-11-08T16:00:00-00:00,2021-11-08,8,0,SLAP_PGSF-APND,SLAP_PGSF-APND,SLAP_PGSF-APND,DAM,MCE,LMP_ENE_PRC,SLAP_PGSF-APND,ALL_APNODES,0,69.06055,38
2021-11-09T02:00:00-00:00,2021-11-09T03:00:00-00:00,2021-11-08,19,0,SLAP_PGSF-APND,SLAP_PGSF-APND,SLAP_PGSF-APND,DAM,MCE,LMP_ENE_PRC,SLAP_PGSF-APND,ALL_APNODES,0,95.87328,38
2021-11-08T09:00:00-00:00,2021-11-08T10:00:00-00:00,2021-11-08,2,0,SLAP_PGSF-APND,SLAP_PGSF-APND,SLAP_PGSF-APND,DAM,MCE,LMP_ENE_PRC,SLAP_PGSF-APND,ALL_APNODES,0,52.14792,38
2021-11-08T08:00:00-00:00,2021-11-08T09:00:00-00:00,2021-11-08,1,0,SLAP_PGSF-APND,SLAP_PGSF-APND,SLAP_PGSF-APND,DAM,MCE,LMP_ENE_PRC,SLAP_PGSF-APND,ALL_APNODES,0,52.87089,38
2021-11-09T01:00:00-00:00,2021-11-09T02:00:00-00:00,2021-11-08,18,0,SLAP_PGSF-APND,SLAP_PGSF-APND,SLAP_PGSF-APND,DAM,MCE,LMP_ENE_PRC,SLAP_PGSF-APND,ALL_APNODES,0,118.64351,38
2021-11-09T03:00:00-00:00,2021-11-09T04:00:00-00:00,2021-11-08,20,0,SLAP_PGSF-APND,SLAP_PGSF-APND,SLAP_PGSF-APND,DAM,MCE,LMP_ENE_PRC,SLAP_PGSF-APND,ALL_APNODES,0,87.5065,38
2021-11-08T10:00:00-00:00,2021-11-08T11:00:00-00:00,2021-11-08,3,0,SLAP_PGSF-APND,SLAP_PGSF-APND,SLAP_PGSF-APND,DAM,MCE,LMP_ENE_PRC,SLAP_PGSF-APND,ALL_APNODES,0,51.69027,38
2021-11-08T18:00:00-00:00,2021-11-08T19:00:00-00:00,2021-11-08,11,0,SLAP_PGSF-APND,SLAP_PGSF-APND,SLAP_PGSF-APND,DAM,MCE,LMP_ENE_PRC,SLAP_PGSF-APND,ALL_APNODES,0,45.22324,38
2021-11-08T22:00:00-00:00,2021-11-08T23:00:00-00:00,2021-11-08,15,0,SLAP_PGSF-APND,SLAP_PGSF-APND,SLAP_PGSF-APND,DAM,MCE,LMP_ENE_PRC,SLAP_PGSF-APND,ALL_APNODES,0,46.01779,38
2021-11-09T05:00:00-00:00,2021-11-09T06:00:00-00:00,2021-11-08,22,0,SLAP_PGSF-APND,SLAP_PGSF-APND,SLAP_PGSF-APND,DAM,MCE,LMP_ENE_PRC,SLAP_PGSF-APND,ALL_APNODES,0,72.21762,38
2021-11-08T14:00:00-00:00,2021-11-08T15:00:00-00:00,2021-11-08,7,0,SLAP_PGSF-APND,SLAP_PGSF-APND,SLAP_PGSF-APND,DAM,MCE,LMP_ENE_PRC,SLAP_PGSF-APND,ALL_APNODES,0,79.7114,38
2021-11-08T21:00:00-00:00,2021-11-08T22:00:00-00:00,2021-11-08,14,0,SLAP_PGSF-APND,SLAP_PGSF-APND,SLAP_PGSF-APND,DAM,MCE,LMP_ENE_PRC,SLAP_PGSF-APND,ALL_APNODES,0,39.04203,38
2021-11-08T13:00:00-00:00,2021-11-08T14:00:00-00:00,2021-11-08,6,0,SLAP_PGSF-APND,SLAP_PGSF-APND,SLAP_PGSF-APND,DAM,MCE,LMP_ENE_PRC,SLAP_PGSF-APND,ALL_APNODES,0,68.04858,38
2021-11-08T12:00:00-00:00,2021-11-08T13:00:00-00:00,2021-11-08,5,0,SLAP_PGSF-APND,SLAP_PGSF-APND,SLAP_PGSF-APND,DAM,MCE,LMP_ENE_PRC,SLAP_PGSF-APND,ALL_APNODES,0,57.16007,38
2021-11-08T19:00:00-00:00,2021-11-08T20:00:00-00:00,2021-11-08,12,0,SLAP_PGSF-APND,SLAP_PGSF-APND,SLAP_PGSF-APND,DAM,MCE,LMP_ENE_PRC,SLAP_PGSF-APND,ALL_APNODES,0,41.89547,38
2021-11-08T17:00:00-00:00,2021-11-08T18:00:00-00:00,2021-11-08,10,0,SLAP_PGSF-APND,SLAP_PGSF-APND,SLAP_PGSF-APND,DAM,MCL,LMP_LOSS_PRC,SLAP_PGSF-APND,ALL_APNODES,0,3.92448,39
2021-11-08T13:00:00-00:00,2021-11-08T14:00:00-00:00,2021-11-08,6,0,SLAP_PGSF-APND,SLAP_PGSF-APND,SLAP_PGSF-APND,DAM,MCL,LMP_LOSS_PRC,SLAP_PGSF-APND,ALL_APNODES,0,0.65327,39
2021-11-08T21:00:00-00:00,2021-11-08T22:00:00-00:00,2021-11-08,14,0,SLAP_PGSF-APND,SLAP_PGSF-APND,SLAP_PGSF-APND,DAM,MCL,LMP_LOSS_PRC,SLAP_PGSF-APND,ALL_APNODES,0,3.10775,39
2021-11-08T20:00:00-00:00,2021-11-08T21:00:00-00:00,2021-11-08,13,0,SLAP_PGSF-APND,SLAP_PGSF-APND,SLAP_PGSF-APND,DAM,MCL,LMP_LOSS_PRC,SLAP_PGSF-APND,ALL_APNODES,0,3.53199,39
2021-11-08T15:00:00-00:00,2021-11-08T16:00:00-00:00,2021-11-08,8,0,SLAP_PGSF-APND,SLAP_PGSF-APND,SLAP_PGSF-APND,DAM,MCL,LMP_LOSS_PRC,SLAP_PGSF-APND,ALL_APNODES,0,3.70165,39
2021-11-08T08:00:00-00:00,2021-11-08T09:00:00-00:00,2021-11-08,1,0,SLAP_PGSF-APND,SLAP_PGSF-APND,SLAP_PGSF-APND,DAM,MCL,LMP_LOSS_PRC,SLAP_PGSF-APND,ALL_APNODES,0,0.79835,39
2021-11-09T06:00:00-00:00,2021-11-09T07:00:00-00:00,2021-11-08,23,0,SLAP_PGSF-APND,SLAP_PGSF-APND,SLAP_PGSF-APND,DAM,MCL,LMP_LOSS_PRC,SLAP_PGSF-APND,ALL_APNODES,0,0,39
2021-11-09T01:00:00-00:00,2021-11-09T02:00:00-00:00,2021-11-08,18,0,SLAP_PGSF-APND,SLAP_PGSF-APND,SLAP_PGSF-APND,DAM,MCL,LMP_LOSS_PRC,SLAP_PGSF-APND,ALL_APNODES,0,3.77286,39
2021-11-08T18:00:00-00:00,2021-11-08T19:00:00-00:00,2021-11-08,11,0,SLAP_PGSF-APND,SLAP_PGSF-APND,SLAP_PGSF-APND,DAM,MCL,LMP_LOSS_PRC,SLAP_PGSF-APND,ALL_APNODES,0,4.35952,39
2021-11-09T07:00:00-00:00,2021-11-09T08:00:00-00:00,2021-11-08,24,0,SLAP_PGSF-APND,SLAP_PGSF-APND,SLAP_PGSF-APND,DAM,MCL,LMP_LOSS_PRC,SLAP_PGSF-APND,ALL_APNODES,0,0.4228,39
2021-11-09T05:00:00-00:00,2021-11-09T06:00:00-00:00,2021-11-08,22,0,SLAP_PGSF-APND,SLAP_PGSF-APND,SLAP_PGSF-APND,DAM,MCL,LMP_LOSS_PRC,SLAP_PGSF-APND,ALL_APNODES,0,0.09388,39
2021-11-08T11:00:00-00:00,2021-11-08T12:00:00-00:00,2021-11-08,4,0,SLAP_PGSF-APND,SLAP_PGSF-APND,SLAP_PGSF-APND,DAM,MCL,LMP_LOSS_PRC,SLAP_PGSF-APND,ALL_APNODES,0,0.6185,39
2021-11-08T10:00:00-00:00,2021-11-08T11:00:00-00:00,2021-11-08,3,0,SLAP_PGSF-APND,SLAP_PGSF-APND,SLAP_PGSF-APND,DAM,MCL,LMP_LOSS_PRC,SLAP_PGSF-APND,ALL_APNODES,0,0.734,39
2021-11-09T04:00:00-00:00,2021-11-09T05:00:00-00:00,2021-11-08,21,0,SLAP_PGSF-APND,SLAP_PGSF-APND,SLAP_PGSF-APND,DAM,MCL,LMP_LOSS_PRC,SLAP_PGSF-APND,ALL_APNODES,0,0.77658,39
2021-11-09T02:00:00-00:00,2021-11-09T03:00:00-00:00,2021-11-08,19,0,SLAP_PGSF-APND,SLAP_PGSF-APND,SLAP_PGSF-APND,DAM,MCL,LMP_LOSS_PRC,SLAP_PGSF-APND,ALL_APNODES,0,2.82826,39
2021-11-08T19:00:00-00:00,2021-11-08T20:00:00-00:00,2021-11-08,12,0,SLAP_PGSF-APND,SLAP_PGSF-APND,SLAP_PGSF-APND,DAM,MCL,LMP_LOSS_PRC,SLAP_PGSF-APND,ALL_APNODES,0,4.0471,39
2021-11-08T14:00:00-00:00,2021-11-08T15:00:00-00:00,2021-11-08,7,0,SLAP_PGSF-APND,SLAP_PGSF-APND,SLAP_PGSF-APND,DAM,MCL,LMP_LOSS_PRC,SLAP_PGSF-APND,ALL_APNODES,0,2.2638,39
2021-11-08T12:00:00-00:00,2021-11-08T13:00:00-00:00,2021-11-08,5,0,SLAP_PGSF-APND,SLAP_PGSF-APND,SLAP_PGSF-APND,DAM,MCL,LMP_LOSS_PRC,SLAP_PGSF-APND,ALL_APNODES,0,0.56017,39
2021-11-08T09:00:00-00:00,2021-11-08T10:00:00-00:00,2021-11-08,2,0,SLAP_PGSF-APND,SLAP_PGSF-APND,SLAP_PGSF-APND,DAM,MCL,LMP_LOSS_PRC,SLAP_PGSF-APND,ALL_APNODES,0,0.72486,39
2021-11-09T03:00:00-00:00,2021-11-09T04:00:00-00:00,2021-11-08,20,0,SLAP_PGSF-APND,SLAP_PGSF-APND,SLAP_PGSF-APND,DAM,MCL,LMP_LOSS_PRC,SLAP_PGSF-APND,ALL_APNODES,0,1.86389,39
2021-11-09T00:00:00-00:00,2021-11-09T01:00:00-00:00,2021-11-08,17,0,SLAP_PGSF-APND,SLAP_PGSF-APND,SLAP_PGSF-APND,DAM,MCL,LMP_LOSS_PRC,SLAP_PGSF-APND,ALL_APNODES,0,2.75539,39
2021-11-08T23:00:00-00:00,2021-11-09T00:00:00-00:00,2021-11-08,16,0,SLAP_PGSF-APND,SLAP_PGSF-APND,SLAP_PGSF-APND,DAM,MCL,LMP_LOSS_PRC,SLAP_PGSF-APND,ALL_APNODES,0,3.89936,39
2021-11-08T22:00:00-00:00,2021-11-08T23:00:00-00:00,2021-11-08,15,0,SLAP_PGSF-APND,SLAP_PGSF-APND,SLAP_PGSF-APND,DAM,MCL,LMP_LOSS_PRC,SLAP_PGSF-APND,ALL_APNODES,0,3.3639,39
2021-11-08T16:00:00-00:00,2021-11-08T17:00:00-00:00,2021-11-08,9,0,SLAP_PGSF-APND,SLAP_PGSF-APND,SLAP_PGSF-APND,DAM,MCL,LMP_LOSS_PRC,SLAP_PGSF-APND,ALL_APNODES,0,4.94419,39
2021-11-08T21:00:00-00:00,2021-11-08T22:00:00-00:00,2021-11-08,14,0,SLAP_PGSF-APND,SLAP_PGSF-APND,SLAP_PGSF-APND,DAM,MGHG,LMP_GHG_PRC,SLAP_PGSF-APND,ALL_APNODES,0,0,40
2021-11-09T00:00:00-00:00,2021-11-09T01:00:00-00:00,2021-11-08,17,0,SLAP_PGSF-APND,SLAP_PGSF-APND,SLAP_PGSF-APND,DAM,MGHG,LMP_GHG_PRC,SLAP_PGSF-APND,ALL_APNODES,0,0,40
2021-11-08T09:00:00-00:00,2021-11-08T10:00:00-00:00,2021-11-08,2,0,SLAP_PGSF-APND,SLAP_PGSF-APND,SLAP_PGSF-APND,DAM,MGHG,LMP_GHG_PRC,SLAP_PGSF-APND,ALL_APNODES,0,0,40
2021-11-08T18:00:00-00:00,2021-11-08T19:00:00-00:00,2021-11-08,11,0,SLAP_PGSF-APND,SLAP_PGSF-APND,SLAP_PGSF-APND,DAM,MGHG,LMP_GHG_PRC,SLAP_PGSF-APND,ALL_APNODES,0,0,40
2021-11-08T11:00:00-00:00,2021-11-08T12:00:00-00:00,2021-11-08,4,0,SLAP_PGSF-APND,SLAP_PGSF-APND,SLAP_PGSF-APND,DAM,MGHG,LMP_GHG_PRC,SLAP_PGSF-APND,ALL_APNODES,0,0,40
2021-11-08T13:00:00-00:00,2021-11-08T14:00:00-00:00,2021-11-08,6,0,SLAP_PGSF-APND,SLAP_PGSF-APND,SLAP_PGSF-APND,DAM,MGHG,LMP_GHG_PRC,SLAP_PGSF-APND,ALL_APNODES,0,0,40
2021-11-09T06:00:00-00:00,2021-11-09T07:00:00-00:00,2021-11-08,23,0,SLAP_PGSF-APND,SLAP_PGSF-APND,SLAP_PGSF-APND,DAM,MGHG,LMP_GHG_PRC,SLAP_PGSF-APND,ALL_APNODES,0,0,40
2021-11-08T23:00:00-00:00,2021-11-09T00:00:00-00:00,2021-11-08,16,0,SLAP_PGSF-APND,SLAP_PGSF-APND,SLAP_PGSF-APND,DAM,MGHG,LMP_GHG_PRC,SLAP_PGSF-APND,ALL_APNODES,0,0,40
2021-11-09T03:00:00-00:00,2021-11-09T04:00:00-00:00,2021-11-08,20,0,SLAP_PGSF-APND,SLAP_PGSF-APND,SLAP_PGSF-APND,DAM,MGHG,LMP_GHG_PRC,SLAP_PGSF-APND,ALL_APNODES,0,0,40
2021-11-08T12:00:00-00:00,2021-11-08T13:00:00-00:00,2021-11-08,5,0,SLAP_PGSF-APND,SLAP_PGSF-APND,SLAP_PGSF-APND,DAM,MGHG,LMP_GHG_PRC,SLAP_PGSF-APND,ALL_APNODES,0,0,40
2021-11-08T15:00:00-00:00,2021-11-08T16:00:00-00:00,2021-11-08,8,0,SLAP_PGSF-APND,SLAP_PGSF-APND,SLAP_PGSF-APND,DAM,MGHG,LMP_GHG_PRC,SLAP_PGSF-APND,ALL_APNODES,0,0,40
2021-11-09T05:00:00-00:00,2021-11-09T06:00:00-00:00,2021-11-08,22,0,SLAP_PGSF-APND,SLAP_PGSF-APND,SLAP_PGSF-APND,DAM,MGHG,LMP_GHG_PRC,SLAP_PGSF-APND,ALL_APNODES,0,0,40
2021-11-09T07:00:00-00:00,2021-11-09T08:00:00-00:00,2021-11-08,24,0,SLAP_PGSF-APND,SLAP_PGSF-APND,SLAP_PGSF-APND,DAM,MGHG,LMP_GHG_PRC,SLAP_PGSF-APND,ALL_APNODES,0,0,40
2021-11-09T01:00:00-00:00,2021-11-09T02:00:00-00:00,2021-11-08,18,0,SLAP_PGSF-APND,SLAP_PGSF-APND,SLAP_PGSF-APND,DAM,MGHG,LMP_GHG_PRC,SLAP_PGSF-APND,ALL_APNODES,0,0,40
2021-11-08T20:00:00-00:00,2021-11-08T21:00:00-00:00,2021-11-08,13,0,SLAP_PGSF-APND,SLAP_PGSF-APND,SLAP_PGSF-APND,DAM,MGHG,LMP_GHG_PRC,SLAP_PGSF-APND,ALL_APNODES,0,0,40
2021-11-09T04:00:00-00:00,2021-11-09T05:00:00-00:00,2021-11-08,21,0,SLAP_PGSF-APND,SLAP_PGSF-APND,SLAP_PGSF-APND,DAM,MGHG,LMP_GHG_PRC,SLAP_PGSF-APND,ALL_APNODES,0,0,40
2021-11-08T08:00:00-00:00,2021-11-08T09:00:00-00:00,2021-11-08,1,0,SLAP_PGSF-APND,SLAP_PGSF-APND,SLAP_PGSF-APND,DAM,MGHG,LMP_GHG_PRC,SLAP_PGSF-APND,ALL_APNODES,0,0,40
2021-11-08T16:00:00-00:00,2021-11-08T17:00:00-00:00,2021-11-08,9,0,SLAP_PGSF-APND,SLAP_PGSF-APND,SLAP_PGSF-APND,DAM,MGHG,LMP_GHG_PRC,SLAP_PGSF-APND,ALL_APNODES,0,0,40
2021-11-08T22:00:00-00:00,2021-11-08T23:00:00-00:00,2021-11-08,15,0,SLAP_PGSF-APND,SLAP_PGSF-APND,SLAP_PGSF-APND,DAM,MGHG,LMP_GHG_PRC,SLAP_PGSF-APND,ALL_APNODES,0,0,40
2021-11-08T14:00:00-00:00,2021-11-08T15:00:00-00:00,2021-11-08,7,0,SLAP_PGSF-APND,SLAP_PGSF-APND,SLAP_PGSF-APND,DAM,MGHG,LMP_GHG_PRC,SLAP_PGSF-APND,ALL_APNODES,0,0,40
2021-11-08T17:00:00-00:00,2021-11-08T18:00:00-00:00,2021-11-08,10,0,SLAP_PGSF-APND,SLAP_PGSF-APND,SLAP_PGSF-APND,DAM,MGHG,LMP_GHG_PRC,SLAP_PGSF-APND,ALL_APNODES,0,0,40
2021-11-08T10:00:00-00:00,2021-11-08T11:00:00-00:00,2021-11-08,3,0,SLAP_PGSF-APND,SLAP_PGSF-APND,SLAP_PGSF-APND,DAM,MGHG,LMP_GHG_PRC,SLAP_PGSF-APND,ALL_APNODES,0,0,40
2021-11-08T19:00:00-00:00,2021-11-08T20:00:00-00:00,2021-11-08,12,0,SLAP_PGSF-APND,SLAP_PGSF-APND,SLAP_PGSF-APND,DAM,MGHG,LMP_GHG_PRC,SLAP_PGSF-APND,ALL_APNODES,0,0,40
2021-11-09T02:00:00-00:00,2021-11-09T03:00:00-00:00,2021-11-08,19,0,SLAP_PGSF-APND,SLAP_PGSF-APND,SLAP_PGSF-APND,DAM,MGHG,LMP_GHG_PRC,SLAP_PGSF-APND,ALL_APNODES,0,0,40
2021-11-09T14:00:00-00:00,2021-11-09T15:00:00-00:00,2021-11-09,7,0,SLAP_PGSF-APND,SLAP_PGSF-APND,SLAP_PGSF-APND,DAM,LMP,LMP_PRC,SLAP_PGSF-APND,ALL_APNODES,0,82.56032,41
2021-11-10T04:00:00-00:00,2021-11-10T05:00:00-00:00,2021-11-09,21,0,SLAP_PGSF-APND,SLAP_PGSF-APND,SLAP_PGSF-APND,DAM,LMP,LMP_PRC,SLAP_PGSF-APND,ALL_APNODES,0,75.55414,41
2021-11-09T10:00:00-00:00,2021-11-09T11:00:00-00:00,2021-11-09,3,0,SLAP_PGSF-APND,SLAP_PGSF-APND,SLAP_PGSF-APND,DAM,LMP,LMP_PRC,SLAP_PGSF-APND,ALL_APNODES,0,55.50797,41
2021-11-09T20:00:00-00:00,2021-11-09T21:00:00-00:00,2021-11-09,13,0,SLAP_PGSF-APND,SLAP_PGSF-APND,SLAP_PGSF-APND,DAM,LMP,LMP_PRC,SLAP_PGSF-APND,ALL_APNODES,0,54.69754,41
2021-11-09T19:00:00-00:00,2021-11-09T20:00:00-00:00,2021-11-09,12,0,SLAP_PGSF-APND,SLAP_PGSF-APND,SLAP_PGSF-APND,DAM,LMP,LMP_PRC,SLAP_PGSF-APND,ALL_APNODES,0,51.91843,41
2021-11-09T09:00:00-00:00,2021-11-09T10:00:00-00:00,2021-11-09,2,0,SLAP_PGSF-APND,SLAP_PGSF-APND,SLAP_PGSF-APND,DAM,LMP,LMP_PRC,SLAP_PGSF-APND,ALL_APNODES,0,55.66551,41
2021-11-09T11:00:00-00:00,2021-11-09T12:00:00-00:00,2021-11-09,4,0,SLAP_PGSF-APND,SLAP_PGSF-APND,SLAP_PGSF-APND,DAM,LMP,LMP_PRC,SLAP_PGSF-APND,ALL_APNODES,0,55.72048,41
2021-11-10T00:00:00-00:00,2021-11-10T01:00:00-00:00,2021-11-09,17,0,SLAP_PGSF-APND,SLAP_PGSF-APND,SLAP_PGSF-APND,DAM,LMP,LMP_PRC,SLAP_PGSF-APND,ALL_APNODES,0,89.47977,41
2021-11-09T21:00:00-00:00,2021-11-09T22:00:00-00:00,2021-11-09,14,0,SLAP_PGSF-APND,SLAP_PGSF-APND,SLAP_PGSF-APND,DAM,LMP,LMP_PRC,SLAP_PGSF-APND,ALL_APNODES,0,53.63708,41
2021-11-09T17:00:00-00:00,2021-11-09T18:00:00-00:00,2021-11-09,10,0,SLAP_PGSF-APND,SLAP_PGSF-APND,SLAP_PGSF-APND,DAM,LMP,LMP_PRC,SLAP_PGSF-APND,ALL_APNODES,0,54.77749,41
2021-11-10T03:00:00-00:00,2021-11-10T04:00:00-00:00,2021-11-09,20,0,SLAP_PGSF-APND,SLAP_PGSF-APND,SLAP_PGSF-APND,DAM,LMP,LMP_PRC,SLAP_PGSF-APND,ALL_APNODES,0,90.15812,41
2021-11-09T15:00:00-00:00,2021-11-09T16:00:00-00:00,2021-11-09,8,0,SLAP_PGSF-APND,SLAP_PGSF-APND,SLAP_PGSF-APND,DAM,LMP,LMP_PRC,SLAP_PGSF-APND,ALL_APNODES,0,69.44353,41
2021-11-10T07:00:00-00:00,2021-11-10T08:00:00-00:00,2021-11-09,24,0,SLAP_PGSF-APND,SLAP_PGSF-APND,SLAP_PGSF-APND,DAM,LMP,LMP_PRC,SLAP_PGSF-APND,ALL_APNODES,0,62.52603,41
2021-11-10T05:00:00-00:00,2021-11-10T06:00:00-00:00,2021-11-09,22,0,SLAP_PGSF-APND,SLAP_PGSF-APND,SLAP_PGSF-APND,DAM,LMP,LMP_PRC,SLAP_PGSF-APND,ALL_APNODES,0,69.00204,41
2021-11-09T23:00:00-00:00,2021-11-10T00:00:00-00:00,2021-11-09,16,0,SLAP_PGSF-APND,SLAP_PGSF-APND,SLAP_PGSF-APND,DAM,LMP,LMP_PRC,SLAP_PGSF-APND,ALL_APNODES,0,71.06808,41
2021-11-09T22:00:00-00:00,2021-11-09T23:00:00-00:00,2021-11-09,15,0,SLAP_PGSF-APND,SLAP_PGSF-APND,SLAP_PGSF-APND,DAM,LMP,LMP_PRC,SLAP_PGSF-APND,ALL_APNODES,0,58.62563,41
2021-11-09T16:00:00-00:00,2021-11-09T17:00:00-00:00,2021-11-09,9,0,SLAP_PGSF-APND,SLAP_PGSF-APND,SLAP_PGSF-APND,DAM,LMP,LMP_PRC,SLAP_PGSF-APND,ALL_APNODES,0,61.52129,41
2021-11-09T13:00:00-00:00,2021-11-09T14:00:00-00:00,2021-11-09,6,0,SLAP_PGSF-APND,SLAP_PGSF-APND,SLAP_PGSF-APND,DAM,LMP,LMP_PRC,SLAP_PGSF-APND,ALL_APNODES,0,70.16713,41
2021-11-09T12:00:00-00:00,2021-11-09T13:00:00-00:00,2021-11-09,5,0,SLAP_PGSF-APND,SLAP_PGSF-APND,SLAP_PGSF-APND,DAM,LMP,LMP_PRC,SLAP_PGSF-APND,ALL_APNODES,0,59.9638,41
2021-11-09T08:00:00-00:00,2021-11-09T09:00:00-00:00,2021-11-09,1,0,SLAP_PGSF-APND,SLAP_PGSF-APND,SLAP_PGSF-APND,DAM,LMP,LMP_PRC,SLAP_PGSF-APND,ALL_APNODES,0,57.29613,41
2021-11-10T06:00:00-00:00,2021-11-10T07:00:00-00:00,2021-11-09,23,0,SLAP_PGSF-APND,SLAP_PGSF-APND,SLAP_PGSF-APND,DAM,LMP,LMP_PRC,SLAP_PGSF-APND,ALL_APNODES,0,63.94421,41
2021-11-10T02:00:00-00:00,2021-11-10T03:00:00-00:00,2021-11-09,19,0,SLAP_PGSF-APND,SLAP_PGSF-APND,SLAP_PGSF-APND,DAM,LMP,LMP_PRC,SLAP_PGSF-APND,ALL_APNODES,0,95.03011,41
2021-11-09T18:00:00-00:00,2021-11-09T19:00:00-00:00,2021-11-09,11,0,SLAP_PGSF-APND,SLAP_PGSF-APND,SLAP_PGSF-APND,DAM,LMP,LMP_PRC,SLAP_PGSF-APND,ALL_APNODES,0,53.21877,41
2021-11-10T01:00:00-00:00,2021-11-10T02:00:00-00:00,2021-11-09,18,0,SLAP_PGSF-APND,SLAP_PGSF-APND,SLAP_PGSF-APND,DAM,LMP,LMP_PRC,SLAP_PGSF-APND,ALL_APNODES,0,123.66851,41
2021-11-10T04:00:00-00:00,2021-11-10T05:00:00-00:00,2021-11-09,21,0,SLAP_PGSF-APND,SLAP_PGSF-APND,SLAP_PGSF-APND,DAM,MCC,LMP_CONG_PRC,SLAP_PGSF-APND,ALL_APNODES,0,0,42
2021-11-09T12:00:00-00:00,2021-11-09T13:00:00-00:00,2021-11-09,5,0,SLAP_PGSF-APND,SLAP_PGSF-APND,SLAP_PGSF-APND,DAM,MCC,LMP_CONG_PRC,SLAP_PGSF-APND,ALL_APNODES,0,0,42
2021-11-09T18:00:00-00:00,2021-11-09T19:00:00-00:00,2021-11-09,11,0,SLAP_PGSF-APND,SLAP_PGSF-APND,SLAP_PGSF-APND,DAM,MCC,LMP_CONG_PRC,SLAP_PGSF-APND,ALL_APNODES,0,-0.21583,42
2021-11-09T11:00:00-00:00,2021-11-09T12:00:00-00:00,2021-11-09,4,0,SLAP_PGSF-APND,SLAP_PGSF-APND,SLAP_PGSF-APND,DAM,MCC,LMP_CONG_PRC,SLAP_PGSF-APND,ALL_APNODES,0,0,42
2021-11-09T19:00:00-00:00,2021-11-09T20:00:00-00:00,2021-11-09,12,0,SLAP_PGSF-APND,SLAP_PGSF-APND,SLAP_PGSF-APND,DAM,MCC,LMP_CONG_PRC,SLAP_PGSF-APND,ALL_APNODES,0,2.14127,42
2021-11-09T10:00:00-00:00,2021-11-09T11:00:00-00:00,2021-11-09,3,0,SLAP_PGSF-APND,SLAP_PGSF-APND,SLAP_PGSF-APND,DAM,MCC,LMP_CONG_PRC,SLAP_PGSF-APND,ALL_APNODES,0,0,42
2021-11-09T09:00:00-00:00,2021-11-09T10:00:00-00:00,2021-11-09,2,0,SLAP_PGSF-APND,SLAP_PGSF-APND,SLAP_PGSF-APND,DAM,MCC,LMP_CONG_PRC,SLAP_PGSF-APND,ALL_APNODES,0,0,42
2021-11-10T00:00:00-00:00,2021-11-10T01:00:00-00:00,2021-11-09,17,0,SLAP_PGSF-APND,SLAP_PGSF-APND,SLAP_PGSF-APND,DAM,MCC,LMP_CONG_PRC,SLAP_PGSF-APND,ALL_APNODES,0,-1.12393,42
2021-11-10T07:00:00-00:00,2021-11-10T08:00:00-00:00,2021-11-09,24,0,SLAP_PGSF-APND,SLAP_PGSF-APND,SLAP_PGSF-APND,DAM,MCC,LMP_CONG_PRC,SLAP_PGSF-APND,ALL_APNODES,0,-0.52515,42
2021-11-10T02:00:00-00:00,2021-11-10T03:00:00-00:00,2021-11-09,19,0,SLAP_PGSF-APND,SLAP_PGSF-APND,SLAP_PGSF-APND,DAM,MCC,LMP_CONG_PRC,SLAP_PGSF-APND,ALL_APNODES,0,1.11657,42
2021-11-09T17:00:00-00:00,2021-11-09T18:00:00-00:00,2021-11-09,10,0,SLAP_PGSF-APND,SLAP_PGSF-APND,SLAP_PGSF-APND,DAM,MCC,LMP_CONG_PRC,SLAP_PGSF-APND,ALL_APNODES,0,0.41609,42
2021-11-10T06:00:00-00:00,2021-11-10T07:00:00-00:00,2021-11-09,23,0,SLAP_PGSF-APND,SLAP_PGSF-APND,SLAP_PGSF-APND,DAM,MCC,LMP_CONG_PRC,SLAP_PGSF-APND,ALL_APNODES,0,0,42
2021-11-09T23:00:00-00:00,2021-11-10T00:00:00-00:00,2021-11-09,16,0,SLAP_PGSF-APND,SLAP_PGSF-APND,SLAP_PGSF-APND,DAM,MCC,LMP_CONG_PRC,SLAP_PGSF-APND,ALL_APNODES,0,-0.4602,42
2021-11-09T21:00:00-00:00,2021-11-09T22:00:00-00:00,2021-11-09,14,0,SLAP_PGSF-APND,SLAP_PGSF-APND,SLAP_PGSF-APND,DAM,MCC,LMP_CONG_PRC,SLAP_PGSF-APND,ALL_APNODES,0,-0.03401,42
2021-11-09T16:00:00-00:00,2021-11-09T17:00:00-00:00,2021-11-09,9,0,SLAP_PGSF-APND,SLAP_PGSF-APND,SLAP_PGSF-APND,DAM,MCC,LMP_CONG_PRC,SLAP_PGSF-APND,ALL_APNODES,0,-0.7401,42
2021-11-09T20:00:00-00:00,2021-11-09T21:00:00-00:00,2021-11-09,13,0,SLAP_PGSF-APND,SLAP_PGSF-APND,SLAP_PGSF-APND,DAM,MCC,LMP_CONG_PRC,SLAP_PGSF-APND,ALL_APNODES,0,1.96959,42
2021-11-10T05:00:00-00:00,2021-11-10T06:00:00-00:00,2021-11-09,22,0,SLAP_PGSF-APND,SLAP_PGSF-APND,SLAP_PGSF-APND,DAM,MCC,LMP_CONG_PRC,SLAP_PGSF-APND,ALL_APNODES,0,0,42
2021-11-09T14:00:00-00:00,2021-11-09T15:00:00-00:00,2021-11-09,7,0,SLAP_PGSF-APND,SLAP_PGSF-APND,SLAP_PGSF-APND,DAM,MCC,LMP_CONG_PRC,SLAP_PGSF-APND,ALL_APNODES,0,0,42
2021-11-09T22:00:00-00:00,2021-11-09T23:00:00-00:00,2021-11-09,15,0,SLAP_PGSF-APND,SLAP_PGSF-APND,SLAP_PGSF-APND,DAM,MCC,LMP_CONG_PRC,SLAP_PGSF-APND,ALL_APNODES,0,-0.71116,42
2021-11-10T03:00:00-00:00,2021-11-10T04:00:00-00:00,2021-11-09,20,0,SLAP_PGSF-APND,SLAP_PGSF-APND,SLAP_PGSF-APND,DAM,MCC,LMP_CONG_PRC,SLAP_PGSF-APND,ALL_APNODES,0,2.85015,42
2021-11-09T15:00:00-00:00,2021-11-09T16:00:00-00:00,2021-11-09,8,0,SLAP_PGSF-APND,SLAP_PGSF-APND,SLAP_PGSF-APND,DAM,MCC,LMP_CONG_PRC,SLAP_PGSF-APND,ALL_APNODES,0,-0.48396,42
2021-11-09T13:00:00-00:00,2021-11-09T14:00:00-00:00,2021-11-09,6,0,SLAP_PGSF-APND,SLAP_PGSF-APND,SLAP_PGSF-APND,DAM,MCC,LMP_CONG_PRC,SLAP_PGSF-APND,ALL_APNODES,0,-0.01438,42
2021-11-09T08:00:00-00:00,2021-11-09T09:00:00-00:00,2021-11-09,1,0,SLAP_PGSF-APND,SLAP_PGSF-APND,SLAP_PGSF-APND,DAM,MCC,LMP_CONG_PRC,SLAP_PGSF-APND,ALL_APNODES,0,0,42
2021-11-10T01:00:00-00:00,2021-11-10T02:00:00-00:00,2021-11-09,18,0,SLAP_PGSF-APND,SLAP_PGSF-APND,SLAP_PGSF-APND,DAM,MCC,LMP_CONG_PRC,SLAP_PGSF-APND,ALL_APNODES,0,3.21901,42
2021-11-09T08:00:00-00:00,2021-11-09T09:00:00-00:00,2021-11-09,1,0,SLAP_PGSF-APND,SLAP_PGSF-APND,SLAP_PGSF-APND,DAM,MCE,LMP_ENE_PRC,SLAP_PGSF-APND,ALL_APNODES,0,56.8809,43
2021-11-09T10:00:00-00:00,2021-11-09T11:00:00-00:00,2021-11-09,3,0,SLAP_PGSF-APND,SLAP_PGSF-APND,SLAP_PGSF-APND,DAM,MCE,LMP_ENE_PRC,SLAP_PGSF-APND,ALL_APNODES,0,55.20434,43
2021-11-09T12:00:00-00:00,2021-11-09T13:00:00-00:00,2021-11-09,5,0,SLAP_PGSF-APND,SLAP_PGSF-APND,SLAP_PGSF-APND,DAM,MCE,LMP_ENE_PRC,SLAP_PGSF-APND,ALL_APNODES,0,59.4938,43
2021-11-10T04:00:00-00:00,2021-11-10T05:00:00-00:00,2021-11-09,21,0,SLAP_PGSF-APND,SLAP_PGSF-APND,SLAP_PGSF-APND,DAM,MCE,LMP_ENE_PRC,SLAP_PGSF-APND,ALL_APNODES,0,74.07268,43
2021-11-10T07:00:00-00:00,2021-11-10T08:00:00-00:00,2021-11-09,24,0,SLAP_PGSF-APND,SLAP_PGSF-APND,SLAP_PGSF-APND,DAM,MCE,LMP_ENE_PRC,SLAP_PGSF-APND,ALL_APNODES,0,61.7846,43
2021-11-09T17:00:00-00:00,2021-11-09T18:00:00-00:00,2021-11-09,10,0,SLAP_PGSF-APND,SLAP_PGSF-APND,SLAP_PGSF-APND,DAM,MCE,LMP_ENE_PRC,SLAP_PGSF-APND,ALL_APNODES,0,49.49595,43
2021-11-09T19:00:00-00:00,2021-11-09T20:00:00-00:00,2021-11-09,12,0,SLAP_PGSF-APND,SLAP_PGSF-APND,SLAP_PGSF-APND,DAM,MCE,LMP_ENE_PRC,SLAP_PGSF-APND,ALL_APNODES,0,45.02683,43
2021-11-09T21:00:00-00:00,2021-11-09T22:00:00-00:00,2021-11-09,14,0,SLAP_PGSF-APND,SLAP_PGSF-APND,SLAP_PGSF-APND,DAM,MCE,LMP_ENE_PRC,SLAP_PGSF-APND,ALL_APNODES,0,49.13136,43
2021-11-09T23:00:00-00:00,2021-11-10T00:00:00-00:00,2021-11-09,16,0,SLAP_PGSF-APND,SLAP_PGSF-APND,SLAP_PGSF-APND,DAM,MCE,LMP_ENE_PRC,SLAP_PGSF-APND,ALL_APNODES,0,68.75075,43
2021-11-09T09:00:00-00:00,2021-11-09T10:00:00-00:00,2021-11-09,2,0,SLAP_PGSF-APND,SLAP_PGSF-APND,SLAP_PGSF-APND,DAM,MCE,LMP_ENE_PRC,SLAP_PGSF-APND,ALL_APNODES,0,55.39959,43
2021-11-09T11:00:00-00:00,2021-11-09T12:00:00-00:00,2021-11-09,4,0,SLAP_PGSF-APND,SLAP_PGSF-APND,SLAP_PGSF-APND,DAM,MCE,LMP_ENE_PRC,SLAP_PGSF-APND,ALL_APNODES,0,55.4212,43
2021-11-10T01:00:00-00:00,2021-11-10T02:00:00-00:00,2021-11-09,18,0,SLAP_PGSF-APND,SLAP_PGSF-APND,SLAP_PGSF-APND,DAM,MCE,LMP_ENE_PRC,SLAP_PGSF-APND,ALL_APNODES,0,116.90722,43
2021-11-10T03:00:00-00:00,2021-11-10T04:00:00-00:00,2021-11-09,20,0,SLAP_PGSF-APND,SLAP_PGSF-APND,SLAP_PGSF-APND,DAM,MCE,LMP_ENE_PRC,SLAP_PGSF-APND,ALL_APNODES,0,84.60895,43
2021-11-10T02:00:00-00:00,2021-11-10T03:00:00-00:00,2021-11-09,19,0,SLAP_PGSF-APND,SLAP_PGSF-APND,SLAP_PGSF-APND,DAM,MCE,LMP_ENE_PRC,SLAP_PGSF-APND,ALL_APNODES,0,91.31117,43
2021-11-10T06:00:00-00:00,2021-11-10T07:00:00-00:00,2021-11-09,23,0,SLAP_PGSF-APND,SLAP_PGSF-APND,SLAP_PGSF-APND,DAM,MCE,LMP_ENE_PRC,SLAP_PGSF-APND,ALL_APNODES,0,62.50656,43
2021-11-09T18:00:00-00:00,2021-11-09T19:00:00-00:00,2021-11-09,11,0,SLAP_PGSF-APND,SLAP_PGSF-APND,SLAP_PGSF-APND,DAM,MCE,LMP_ENE_PRC,SLAP_PGSF-APND,ALL_APNODES,0,48.69644,43
2021-11-09T14:00:00-00:00,2021-11-09T15:00:00-00:00,2021-11-09,7,0,SLAP_PGSF-APND,SLAP_PGSF-APND,SLAP_PGSF-APND,DAM,MCE,LMP_ENE_PRC,SLAP_PGSF-APND,ALL_APNODES,0,81.59747,43
2021-11-09T20:00:00-00:00,2021-11-09T21:00:00-00:00,2021-11-09,13,0,SLAP_PGSF-APND,SLAP_PGSF-APND,SLAP_PGSF-APND,DAM,MCE,LMP_ENE_PRC,SLAP_PGSF-APND,ALL_APNODES,0,47.63139,43
2021-11-10T05:00:00-00:00,2021-11-10T06:00:00-00:00,2021-11-09,22,0,SLAP_PGSF-APND,SLAP_PGSF-APND,SLAP_PGSF-APND,DAM,MCE,LMP_ENE_PRC,SLAP_PGSF-APND,ALL_APNODES,0,67.21414,43
2021-11-09T15:00:00-00:00,2021-11-09T16:00:00-00:00,2021-11-09,8,0,SLAP_PGSF-APND,SLAP_PGSF-APND,SLAP_PGSF-APND,DAM,MCE,LMP_ENE_PRC,SLAP_PGSF-APND,ALL_APNODES,0,67.03173,43
2021-11-09T22:00:00-00:00,2021-11-09T23:00:00-00:00,2021-11-09,15,0,SLAP_PGSF-APND,SLAP_PGSF-APND,SLAP_PGSF-APND,DAM,MCE,LMP_ENE_PRC,SLAP_PGSF-APND,ALL_APNODES,0,55.55879,43
2021-11-10T00:00:00-00:00,2021-11-10T01:00:00-00:00,2021-11-09,17,0,SLAP_PGSF-APND,SLAP_PGSF-APND,SLAP_PGSF-APND,DAM,MCE,LMP_ENE_PRC,SLAP_PGSF-APND,ALL_APNODES,0,89.32634,43
2021-11-09T13:00:00-00:00,2021-11-09T14:00:00-00:00,2021-11-09,6,0,SLAP_PGSF-APND,SLAP_PGSF-APND,SLAP_PGSF-APND,DAM,MCE,LMP_ENE_PRC,SLAP_PGSF-APND,ALL_APNODES,0,69.9716,43
2021-11-09T16:00:00-00:00,2021-11-09T17:00:00-00:00,2021-11-09,9,0,SLAP_PGSF-APND,SLAP_PGSF-APND,SLAP_PGSF-APND,DAM,MCE,LMP_ENE_PRC,SLAP_PGSF-APND,ALL_APNODES,0,58.58793,43
2021-11-09T20:00:00-00:00,2021-11-09T21:00:00-00:00,2021-11-09,13,0,SLAP_PGSF-APND,SLAP_PGSF-APND,SLAP_PGSF-APND,DAM,MCL,LMP_LOSS_PRC,SLAP_PGSF-APND,ALL_APNODES,0,5.09656,44
2021-11-09T22:00:00-00:00,2021-11-09T23:00:00-00:00,2021-11-09,15,0,SLAP_PGSF-APND,SLAP_PGSF-APND,SLAP_PGSF-APND,DAM,MCL,LMP_LOSS_PRC,SLAP_PGSF-APND,ALL_APNODES,0,3.778,44
2021-11-09T16:00:00-00:00,2021-11-09T17:00:00-00:00,2021-11-09,9,0,SLAP_PGSF-APND,SLAP_PGSF-APND,SLAP_PGSF-APND,DAM,MCL,LMP_LOSS_PRC,SLAP_PGSF-APND,ALL_APNODES,0,3.67346,44
2021-11-10T04:00:00-00:00,2021-11-10T05:00:00-00:00,2021-11-09,21,0,SLAP_PGSF-APND,SLAP_PGSF-APND,SLAP_PGSF-APND,DAM,MCL,LMP_LOSS_PRC,SLAP_PGSF-APND,ALL_APNODES,0,1.48145,44
2021-11-09T11:00:00-00:00,2021-11-09T12:00:00-00:00,2021-11-09,4,0,SLAP_PGSF-APND,SLAP_PGSF-APND,SLAP_PGSF-APND,DAM,MCL,LMP_LOSS_PRC,SLAP_PGSF-APND,ALL_APNODES,0,0.29927,44
2021-11-10T05:00:00-00:00,2021-11-10T06:00:00-00:00,2021-11-09,22,0,SLAP_PGSF-APND,SLAP_PGSF-APND,SLAP_PGSF-APND,DAM,MCL,LMP_LOSS_PRC,SLAP_PGSF-APND,ALL_APNODES,0,1.7879,44
2021-11-09T23:00:00-00:00,2021-11-10T00:00:00-00:00,2021-11-09,16,0,SLAP_PGSF-APND,SLAP_PGSF-APND,SLAP_PGSF-APND,DAM,MCL,LMP_LOSS_PRC,SLAP_PGSF-APND,ALL_APNODES,0,2.77753,44
2021-11-10T06:00:00-00:00,2021-11-10T07:00:00-00:00,2021-11-09,23,0,SLAP_PGSF-APND,SLAP_PGSF-APND,SLAP_PGSF-APND,DAM,MCL,LMP_LOSS_PRC,SLAP_PGSF-APND,ALL_APNODES,0,1.43765,44
2021-11-09T14:00:00-00:00,2021-11-09T15:00:00-00:00,2021-11-09,7,0,SLAP_PGSF-APND,SLAP_PGSF-APND,SLAP_PGSF-APND,DAM,MCL,LMP_LOSS_PRC,SLAP_PGSF-APND,ALL_APNODES,0,0.96285,44
2021-11-09T13:00:00-00:00,2021-11-09T14:00:00-00:00,2021-11-09,6,0,SLAP_PGSF-APND,SLAP_PGSF-APND,SLAP_PGSF-APND,DAM,MCL,LMP_LOSS_PRC,SLAP_PGSF-APND,ALL_APNODES,0,0.20991,44
2021-11-10T02:00:00-00:00,2021-11-10T03:00:00-00:00,2021-11-09,19,0,SLAP_PGSF-APND,SLAP_PGSF-APND,SLAP_PGSF-APND,DAM,MCL,LMP_LOSS_PRC,SLAP_PGSF-APND,ALL_APNODES,0,2.60237,44
2021-11-10T03:00:00-00:00,2021-11-10T04:00:00-00:00,2021-11-09,20,0,SLAP_PGSF-APND,SLAP_PGSF-APND,SLAP_PGSF-APND,DAM,MCL,LMP_LOSS_PRC,SLAP_PGSF-APND,ALL_APNODES,0,2.69903,44
2021-11-09T12:00:00-00:00,2021-11-09T13:00:00-00:00,2021-11-09,5,0,SLAP_PGSF-APND,SLAP_PGSF-APND,SLAP_PGSF-APND,DAM,MCL,LMP_LOSS_PRC,SLAP_PGSF-APND,ALL_APNODES,0,0.47,44
2021-11-09T21:00:00-00:00,2021-11-09T22:00:00-00:00,2021-11-09,14,0,SLAP_PGSF-APND,SLAP_PGSF-APND,SLAP_PGSF-APND,DAM,MCL,LMP_LOSS_PRC,SLAP_PGSF-APND,ALL_APNODES,0,4.53974,44
2021-11-09T19:00:00-00:00,2021-11-09T20:00:00-00:00,2021-11-09,12,0,SLAP_PGSF-APND,SLAP_PGSF-APND,SLAP_PGSF-APND,DAM,MCL,LMP_LOSS_PRC,SLAP_PGSF-APND,ALL_APNODES,0,4.75033,44
2021-11-09T09:00:00-00:00,2021-11-09T10:00:00-00:00,2021-11-09,2,0,SLAP_PGSF-APND,SLAP_PGSF-APND,SLAP_PGSF-APND,DAM,MCL,LMP_LOSS_PRC,SLAP_PGSF-APND,ALL_APNODES,0,0.26592,44
2021-11-09T15:00:00-00:00,2021-11-09T16:00:00-00:00,2021-11-09,8,0,SLAP_PGSF-APND,SLAP_PGSF-APND,SLAP_PGSF-APND,DAM,MCL,LMP_LOSS_PRC,SLAP_PGSF-APND,ALL_APNODES,0,2.89577,44
2021-11-10T01:00:00-00:00,2021-11-10T02:00:00-00:00,2021-11-09,18,0,SLAP_PGSF-APND,SLAP_PGSF-APND,SLAP_PGSF-APND,DAM,MCL,LMP_LOSS_PRC,SLAP_PGSF-APND,ALL_APNODES,0,3.54229,44
2021-11-09T08:00:00-00:00,2021-11-09T09:00:00-00:00,2021-11-09,1,0,SLAP_PGSF-APND,SLAP_PGSF-APND,SLAP_PGSF-APND,DAM,MCL,LMP_LOSS_PRC,SLAP_PGSF-APND,ALL_APNODES,0,0.41523,44
2021-11-10T00:00:00-00:00,2021-11-10T01:00:00-00:00,2021-11-09,17,0,SLAP_PGSF-APND,SLAP_PGSF-APND,SLAP_PGSF-APND,DAM,MCL,LMP_LOSS_PRC,SLAP_PGSF-APND,ALL_APNODES,0,1.27737,44
2021-11-10T07:00:00-00:00,2021-11-10T08:00:00-00:00,2021-11-09,24,0,SLAP_PGSF-APND,SLAP_PGSF-APND,SLAP_PGSF-APND,DAM,MCL,LMP_LOSS_PRC,SLAP_PGSF-APND,ALL_APNODES,0,1.26658,44
2021-11-09T17:00:00-00:00,2021-11-09T18:00:00-00:00,2021-11-09,10,0,SLAP_PGSF-APND,SLAP_PGSF-APND,SLAP_PGSF-APND,DAM,MCL,LMP_LOSS_PRC,SLAP_PGSF-APND,ALL_APNODES,0,4.86545,44
2021-11-09T10:00:00-00:00,2021-11-09T11:00:00-00:00,2021-11-09,3,0,SLAP_PGSF-APND,SLAP_PGSF-APND,SLAP_PGSF-APND,DAM,MCL,LMP_LOSS_PRC,SLAP_PGSF-APND,ALL_APNODES,0,0.30362,44
2021-11-09T18:00:00-00:00,2021-11-09T19:00:00-00:00,2021-11-09,11,0,SLAP_PGSF-APND,SLAP_PGSF-APND,SLAP_PGSF-APND,DAM,MCL,LMP_LOSS_PRC,SLAP_PGSF-APND,ALL_APNODES,0,4.73816,44
2021-11-09T18:00:00-00:00,2021-11-09T19:00:00-00:00,2021-11-09,11,0,SLAP_PGSF-APND,SLAP_PGSF-APND,SLAP_PGSF-APND,DAM,MGHG,LMP_GHG_PRC,SLAP_PGSF-APND,ALL_APNODES,0,0,45
2021-11-10T05:00:00-00:00,2021-11-10T06:00:00-00:00,2021-11-09,22,0,SLAP_PGSF-APND,SLAP_PGSF-APND,SLAP_PGSF-APND,DAM,MGHG,LMP_GHG_PRC,SLAP_PGSF-APND,ALL_APNODES,0,0,45
2021-11-09T16:00:00-00:00,2021-11-09T17:00:00-00:00,2021-11-09,9,0,SLAP_PGSF-APND,SLAP_PGSF-APND,SLAP_PGSF-APND,DAM,MGHG,LMP_GHG_PRC,SLAP_PGSF-APND,ALL_APNODES,0,0,45
2021-11-10T02:00:00-00:00,2021-11-10T03:00:00-00:00,2021-11-09,19,0,SLAP_PGSF-APND,SLAP_PGSF-APND,SLAP_PGSF-APND,DAM,MGHG,LMP_GHG_PRC,SLAP_PGSF-APND,ALL_APNODES,0,0,45
2021-11-09T17:00:00-00:00,2021-11-09T18:00:00-00:00,2021-11-09,10,0,SLAP_PGSF-APND,SLAP_PGSF-APND,SLAP_PGSF-APND,DAM,MGHG,LMP_GHG_PRC,SLAP_PGSF-APND,ALL_APNODES,0,0,45
2021-11-10T04:00:00-00:00,2021-11-10T05:00:00-00:00,2021-11-09,21,0,SLAP_PGSF-APND,SLAP_PGSF-APND,SLAP_PGSF-APND,DAM,MGHG,LMP_GHG_PRC,SLAP_PGSF-APND,ALL_APNODES,0,0,45
2021-11-09T11:00:00-00:00,2021-11-09T12:00:00-00:00,2021-11-09,4,0,SLAP_PGSF-APND,SLAP_PGSF-APND,SLAP_PGSF-APND,DAM,MGHG,LMP_GHG_PRC,SLAP_PGSF-APND,ALL_APNODES,0,0,45
2021-11-09T08:00:00-00:00,2021-11-09T09:00:00-00:00,2021-11-09,1,0,SLAP_PGSF-APND,SLAP_PGSF-APND,SLAP_PGSF-APND,DAM,MGHG,LMP_GHG_PRC,SLAP_PGSF-APND,ALL_APNODES,0,0,45
2021-11-09T22:00:00-00:00,2021-11-09T23:00:00-00:00,2021-11-09,15,0,SLAP_PGSF-APND,SLAP_PGSF-APND,SLAP_PGSF-APND,DAM,MGHG,LMP_GHG_PRC,SLAP_PGSF-APND,ALL_APNODES,0,0,45
2021-11-10T06:00:00-00:00,2021-11-10T07:00:00-00:00,2021-11-09,23,0,SLAP_PGSF-APND,SLAP_PGSF-APND,SLAP_PGSF-APND,DAM,MGHG,LMP_GHG_PRC,SLAP_PGSF-APND,ALL_APNODES,0,0,45
2021-11-09T13:00:00-00:00,2021-11-09T14:00:00-00:00,2021-11-09,6,0,SLAP_PGSF-APND,SLAP_PGSF-APND,SLAP_PGSF-APND,DAM,MGHG,LMP_GHG_PRC,SLAP_PGSF-APND,ALL_APNODES,0,0,45
2021-11-09T20:00:00-00:00,2021-11-09T21:00:00-00:00,2021-11-09,13,0,SLAP_PGSF-APND,SLAP_PGSF-APND,SLAP_PGSF-APND,DAM,MGHG,LMP_GHG_PRC,SLAP_PGSF-APND,ALL_APNODES,0,0,45
2021-11-09T15:00:00-00:00,2021-11-09T16:00:00-00:00,2021-11-09,8,0,SLAP_PGSF-APND,SLAP_PGSF-APND,SLAP_PGSF-APND,DAM,MGHG,LMP_GHG_PRC,SLAP_PGSF-APND,ALL_APNODES,0,0,45
2021-11-10T07:00:00-00:00,2021-11-10T08:00:00-00:00,2021-11-09,24,0,SLAP_PGSF-APND,SLAP_PGSF-APND,SLAP_PGSF-APND,DAM,MGHG,LMP_GHG_PRC,SLAP_PGSF-APND,ALL_APNODES,0,0,45
2021-11-10T03:00:00-00:00,2021-11-10T04:00:00-00:00,2021-11-09,20,0,SLAP_PGSF-APND,SLAP_PGSF-APND,SLAP_PGSF-APND,DAM,MGHG,LMP_GHG_PRC,SLAP_PGSF-APND,ALL_APNODES,0,0,45
2021-11-09T14:00:00-00:00,2021-11-09T15:00:00-00:00,2021-11-09,7,0,SLAP_PGSF-APND,SLAP_PGSF-APND,SLAP_PGSF-APND,DAM,MGHG,LMP_GHG_PRC,SLAP_PGSF-APND,ALL_APNODES,0,0,45
2021-11-09T12:00:00-00:00,2021-11-09T13:00:00-00:00,2021-11-09,5,0,SLAP_PGSF-APND,SLAP_PGSF-APND,SLAP_PGSF-APND,DAM,MGHG,LMP_GHG_PRC,SLAP_PGSF-APND,ALL_APNODES,0,0,45
2021-11-09T10:00:00-00:00,2021-11-09T11:00:00-00:00,2021-11-09,3,0,SLAP_PGSF-APND,SLAP_PGSF-APND,SLAP_PGSF-APND,DAM,MGHG,LMP_GHG_PRC,SLAP_PGSF-APND,ALL_APNODES,0,0,45
2021-11-10T01:00:00-00:00,2021-11-10T02:00:00-00:00,2021-11-09,18,0,SLAP_PGSF-APND,SLAP_PGSF-APND,SLAP_PGSF-APND,DAM,MGHG,LMP_GHG_PRC,SLAP_PGSF-APND,ALL_APNODES,0,0,45
2021-11-09T19:00:00-00:00,2021-11-09T20:00:00-00:00,2021-11-09,12,0,SLAP_PGSF-APND,SLAP_PGSF-APND,SLAP_PGSF-APND,DAM,MGHG,LMP_GHG_PRC,SLAP_PGSF-APND,ALL_APNODES,0,0,45
2021-11-09T09:00:00-00:00,2021-11-09T10:00:00-00:00,2021-11-09,2,0,SLAP_PGSF-APND,SLAP_PGSF-APND,SLAP_PGSF-APND,DAM,MGHG,LMP_GHG_PRC,SLAP_PGSF-APND,ALL_APNODES,0,0,45
2021-11-09T21:00:00-00:00,2021-11-09T22:00:00-00:00,2021-11-09,14,0,SLAP_PGSF-APND,SLAP_PGSF-APND,SLAP_PGSF-APND,DAM,MGHG,LMP_GHG_PRC,SLAP_PGSF-APND,ALL_APNODES,0,0,45
2021-11-09T23:00:00-00:00,2021-11-10T00:00:00-00:00,2021-11-09,16,0,SLAP_PGSF-APND,SLAP_PGSF-APND,SLAP_PGSF-APND,DAM,MGHG,LMP_GHG_PRC,SLAP_PGSF-APND,ALL_APNODES,0,0,45
2021-11-10T00:00:00-00:00,2021-11-10T01:00:00-00:00,2021-11-09,17,0,SLAP_PGSF-APND,SLAP_PGSF-APND,SLAP_PGSF-APND,DAM,MGHG,LMP_GHG_PRC,SLAP_PGSF-APND,ALL_APNODES,0,0,45
2021-11-11T07:00:00-00:00,2021-11-11T08:00:00-00:00,2021-11-10,24,0,SLAP_PGSF-APND,SLAP_PGSF-APND,SLAP_PGSF-APND,DAM,LMP,LMP_PRC,SLAP_PGSF-APND,ALL_APNODES,0,60.82556,46
2021-11-11T04:00:00-00:00,2021-11-11T05:00:00-00:00,2021-11-10,21,0,SLAP_PGSF-APND,SLAP_PGSF-APND,SLAP_PGSF-APND,DAM,LMP,LMP_PRC,SLAP_PGSF-APND,ALL_APNODES,0,77.84237,46
2021-11-10T19:00:00-00:00,2021-11-10T20:00:00-00:00,2021-11-10,12,0,SLAP_PGSF-APND,SLAP_PGSF-APND,SLAP_PGSF-APND,DAM,LMP,LMP_PRC,SLAP_PGSF-APND,ALL_APNODES,0,46.93504,46
2021-11-10T15:00:00-00:00,2021-11-10T16:00:00-00:00,2021-11-10,8,0,SLAP_PGSF-APND,SLAP_PGSF-APND,SLAP_PGSF-APND,DAM,LMP,LMP_PRC,SLAP_PGSF-APND,ALL_APNODES,0,71.04603,46
2021-11-11T01:00:00-00:00,2021-11-11T02:00:00-00:00,2021-11-10,18,0,SLAP_PGSF-APND,SLAP_PGSF-APND,SLAP_PGSF-APND,DAM,LMP,LMP_PRC,SLAP_PGSF-APND,ALL_APNODES,0,126.82869,46
2021-11-10T10:00:00-00:00,2021-11-10T11:00:00-00:00,2021-11-10,3,0,SLAP_PGSF-APND,SLAP_PGSF-APND,SLAP_PGSF-APND,DAM,LMP,LMP_PRC,SLAP_PGSF-APND,ALL_APNODES,0,52.52779,46
2021-11-10T09:00:00-00:00,2021-11-10T10:00:00-00:00,2021-11-10,2,0,SLAP_PGSF-APND,SLAP_PGSF-APND,SLAP_PGSF-APND,DAM,LMP,LMP_PRC,SLAP_PGSF-APND,ALL_APNODES,0,53.08252,46
2021-11-10T13:00:00-00:00,2021-11-10T14:00:00-00:00,2021-11-10,6,0,SLAP_PGSF-APND,SLAP_PGSF-APND,SLAP_PGSF-APND,DAM,LMP,LMP_PRC,SLAP_PGSF-APND,ALL_APNODES,0,68.59069,46
2021-11-10T12:00:00-00:00,2021-11-10T13:00:00-00:00,2021-11-10,5,0,SLAP_PGSF-APND,SLAP_PGSF-APND,SLAP_PGSF-APND,DAM,LMP,LMP_PRC,SLAP_PGSF-APND,ALL_APNODES,0,54.60023,46
2021-11-10T11:00:00-00:00,2021-11-10T12:00:00-00:00,2021-11-10,4,0,SLAP_PGSF-APND,SLAP_PGSF-APND,SLAP_PGSF-APND,DAM,LMP,LMP_PRC,SLAP_PGSF-APND,ALL_APNODES,0,52.47499,46
2021-11-11T00:00:00-00:00,2021-11-11T01:00:00-00:00,2021-11-10,17,0,SLAP_PGSF-APND,SLAP_PGSF-APND,SLAP_PGSF-APND,DAM,LMP,LMP_PRC,SLAP_PGSF-APND,ALL_APNODES,0,86.18312,46
2021-11-11T06:00:00-00:00,2021-11-11T07:00:00-00:00,2021-11-10,23,0,SLAP_PGSF-APND,SLAP_PGSF-APND,SLAP_PGSF-APND,DAM,LMP,LMP_PRC,SLAP_PGSF-APND,ALL_APNODES,0,65.66953,46
2021-11-10T20:00:00-00:00,2021-11-10T21:00:00-00:00,2021-11-10,13,0,SLAP_PGSF-APND,SLAP_PGSF-APND,SLAP_PGSF-APND,DAM,LMP,LMP_PRC,SLAP_PGSF-APND,ALL_APNODES,0,47.16733,46
2021-11-10T17:00:00-00:00,2021-11-10T18:00:00-00:00,2021-11-10,10,0,SLAP_PGSF-APND,SLAP_PGSF-APND,SLAP_PGSF-APND,DAM,LMP,LMP_PRC,SLAP_PGSF-APND,ALL_APNODES,0,53.82271,46
2021-11-11T05:00:00-00:00,2021-11-11T06:00:00-00:00,2021-11-10,22,0,SLAP_PGSF-APND,SLAP_PGSF-APND,SLAP_PGSF-APND,DAM,LMP,LMP_PRC,SLAP_PGSF-APND,ALL_APNODES,0,73.59409,46
2021-11-11T03:00:00-00:00,2021-11-11T04:00:00-00:00,2021-11-10,20,0,SLAP_PGSF-APND,SLAP_PGSF-APND,SLAP_PGSF-APND,DAM,LMP,LMP_PRC,SLAP_PGSF-APND,ALL_APNODES,0,83.46633,46
2021-11-10T21:00:00-00:00,2021-11-10T22:00:00-00:00,2021-11-10,14,0,SLAP_PGSF-APND,SLAP_PGSF-APND,SLAP_PGSF-APND,DAM,LMP,LMP_PRC,SLAP_PGSF-APND,ALL_APNODES,0,48.3934,46
2021-11-10T16:00:00-00:00,2021-11-10T17:00:00-00:00,2021-11-10,9,0,SLAP_PGSF-APND,SLAP_PGSF-APND,SLAP_PGSF-APND,DAM,LMP,LMP_PRC,SLAP_PGSF-APND,ALL_APNODES,0,59.88143,46
2021-11-10T23:00:00-00:00,2021-11-11T00:00:00-00:00,2021-11-10,16,0,SLAP_PGSF-APND,SLAP_PGSF-APND,SLAP_PGSF-APND,DAM,LMP,LMP_PRC,SLAP_PGSF-APND,ALL_APNODES,0,67.52247,46
2021-11-10T18:00:00-00:00,2021-11-10T19:00:00-00:00,2021-11-10,11,0,SLAP_PGSF-APND,SLAP_PGSF-APND,SLAP_PGSF-APND,DAM,LMP,LMP_PRC,SLAP_PGSF-APND,ALL_APNODES,0,48.67078,46
2021-11-10T14:00:00-00:00,2021-11-10T15:00:00-00:00,2021-11-10,7,0,SLAP_PGSF-APND,SLAP_PGSF-APND,SLAP_PGSF-APND,DAM,LMP,LMP_PRC,SLAP_PGSF-APND,ALL_APNODES,0,81.00792,46
2021-11-10T08:00:00-00:00,2021-11-10T09:00:00-00:00,2021-11-10,1,0,SLAP_PGSF-APND,SLAP_PGSF-APND,SLAP_PGSF-APND,DAM,LMP,LMP_PRC,SLAP_PGSF-APND,ALL_APNODES,0,53.09834,46
2021-11-11T02:00:00-00:00,2021-11-11T03:00:00-00:00,2021-11-10,19,0,SLAP_PGSF-APND,SLAP_PGSF-APND,SLAP_PGSF-APND,DAM,LMP,LMP_PRC,SLAP_PGSF-APND,ALL_APNODES,0,91.78575,46
2021-11-10T22:00:00-00:00,2021-11-10T23:00:00-00:00,2021-11-10,15,0,SLAP_PGSF-APND,SLAP_PGSF-APND,SLAP_PGSF-APND,DAM,LMP,LMP_PRC,SLAP_PGSF-APND,ALL_APNODES,0,54.08921,46
2021-11-10T13:00:00-00:00,2021-11-10T14:00:00-00:00,2021-11-10,6,0,SLAP_PGSF-APND,SLAP_PGSF-APND,SLAP_PGSF-APND,DAM,MCC,LMP_CONG_PRC,SLAP_PGSF-APND,ALL_APNODES,0,-0.17701,47
2021-11-10T19:00:00-00:00,2021-11-10T20:00:00-00:00,2021-11-10,12,0,SLAP_PGSF-APND,SLAP_PGSF-APND,SLAP_PGSF-APND,DAM,MCC,LMP_CONG_PRC,SLAP_PGSF-APND,ALL_APNODES,0,1.57507,47
2021-11-10T23:00:00-00:00,2021-11-11T00:00:00-00:00,2021-11-10,16,0,SLAP_PGSF-APND,SLAP_PGSF-APND,SLAP_PGSF-APND,DAM,MCC,LMP_CONG_PRC,SLAP_PGSF-APND,ALL_APNODES,0,0,47
2021-11-10T16:00:00-00:00,2021-11-10T17:00:00-00:00,2021-11-10,9,0,SLAP_PGSF-APND,SLAP_PGSF-APND,SLAP_PGSF-APND,DAM,MCC,LMP_CONG_PRC,SLAP_PGSF-APND,ALL_APNODES,0,0.13299,47
2021-11-10T17:00:00-00:00,2021-11-10T18:00:00-00:00,2021-11-10,10,0,SLAP_PGSF-APND,SLAP_PGSF-APND,SLAP_PGSF-APND,DAM,MCC,LMP_CONG_PRC,SLAP_PGSF-APND,ALL_APNODES,0,0.54981,47
2021-11-10T15:00:00-00:00,2021-11-10T16:00:00-00:00,2021-11-10,8,0,SLAP_PGSF-APND,SLAP_PGSF-APND,SLAP_PGSF-APND,DAM,MCC,LMP_CONG_PRC,SLAP_PGSF-APND,ALL_APNODES,0,2.75516,47
2021-11-11T06:00:00-00:00,2021-11-11T07:00:00-00:00,2021-11-10,23,0,SLAP_PGSF-APND,SLAP_PGSF-APND,SLAP_PGSF-APND,DAM,MCC,LMP_CONG_PRC,SLAP_PGSF-APND,ALL_APNODES,0,0,47
2021-11-10T10:00:00-00:00,2021-11-10T11:00:00-00:00,2021-11-10,3,0,SLAP_PGSF-APND,SLAP_PGSF-APND,SLAP_PGSF-APND,DAM,MCC,LMP_CONG_PRC,SLAP_PGSF-APND,ALL_APNODES,0,0,47
2021-11-10T09:00:00-00:00,2021-11-10T10:00:00-00:00,2021-11-10,2,0,SLAP_PGSF-APND,SLAP_PGSF-APND,SLAP_PGSF-APND,DAM,MCC,LMP_CONG_PRC,SLAP_PGSF-APND,ALL_APNODES,0,0,47
2021-11-11T03:00:00-00:00,2021-11-11T04:00:00-00:00,2021-11-10,20,0,SLAP_PGSF-APND,SLAP_PGSF-APND,SLAP_PGSF-APND,DAM,MCC,LMP_CONG_PRC,SLAP_PGSF-APND,ALL_APNODES,0,-5.26629,47
2021-11-11T02:00:00-00:00,2021-11-11T03:00:00-00:00,2021-11-10,19,0,SLAP_PGSF-APND,SLAP_PGSF-APND,SLAP_PGSF-APND,DAM,MCC,LMP_CONG_PRC,SLAP_PGSF-APND,ALL_APNODES,0,-9.41347,47
2021-11-10T20:00:00-00:00,2021-11-10T21:00:00-00:00,2021-11-10,13,0,SLAP_PGSF-APND,SLAP_PGSF-APND,SLAP_PGSF-APND,DAM,MCC,LMP_CONG_PRC,SLAP_PGSF-APND,ALL_APNODES,0,1.3585,47
2021-11-11T07:00:00-00:00,2021-11-11T08:00:00-00:00,2021-11-10,24,0,SLAP_PGSF-APND,SLAP_PGSF-APND,SLAP_PGSF-APND,DAM,MCC,LMP_CONG_PRC,SLAP_PGSF-APND,ALL_APNODES,0,0,47
2021-11-11T04:00:00-00:00,2021-11-11T05:00:00-00:00,2021-11-10,21,0,SLAP_PGSF-APND,SLAP_PGSF-APND,SLAP_PGSF-APND,DAM,MCC,LMP_CONG_PRC,SLAP_PGSF-APND,ALL_APNODES,0,-5.83903,47
2021-11-10T18:00:00-00:00,2021-11-10T19:00:00-00:00,2021-11-10,11,0,SLAP_PGSF-APND,SLAP_PGSF-APND,SLAP_PGSF-APND,DAM,MCC,LMP_CONG_PRC,SLAP_PGSF-APND,ALL_APNODES,0,0.45457,47
2021-11-10T12:00:00-00:00,2021-11-10T13:00:00-00:00,2021-11-10,5,0,SLAP_PGSF-APND,SLAP_PGSF-APND,SLAP_PGSF-APND,DAM,MCC,LMP_CONG_PRC,SLAP_PGSF-APND,ALL_APNODES,0,-0.03883,47
2021-11-10T11:00:00-00:00,2021-11-10T12:00:00-00:00,2021-11-10,4,0,SLAP_PGSF-APND,SLAP_PGSF-APND,SLAP_PGSF-APND,DAM,MCC,LMP_CONG_PRC,SLAP_PGSF-APND,ALL_APNODES,0,0,47
2021-11-11T01:00:00-00:00,2021-11-11T02:00:00-00:00,2021-11-10,18,0,SLAP_PGSF-APND,SLAP_PGSF-APND,SLAP_PGSF-APND,DAM,MCC,LMP_CONG_PRC,SLAP_PGSF-APND,ALL_APNODES,0,-5.02146,47
2021-11-10T08:00:00-00:00,2021-11-10T09:00:00-00:00,2021-11-10,1,0,SLAP_PGSF-APND,SLAP_PGSF-APND,SLAP_PGSF-APND,DAM,MCC,LMP_CONG_PRC,SLAP_PGSF-APND,ALL_APNODES,0,-0.35427,47
2021-11-10T21:00:00-00:00,2021-11-10T22:00:00-00:00,2021-11-10,14,0,SLAP_PGSF-APND,SLAP_PGSF-APND,SLAP_PGSF-APND,DAM,MCC,LMP_CONG_PRC,SLAP_PGSF-APND,ALL_APNODES,0,0.36666,47
2021-11-11T00:00:00-00:00,2021-11-11T01:00:00-00:00,2021-11-10,17,0,SLAP_PGSF-APND,SLAP_PGSF-APND,SLAP_PGSF-APND,DAM,MCC,LMP_CONG_PRC,SLAP_PGSF-APND,ALL_APNODES,0,-12.30583,47
2021-11-10T22:00:00-00:00,2021-11-10T23:00:00-00:00,2021-11-10,15,0,SLAP_PGSF-APND,SLAP_PGSF-APND,SLAP_PGSF-APND,DAM,MCC,LMP_CONG_PRC,SLAP_PGSF-APND,ALL_APNODES,0,-0.24431,47
2021-11-11T05:00:00-00:00,2021-11-11T06:00:00-00:00,2021-11-10,22,0,SLAP_PGSF-APND,SLAP_PGSF-APND,SLAP_PGSF-APND,DAM,MCC,LMP_CONG_PRC,SLAP_PGSF-APND,ALL_APNODES,0,-1.19738,47
2021-11-10T14:00:00-00:00,2021-11-10T15:00:00-00:00,2021-11-10,7,0,SLAP_PGSF-APND,SLAP_PGSF-APND,SLAP_PGSF-APND,DAM,MCC,LMP_CONG_PRC,SLAP_PGSF-APND,ALL_APNODES,0,-0.30927,47
2021-11-10T17:00:00-00:00,2021-11-10T18:00:00-00:00,2021-11-10,10,0,SLAP_PGSF-APND,SLAP_PGSF-APND,SLAP_PGSF-APND,DAM,MCE,LMP_ENE_PRC,SLAP_PGSF-APND,ALL_APNODES,0,48.10629,48
2021-11-10T22:00:00-00:00,2021-11-10T23:00:00-00:00,2021-11-10,15,0,SLAP_PGSF-APND,SLAP_PGSF-APND,SLAP_PGSF-APND,DAM,MCE,LMP_ENE_PRC,SLAP_PGSF-APND,ALL_APNODES,0,51.25804,48
2021-11-10T20:00:00-00:00,2021-11-10T21:00:00-00:00,2021-11-10,13,0,SLAP_PGSF-APND,SLAP_PGSF-APND,SLAP_PGSF-APND,DAM,MCE,LMP_ENE_PRC,SLAP_PGSF-APND,ALL_APNODES,0,41.70505,48
2021-11-11T00:00:00-00:00,2021-11-11T01:00:00-00:00,2021-11-10,17,0,SLAP_PGSF-APND,SLAP_PGSF-APND,SLAP_PGSF-APND,DAM,MCE,LMP_ENE_PRC,SLAP_PGSF-APND,ALL_APNODES,0,96.70949,48
2021-11-11T03:00:00-00:00,2021-11-11T04:00:00-00:00,2021-11-10,20,0,SLAP_PGSF-APND,SLAP_PGSF-APND,SLAP_PGSF-APND,DAM,MCE,LMP_ENE_PRC,SLAP_PGSF-APND,ALL_APNODES,0,86.33258,48
2021-11-10T08:00:00-00:00,2021-11-10T09:00:00-00:00,2021-11-10,1,0,SLAP_PGSF-APND,SLAP_PGSF-APND,SLAP_PGSF-APND,DAM,MCE,LMP_ENE_PRC,SLAP_PGSF-APND,ALL_APNODES,0,53.17609,48
2021-11-10T15:00:00-00:00,2021-11-10T16:00:00-00:00,2021-11-10,8,0,SLAP_PGSF-APND,SLAP_PGSF-APND,SLAP_PGSF-APND,DAM,MCE,LMP_ENE_PRC,SLAP_PGSF-APND,ALL_APNODES,0,65.02035,48
2021-11-10T19:00:00-00:00,2021-11-10T20:00:00-00:00,2021-11-10,12,0,SLAP_PGSF-APND,SLAP_PGSF-APND,SLAP_PGSF-APND,DAM,MCE,LMP_ENE_PRC,SLAP_PGSF-APND,ALL_APNODES,0,41.19889,48
2021-11-10T21:00:00-00:00,2021-11-10T22:00:00-00:00,2021-11-10,14,0,SLAP_PGSF-APND,SLAP_PGSF-APND,SLAP_PGSF-APND,DAM,MCE,LMP_ENE_PRC,SLAP_PGSF-APND,ALL_APNODES,0,44.24389,48
2021-11-10T16:00:00-00:00,2021-11-10T17:00:00-00:00,2021-11-10,9,0,SLAP_PGSF-APND,SLAP_PGSF-APND,SLAP_PGSF-APND,DAM,MCE,LMP_ENE_PRC,SLAP_PGSF-APND,ALL_APNODES,0,54.62964,48
2021-11-10T11:00:00-00:00,2021-11-10T12:00:00-00:00,2021-11-10,4,0,SLAP_PGSF-APND,SLAP_PGSF-APND,SLAP_PGSF-APND,DAM,MCE,LMP_ENE_PRC,SLAP_PGSF-APND,ALL_APNODES,0,52.10504,48
2021-11-10T18:00:00-00:00,2021-11-10T19:00:00-00:00,2021-11-10,11,0,SLAP_PGSF-APND,SLAP_PGSF-APND,SLAP_PGSF-APND,DAM,MCE,LMP_ENE_PRC,SLAP_PGSF-APND,ALL_APNODES,0,43.92876,48
2021-11-11T02:00:00-00:00,2021-11-11T03:00:00-00:00,2021-11-10,19,0,SLAP_PGSF-APND,SLAP_PGSF-APND,SLAP_PGSF-APND,DAM,MCE,LMP_ENE_PRC,SLAP_PGSF-APND,ALL_APNODES,0,97.96633,48
2021-11-10T12:00:00-00:00,2021-11-10T13:00:00-00:00,2021-11-10,5,0,SLAP_PGSF-APND,SLAP_PGSF-APND,SLAP_PGSF-APND,DAM,MCE,LMP_ENE_PRC,SLAP_PGSF-APND,ALL_APNODES,0,54.25924,48
2021-11-10T13:00:00-00:00,2021-11-10T14:00:00-00:00,2021-11-10,6,0,SLAP_PGSF-APND,SLAP_PGSF-APND,SLAP_PGSF-APND,DAM,MCE,LMP_ENE_PRC,SLAP_PGSF-APND,ALL_APNODES,0,68.41877,48
2021-11-10T14:00:00-00:00,2021-11-10T15:00:00-00:00,2021-11-10,7,0,SLAP_PGSF-APND,SLAP_PGSF-APND,SLAP_PGSF-APND,DAM,MCE,LMP_ENE_PRC,SLAP_PGSF-APND,ALL_APNODES,0,80.24986,48
2021-11-11T07:00:00-00:00,2021-11-11T08:00:00-00:00,2021-11-10,24,0,SLAP_PGSF-APND,SLAP_PGSF-APND,SLAP_PGSF-APND,DAM,MCE,LMP_ENE_PRC,SLAP_PGSF-APND,ALL_APNODES,0,60.13402,48
2021-11-11T01:00:00-00:00,2021-11-11T02:00:00-00:00,2021-11-10,18,0,SLAP_PGSF-APND,SLAP_PGSF-APND,SLAP_PGSF-APND,DAM,MCE,LMP_ENE_PRC,SLAP_PGSF-APND,ALL_APNODES,0,128.2589,48
2021-11-11T05:00:00-00:00,2021-11-11T06:00:00-00:00,2021-11-10,22,0,SLAP_PGSF-APND,SLAP_PGSF-APND,SLAP_PGSF-APND,DAM,MCE,LMP_ENE_PRC,SLAP_PGSF-APND,ALL_APNODES,0,73.38253,48
2021-11-10T09:00:00-00:00,2021-11-10T10:00:00-00:00,2021-11-10,2,0,SLAP_PGSF-APND,SLAP_PGSF-APND,SLAP_PGSF-APND,DAM,MCE,LMP_ENE_PRC,SLAP_PGSF-APND,ALL_APNODES,0,52.69259,48
2021-11-10T10:00:00-00:00,2021-11-10T11:00:00-00:00,2021-11-10,3,0,SLAP_PGSF-APND,SLAP_PGSF-APND,SLAP_PGSF-APND,DAM,MCE,LMP_ENE_PRC,SLAP_PGSF-APND,ALL_APNODES,0,52.25605,48
2021-11-11T06:00:00-00:00,2021-11-11T07:00:00-00:00,2021-11-10,23,0,SLAP_PGSF-APND,SLAP_PGSF-APND,SLAP_PGSF-APND,DAM,MCE,LMP_ENE_PRC,SLAP_PGSF-APND,ALL_APNODES,0,64.55276,48
2021-11-10T23:00:00-00:00,2021-11-11T00:00:00-00:00,2021-11-10,16,0,SLAP_PGSF-APND,SLAP_PGSF-APND,SLAP_PGSF-APND,DAM,MCE,LMP_ENE_PRC,SLAP_PGSF-APND,ALL_APNODES,0,64.97543,48
2021-11-11T04:00:00-00:00,2021-11-11T05:00:00-00:00,2021-11-10,21,0,SLAP_PGSF-APND,SLAP_PGSF-APND,SLAP_PGSF-APND,DAM,MCE,LMP_ENE_PRC,SLAP_PGSF-APND,ALL_APNODES,0,81.81599,48
2021-11-11T05:00:00-00:00,2021-11-11T06:00:00-00:00,2021-11-10,22,0,SLAP_PGSF-APND,SLAP_PGSF-APND,SLAP_PGSF-APND,DAM,MCL,LMP_LOSS_PRC,SLAP_PGSF-APND,ALL_APNODES,0,1.40894,49
2021-11-10T11:00:00-00:00,2021-11-10T12:00:00-00:00,2021-11-10,4,0,SLAP_PGSF-APND,SLAP_PGSF-APND,SLAP_PGSF-APND,DAM,MCL,LMP_LOSS_PRC,SLAP_PGSF-APND,ALL_APNODES,0,0.36995,49
2021-11-10T15:00:00-00:00,2021-11-10T16:00:00-00:00,2021-11-10,8,0,SLAP_PGSF-APND,SLAP_PGSF-APND,SLAP_PGSF-APND,DAM,MCL,LMP_LOSS_PRC,SLAP_PGSF-APND,ALL_APNODES,0,3.27052,49
2021-11-10T12:00:00-00:00,2021-11-10T13:00:00-00:00,2021-11-10,5,0,SLAP_PGSF-APND,SLAP_PGSF-APND,SLAP_PGSF-APND,DAM,MCL,LMP_LOSS_PRC,SLAP_PGSF-APND,ALL_APNODES,0,0.37981,49
2021-11-10T09:00:00-00:00,2021-11-10T10:00:00-00:00,2021-11-10,2,0,SLAP_PGSF-APND,SLAP_PGSF-APND,SLAP_PGSF-APND,DAM,MCL,LMP_LOSS_PRC,SLAP_PGSF-APND,ALL_APNODES,0,0.38993,49
2021-11-10T08:00:00-00:00,2021-11-10T09:00:00-00:00,2021-11-10,1,0,SLAP_PGSF-APND,SLAP_PGSF-APND,SLAP_PGSF-APND,DAM,MCL,LMP_LOSS_PRC,SLAP_PGSF-APND,ALL_APNODES,0,0.27652,49
2021-11-10T18:00:00-00:00,2021-11-10T19:00:00-00:00,2021-11-10,11,0,SLAP_PGSF-APND,SLAP_PGSF-APND,SLAP_PGSF-APND,DAM,MCL,LMP_LOSS_PRC,SLAP_PGSF-APND,ALL_APNODES,0,4.28745,49
2021-11-11T00:00:00-00:00,2021-11-11T01:00:00-00:00,2021-11-10,17,0,SLAP_PGSF-APND,SLAP_PGSF-APND,SLAP_PGSF-APND,DAM,MCL,LMP_LOSS_PRC,SLAP_PGSF-APND,ALL_APNODES,0,1.77945,49
2021-11-10T19:00:00-00:00,2021-11-10T20:00:00-00:00,2021-11-10,12,0,SLAP_PGSF-APND,SLAP_PGSF-APND,SLAP_PGSF-APND,DAM,MCL,LMP_LOSS_PRC,SLAP_PGSF-APND,ALL_APNODES,0,4.16109,49
2021-11-11T06:00:00-00:00,2021-11-11T07:00:00-00:00,2021-11-10,23,0,SLAP_PGSF-APND,SLAP_PGSF-APND,SLAP_PGSF-APND,DAM,MCL,LMP_LOSS_PRC,SLAP_PGSF-APND,ALL_APNODES,0,1.11676,49
2021-11-11T07:00:00-00:00,2021-11-11T08:00:00-00:00,2021-11-10,24,0,SLAP_PGSF-APND,SLAP_PGSF-APND,SLAP_PGSF-APND,DAM,MCL,LMP_LOSS_PRC,SLAP_PGSF-APND,ALL_APNODES,0,0.69154,49
2021-11-11T04:00:00-00:00,2021-11-11T05:00:00-00:00,2021-11-10,21,0,SLAP_PGSF-APND,SLAP_PGSF-APND,SLAP_PGSF-APND,DAM,MCL,LMP_LOSS_PRC,SLAP_PGSF-APND,ALL_APNODES,0,1.8654,49
2021-11-10T16:00:00-00:00,2021-11-10T17:00:00-00:00,2021-11-10,9,0,SLAP_PGSF-APND,SLAP_PGSF-APND,SLAP_PGSF-APND,DAM,MCL,LMP_LOSS_PRC,SLAP_PGSF-APND,ALL_APNODES,0,5.1188,49
2021-11-10T13:00:00-00:00,2021-11-10T14:00:00-00:00,2021-11-10,6,0,SLAP_PGSF-APND,SLAP_PGSF-APND,SLAP_PGSF-APND,DAM,MCL,LMP_LOSS_PRC,SLAP_PGSF-APND,ALL_APNODES,0,0.34894,49
2021-11-10T21:00:00-00:00,2021-11-10T22:00:00-00:00,2021-11-10,14,0,SLAP_PGSF-APND,SLAP_PGSF-APND,SLAP_PGSF-APND,DAM,MCL,LMP_LOSS_PRC,SLAP_PGSF-APND,ALL_APNODES,0,3.78285,49
2021-11-10T14:00:00-00:00,2021-11-10T15:00:00-00:00,2021-11-10,7,0,SLAP_PGSF-APND,SLAP_PGSF-APND,SLAP_PGSF-APND,DAM,MCL,LMP_LOSS_PRC,SLAP_PGSF-APND,ALL_APNODES,0,1.06732,49
2021-11-10T23:00:00-00:00,2021-11-11T00:00:00-00:00,2021-11-10,16,0,SLAP_PGSF-APND,SLAP_PGSF-APND,SLAP_PGSF-APND,DAM,MCL,LMP_LOSS_PRC,SLAP_PGSF-APND,ALL_APNODES,0,2.54704,49
2021-11-11T03:00:00-00:00,2021-11-11T04:00:00-00:00,2021-11-10,20,0,SLAP_PGSF-APND,SLAP_PGSF-APND,SLAP_PGSF-APND,DAM,MCL,LMP_LOSS_PRC,SLAP_PGSF-APND,ALL_APNODES,0,2.40005,49
2021-11-11T02:00:00-00:00,2021-11-11T03:00:00-00:00,2021-11-10,19,0,SLAP_PGSF-APND,SLAP_PGSF-APND,SLAP_PGSF-APND,DAM,MCL,LMP_LOSS_PRC,SLAP_PGSF-APND,ALL_APNODES,0,3.23289,49
2021-11-11T01:00:00-00:00,2021-11-11T02:00:00-00:00,2021-11-10,18,0,SLAP_PGSF-APND,SLAP_PGSF-APND,SLAP_PGSF-APND,DAM,MCL,LMP_LOSS_PRC,SLAP_PGSF-APND,ALL_APNODES,0,3.59125,49
2021-11-10T22:00:00-00:00,2021-11-10T23:00:00-00:00,2021-11-10,15,0,SLAP_PGSF-APND,SLAP_PGSF-APND,SLAP_PGSF-APND,DAM,MCL,LMP_LOSS_PRC,SLAP_PGSF-APND,ALL_APNODES,0,3.07548,49
2021-11-10T10:00:00-00:00,2021-11-10T11:00:00-00:00,2021-11-10,3,0,SLAP_PGSF-APND,SLAP_PGSF-APND,SLAP_PGSF-APND,DAM,MCL,LMP_LOSS_PRC,SLAP_PGSF-APND,ALL_APNODES,0,0.27173,49
2021-11-10T17:00:00-00:00,2021-11-10T18:00:00-00:00,2021-11-10,10,0,SLAP_PGSF-APND,SLAP_PGSF-APND,SLAP_PGSF-APND,DAM,MCL,LMP_LOSS_PRC,SLAP_PGSF-APND,ALL_APNODES,0,5.16662,49
2021-11-10T20:00:00-00:00,2021-11-10T21:00:00-00:00,2021-11-10,13,0,SLAP_PGSF-APND,SLAP_PGSF-APND,SLAP_PGSF-APND,DAM,MCL,LMP_LOSS_PRC,SLAP_PGSF-APND,ALL_APNODES,0,4.10378,49
2021-11-10T10:00:00-00:00,2021-11-10T11:00:00-00:00,2021-11-10,3,0,SLAP_PGSF-APND,SLAP_PGSF-APND,SLAP_PGSF-APND,DAM,MGHG,LMP_GHG_PRC,SLAP_PGSF-APND,ALL_APNODES,0,0,50
2021-11-11T03:00:00-00:00,2021-11-11T04:00:00-00:00,2021-11-10,20,0,SLAP_PGSF-APND,SLAP_PGSF-APND,SLAP_PGSF-APND,DAM,MGHG,LMP_GHG_PRC,SLAP_PGSF-APND,ALL_APNODES,0,0,50
2021-11-11T01:00:00-00:00,2021-11-11T02:00:00-00:00,2021-11-10,18,0,SLAP_PGSF-APND,SLAP_PGSF-APND,SLAP_PGSF-APND,DAM,MGHG,LMP_GHG_PRC,SLAP_PGSF-APND,ALL_APNODES,0,0,50
2021-11-11T07:00:00-00:00,2021-11-11T08:00:00-00:00,2021-11-10,24,0,SLAP_PGSF-APND,SLAP_PGSF-APND,SLAP_PGSF-APND,DAM,MGHG,LMP_GHG_PRC,SLAP_PGSF-APND,ALL_APNODES,0,0,50
2021-11-10T12:00:00-00:00,2021-11-10T13:00:00-00:00,2021-11-10,5,0,SLAP_PGSF-APND,SLAP_PGSF-APND,SLAP_PGSF-APND,DAM,MGHG,LMP_GHG_PRC,SLAP_PGSF-APND,ALL_APNODES,0,0,50
2021-11-10T08:00:00-00:00,2021-11-10T09:00:00-00:00,2021-11-10,1,0,SLAP_PGSF-APND,SLAP_PGSF-APND,SLAP_PGSF-APND,DAM,MGHG,LMP_GHG_PRC,SLAP_PGSF-APND,ALL_APNODES,0,0,50
2021-11-10T20:00:00-00:00,2021-11-10T21:00:00-00:00,2021-11-10,13,0,SLAP_PGSF-APND,SLAP_PGSF-APND,SLAP_PGSF-APND,DAM,MGHG,LMP_GHG_PRC,SLAP_PGSF-APND,ALL_APNODES,0,0,50
2021-11-11T05:00:00-00:00,2021-11-11T06:00:00-00:00,2021-11-10,22,0,SLAP_PGSF-APND,SLAP_PGSF-APND,SLAP_PGSF-APND,DAM,MGHG,LMP_GHG_PRC,SLAP_PGSF-APND,ALL_APNODES,0,0,50
2021-11-10T13:00:00-00:00,2021-11-10T14:00:00-00:00,2021-11-10,6,0,SLAP_PGSF-APND,SLAP_PGSF-APND,SLAP_PGSF-APND,DAM,MGHG,LMP_GHG_PRC,SLAP_PGSF-APND,ALL_APNODES,0,0,50
2021-11-10T22:00:00-00:00,2021-11-10T23:00:00-00:00,2021-11-10,15,0,SLAP_PGSF-APND,SLAP_PGSF-APND,SLAP_PGSF-APND,DAM,MGHG,LMP_GHG_PRC,SLAP_PGSF-APND,ALL_APNODES,0,0,50
2021-11-10T17:00:00-00:00,2021-11-10T18:00:00-00:00,2021-11-10,10,0,SLAP_PGSF-APND,SLAP_PGSF-APND,SLAP_PGSF-APND,DAM,MGHG,LMP_GHG_PRC,SLAP_PGSF-APND,ALL_APNODES,0,0,50
2021-11-10T14:00:00-00:00,2021-11-10T15:00:00-00:00,2021-11-10,7,0,SLAP_PGSF-APND,SLAP_PGSF-APND,SLAP_PGSF-APND,DAM,MGHG,LMP_GHG_PRC,SLAP_PGSF-APND,ALL_APNODES,0,0,50
2021-11-11T00:00:00-00:00,2021-11-11T01:00:00-00:00,2021-11-10,17,0,SLAP_PGSF-APND,SLAP_PGSF-APND,SLAP_PGSF-APND,DAM,MGHG,LMP_GHG_PRC,SLAP_PGSF-APND,ALL_APNODES,0,0,50
2021-11-10T15:00:00-00:00,2021-11-10T16:00:00-00:00,2021-11-10,8,0,SLAP_PGSF-APND,SLAP_PGSF-APND,SLAP_PGSF-APND,DAM,MGHG,LMP_GHG_PRC,SLAP_PGSF-APND,ALL_APNODES,0,0,50
2021-11-10T11:00:00-00:00,2021-11-10T12:00:00-00:00,2021-11-10,4,0,SLAP_PGSF-APND,SLAP_PGSF-APND,SLAP_PGSF-APND,DAM,MGHG,LMP_GHG_PRC,SLAP_PGSF-APND,ALL_APNODES,0,0,50
2021-11-10T09:00:00-00:00,2021-11-10T10:00:00-00:00,2021-11-10,2,0,SLAP_PGSF-APND,SLAP_PGSF-APND,SLAP_PGSF-APND,DAM,MGHG,LMP_GHG_PRC,SLAP_PGSF-APND,ALL_APNODES,0,0,50
2021-11-10T23:00:00-00:00,2021-11-11T00:00:00-00:00,2021-11-10,16,0,SLAP_PGSF-APND,SLAP_PGSF-APND,SLAP_PGSF-APND,DAM,MGHG,LMP_GHG_PRC,SLAP_PGSF-APND,ALL_APNODES,0,0,50
2021-11-10T19:00:00-00:00,2021-11-10T20:00:00-00:00,2021-11-10,12,0,SLAP_PGSF-APND,SLAP_PGSF-APND,SLAP_PGSF-APND,DAM,MGHG,LMP_GHG_PRC,SLAP_PGSF-APND,ALL_APNODES,0,0,50
2021-11-10T16:00:00-00:00,2021-11-10T17:00:00-00:00,2021-11-10,9,0,SLAP_PGSF-APND,SLAP_PGSF-APND,SLAP_PGSF-APND,DAM,MGHG,LMP_GHG_PRC,SLAP_PGSF-APND,ALL_APNODES,0,0,50
2021-11-11T02:00:00-00:00,2021-11-11T03:00:00-00:00,2021-11-10,19,0,SLAP_PGSF-APND,SLAP_PGSF-APND,SLAP_PGSF-APND,DAM,MGHG,LMP_GHG_PRC,SLAP_PGSF-APND,ALL_APNODES,0,0,50
2021-11-10T21:00:00-00:00,2021-11-10T22:00:00-00:00,2021-11-10,14,0,SLAP_PGSF-APND,SLAP_PGSF-APND,SLAP_PGSF-APND,DAM,MGHG,LMP_GHG_PRC,SLAP_PGSF-APND,ALL_APNODES,0,0,50
2021-11-10T18:00:00-00:00,2021-11-10T19:00:00-00:00,2021-11-10,11,0,SLAP_PGSF-APND,SLAP_PGSF-APND,SLAP_PGSF-APND,DAM,MGHG,LMP_GHG_PRC,SLAP_PGSF-APND,ALL_APNODES,0,0,50
2021-11-11T06:00:00-00:00,2021-11-11T07:00:00-00:00,2021-11-10,23,0,SLAP_PGSF-APND,SLAP_PGSF-APND,SLAP_PGSF-APND,DAM,MGHG,LMP_GHG_PRC,SLAP_PGSF-APND,ALL_APNODES,0,0,50
2021-11-11T04:00:00-00:00,2021-11-11T05:00:00-00:00,2021-11-10,21,0,SLAP_PGSF-APND,SLAP_PGSF-APND,SLAP_PGSF-APND,DAM,MGHG,LMP_GHG_PRC,SLAP_PGSF-APND,ALL_APNODES,0,0,50
2021-11-12T04:00:00-00:00,2021-11-12T05:00:00-00:00,2021-11-11,21,0,SLAP_PGSF-APND,SLAP_PGSF-APND,SLAP_PGSF-APND,DAM,LMP,LMP_PRC,SLAP_PGSF-APND,ALL_APNODES,0,78.73809,51
2021-11-11T13:00:00-00:00,2021-11-11T14:00:00-00:00,2021-11-11,6,0,SLAP_PGSF-APND,SLAP_PGSF-APND,SLAP_PGSF-APND,DAM,LMP,LMP_PRC,SLAP_PGSF-APND,ALL_APNODES,0,66.2773,51
2021-11-11T23:00:00-00:00,2021-11-12T00:00:00-00:00,2021-11-11,16,0,SLAP_PGSF-APND,SLAP_PGSF-APND,SLAP_PGSF-APND,DAM,LMP,LMP_PRC,SLAP_PGSF-APND,ALL_APNODES,0,70.34969,51
2021-11-11T15:00:00-00:00,2021-11-11T16:00:00-00:00,2021-11-11,8,0,SLAP_PGSF-APND,SLAP_PGSF-APND,SLAP_PGSF-APND,DAM,LMP,LMP_PRC,SLAP_PGSF-APND,ALL_APNODES,0,107.58078,51
2021-11-12T07:00:00-00:00,2021-11-12T08:00:00-00:00,2021-11-11,24,0,SLAP_PGSF-APND,SLAP_PGSF-APND,SLAP_PGSF-APND,DAM,LMP,LMP_PRC,SLAP_PGSF-APND,ALL_APNODES,0,57.84921,51
2021-11-11T16:00:00-00:00,2021-11-11T17:00:00-00:00,2021-11-11,9,0,SLAP_PGSF-APND,SLAP_PGSF-APND,SLAP_PGSF-APND,DAM,LMP,LMP_PRC,SLAP_PGSF-APND,ALL_APNODES,0,49.29539,51
2021-11-12T00:00:00-00:00,2021-11-12T01:00:00-00:00,2021-11-11,17,0,SLAP_PGSF-APND,SLAP_PGSF-APND,SLAP_PGSF-APND,DAM,LMP,LMP_PRC,SLAP_PGSF-APND,ALL_APNODES,0,86.9364,51
2021-11-12T01:00:00-00:00,2021-11-12T02:00:00-00:00,2021-11-11,18,0,SLAP_PGSF-APND,SLAP_PGSF-APND,SLAP_PGSF-APND,DAM,LMP,LMP_PRC,SLAP_PGSF-APND,ALL_APNODES,0,133.37253,51
2021-11-12T02:00:00-00:00,2021-11-12T03:00:00-00:00,2021-11-11,19,0,SLAP_PGSF-APND,SLAP_PGSF-APND,SLAP_PGSF-APND,DAM,LMP,LMP_PRC,SLAP_PGSF-APND,ALL_APNODES,0,87.92873,51
2021-11-11T08:00:00-00:00,2021-11-11T09:00:00-00:00,2021-11-11,1,0,SLAP_PGSF-APND,SLAP_PGSF-APND,SLAP_PGSF-APND,DAM,LMP,LMP_PRC,SLAP_PGSF-APND,ALL_APNODES,0,52.98554,51
2021-11-11T11:00:00-00:00,2021-11-11T12:00:00-00:00,2021-11-11,4,0,SLAP_PGSF-APND,SLAP_PGSF-APND,SLAP_PGSF-APND,DAM,LMP,LMP_PRC,SLAP_PGSF-APND,ALL_APNODES,0,52.39515,51
2021-11-11T17:00:00-00:00,2021-11-11T18:00:00-00:00,2021-11-11,10,0,SLAP_PGSF-APND,SLAP_PGSF-APND,SLAP_PGSF-APND,DAM,LMP,LMP_PRC,SLAP_PGSF-APND,ALL_APNODES,0,46.53031,51
2021-11-11T18:00:00-00:00,2021-11-11T19:00:00-00:00,2021-11-11,11,0,SLAP_PGSF-APND,SLAP_PGSF-APND,SLAP_PGSF-APND,DAM,LMP,LMP_PRC,SLAP_PGSF-APND,ALL_APNODES,0,42.23689,51
2021-11-11T20:00:00-00:00,2021-11-11T21:00:00-00:00,2021-11-11,13,0,SLAP_PGSF-APND,SLAP_PGSF-APND,SLAP_PGSF-APND,DAM,LMP,LMP_PRC,SLAP_PGSF-APND,ALL_APNODES,0,46.08786,51
2021-11-12T06:00:00-00:00,2021-11-12T07:00:00-00:00,2021-11-11,23,0,SLAP_PGSF-APND,SLAP_PGSF-APND,SLAP_PGSF-APND,DAM,LMP,LMP_PRC,SLAP_PGSF-APND,ALL_APNODES,0,62.98258,51
2021-11-11T19:00:00-00:00,2021-11-11T20:00:00-00:00,2021-11-11,12,0,SLAP_PGSF-APND,SLAP_PGSF-APND,SLAP_PGSF-APND,DAM,LMP,LMP_PRC,SLAP_PGSF-APND,ALL_APNODES,0,44.96394,51
2021-11-12T03:00:00-00:00,2021-11-12T04:00:00-00:00,2021-11-11,20,0,SLAP_PGSF-APND,SLAP_PGSF-APND,SLAP_PGSF-APND,DAM,LMP,LMP_PRC,SLAP_PGSF-APND,ALL_APNODES,0,82.70871,51
2021-11-11T09:00:00-00:00,2021-11-11T10:00:00-00:00,2021-11-11,2,0,SLAP_PGSF-APND,SLAP_PGSF-APND,SLAP_PGSF-APND,DAM,LMP,LMP_PRC,SLAP_PGSF-APND,ALL_APNODES,0,53.54745,51
2021-11-11T12:00:00-00:00,2021-11-11T13:00:00-00:00,2021-11-11,5,0,SLAP_PGSF-APND,SLAP_PGSF-APND,SLAP_PGSF-APND,DAM,LMP,LMP_PRC,SLAP_PGSF-APND,ALL_APNODES,0,53.67427,51
2021-11-11T14:00:00-00:00,2021-11-11T15:00:00-00:00,2021-11-11,7,0,SLAP_PGSF-APND,SLAP_PGSF-APND,SLAP_PGSF-APND,DAM,LMP,LMP_PRC,SLAP_PGSF-APND,ALL_APNODES,0,75.08181,51
2021-11-12T05:00:00-00:00,2021-11-12T06:00:00-00:00,2021-11-11,22,0,SLAP_PGSF-APND,SLAP_PGSF-APND,SLAP_PGSF-APND,DAM,LMP,LMP_PRC,SLAP_PGSF-APND,ALL_APNODES,0,68.56324,51
2021-11-11T21:00:00-00:00,2021-11-11T22:00:00-00:00,2021-11-11,14,0,SLAP_PGSF-APND,SLAP_PGSF-APND,SLAP_PGSF-APND,DAM,LMP,LMP_PRC,SLAP_PGSF-APND,ALL_APNODES,0,51.62406,51
2021-11-11T10:00:00-00:00,2021-11-11T11:00:00-00:00,2021-11-11,3,0,SLAP_PGSF-APND,SLAP_PGSF-APND,SLAP_PGSF-APND,DAM,LMP,LMP_PRC,SLAP_PGSF-APND,ALL_APNODES,0,52.70428,51
2021-11-11T22:00:00-00:00,2021-11-11T23:00:00-00:00,2021-11-11,15,0,SLAP_PGSF-APND,SLAP_PGSF-APND,SLAP_PGSF-APND,DAM,LMP,LMP_PRC,SLAP_PGSF-APND,ALL_APNODES,0,54.6774,51
2021-11-11T21:00:00-00:00,2021-11-11T22:00:00-00:00,2021-11-11,14,0,SLAP_PGSF-APND,SLAP_PGSF-APND,SLAP_PGSF-APND,DAM,MCC,LMP_CONG_PRC,SLAP_PGSF-APND,ALL_APNODES,0,-0.5251,52
2021-11-11T12:00:00-00:00,2021-11-11T13:00:00-00:00,2021-11-11,5,0,SLAP_PGSF-APND,SLAP_PGSF-APND,SLAP_PGSF-APND,DAM,MCC,LMP_CONG_PRC,SLAP_PGSF-APND,ALL_APNODES,0,0,52
2021-11-11T22:00:00-00:00,2021-11-11T23:00:00-00:00,2021-11-11,15,0,SLAP_PGSF-APND,SLAP_PGSF-APND,SLAP_PGSF-APND,DAM,MCC,LMP_CONG_PRC,SLAP_PGSF-APND,ALL_APNODES,0,-1.43092,52
2021-11-12T03:00:00-00:00,2021-11-12T04:00:00-00:00,2021-11-11,20,0,SLAP_PGSF-APND,SLAP_PGSF-APND,SLAP_PGSF-APND,DAM,MCC,LMP_CONG_PRC,SLAP_PGSF-APND,ALL_APNODES,0,-3.81926,52
2021-11-11T11:00:00-00:00,2021-11-11T12:00:00-00:00,2021-11-11,4,0,SLAP_PGSF-APND,SLAP_PGSF-APND,SLAP_PGSF-APND,DAM,MCC,LMP_CONG_PRC,SLAP_PGSF-APND,ALL_APNODES,0,0,52
2021-11-12T00:00:00-00:00,2021-11-12T01:00:00-00:00,2021-11-11,17,0,SLAP_PGSF-APND,SLAP_PGSF-APND,SLAP_PGSF-APND,DAM,MCC,LMP_CONG_PRC,SLAP_PGSF-APND,ALL_APNODES,0,-17.26891,52
2021-11-11T09:00:00-00:00,2021-11-11T10:00:00-00:00,2021-11-11,2,0,SLAP_PGSF-APND,SLAP_PGSF-APND,SLAP_PGSF-APND,DAM,MCC,LMP_CONG_PRC,SLAP_PGSF-APND,ALL_APNODES,0,0,52
2021-11-11T19:00:00-00:00,2021-11-11T20:00:00-00:00,2021-11-11,12,0,SLAP_PGSF-APND,SLAP_PGSF-APND,SLAP_PGSF-APND,DAM,MCC,LMP_CONG_PRC,SLAP_PGSF-APND,ALL_APNODES,0,0.58246,52
2021-11-11T18:00:00-00:00,2021-11-11T19:00:00-00:00,2021-11-11,11,0,SLAP_PGSF-APND,SLAP_PGSF-APND,SLAP_PGSF-APND,DAM,MCC,LMP_CONG_PRC,SLAP_PGSF-APND,ALL_APNODES,0,-0.79266,52
2021-11-12T07:00:00-00:00,2021-11-12T08:00:00-00:00,2021-11-11,24,0,SLAP_PGSF-APND,SLAP_PGSF-APND,SLAP_PGSF-APND,DAM,MCC,LMP_CONG_PRC,SLAP_PGSF-APND,ALL_APNODES,0,0,52
2021-11-12T06:00:00-00:00,2021-11-12T07:00:00-00:00,2021-11-11,23,0,SLAP_PGSF-APND,SLAP_PGSF-APND,SLAP_PGSF-APND,DAM,MCC,LMP_CONG_PRC,SLAP_PGSF-APND,ALL_APNODES,0,0,52
2021-11-11T20:00:00-00:00,2021-11-11T21:00:00-00:00,2021-11-11,13,0,SLAP_PGSF-APND,SLAP_PGSF-APND,SLAP_PGSF-APND,DAM,MCC,LMP_CONG_PRC,SLAP_PGSF-APND,ALL_APNODES,0,0.49195,52
2021-11-11T17:00:00-00:00,2021-11-11T18:00:00-00:00,2021-11-11,10,0,SLAP_PGSF-APND,SLAP_PGSF-APND,SLAP_PGSF-APND,DAM,MCC,LMP_CONG_PRC,SLAP_PGSF-APND,ALL_APNODES,0,-1.24257,52
2021-11-11T10:00:00-00:00,2021-11-11T11:00:00-00:00,2021-11-11,3,0,SLAP_PGSF-APND,SLAP_PGSF-APND,SLAP_PGSF-APND,DAM,MCC,LMP_CONG_PRC,SLAP_PGSF-APND,ALL_APNODES,0,0,52
2021-11-11T14:00:00-00:00,2021-11-11T15:00:00-00:00,2021-11-11,7,0,SLAP_PGSF-APND,SLAP_PGSF-APND,SLAP_PGSF-APND,DAM,MCC,LMP_CONG_PRC,SLAP_PGSF-APND,ALL_APNODES,0,0,52
2021-11-11T23:00:00-00:00,2021-11-12T00:00:00-00:00,2021-11-11,16,0,SLAP_PGSF-APND,SLAP_PGSF-APND,SLAP_PGSF-APND,DAM,MCC,LMP_CONG_PRC,SLAP_PGSF-APND,ALL_APNODES,0,-1.97079,52
2021-11-12T01:00:00-00:00,2021-11-12T02:00:00-00:00,2021-11-11,18,0,SLAP_PGSF-APND,SLAP_PGSF-APND,SLAP_PGSF-APND,DAM,MCC,LMP_CONG_PRC,SLAP_PGSF-APND,ALL_APNODES,0,-10.80591,52
2021-11-11T08:00:00-00:00,2021-11-11T09:00:00-00:00,2021-11-11,1,0,SLAP_PGSF-APND,SLAP_PGSF-APND,SLAP_PGSF-APND,DAM,MCC,LMP_CONG_PRC,SLAP_PGSF-APND,ALL_APNODES,0,0,52
2021-11-11T13:00:00-00:00,2021-11-11T14:00:00-00:00,2021-11-11,6,0,SLAP_PGSF-APND,SLAP_PGSF-APND,SLAP_PGSF-APND,DAM,MCC,LMP_CONG_PRC,SLAP_PGSF-APND,ALL_APNODES,0,0,52
2021-11-12T05:00:00-00:00,2021-11-12T06:00:00-00:00,2021-11-11,22,0,SLAP_PGSF-APND,SLAP_PGSF-APND,SLAP_PGSF-APND,DAM,MCC,LMP_CONG_PRC,SLAP_PGSF-APND,ALL_APNODES,0,0,52
2021-11-12T04:00:00-00:00,2021-11-12T05:00:00-00:00,2021-11-11,21,0,SLAP_PGSF-APND,SLAP_PGSF-APND,SLAP_PGSF-APND,DAM,MCC,LMP_CONG_PRC,SLAP_PGSF-APND,ALL_APNODES,0,0.01482,52
2021-11-11T16:00:00-00:00,2021-11-11T17:00:00-00:00,2021-11-11,9,0,SLAP_PGSF-APND,SLAP_PGSF-APND,SLAP_PGSF-APND,DAM,MCC,LMP_CONG_PRC,SLAP_PGSF-APND,ALL_APNODES,0,-0.9156,52
2021-11-11T15:00:00-00:00,2021-11-11T16:00:00-00:00,2021-11-11,8,0,SLAP_PGSF-APND,SLAP_PGSF-APND,SLAP_PGSF-APND,DAM,MCC,LMP_CONG_PRC,SLAP_PGSF-APND,ALL_APNODES,0,41.48104,52
2021-11-12T02:00:00-00:00,2021-11-12T03:00:00-00:00,2021-11-11,19,0,SLAP_PGSF-APND,SLAP_PGSF-APND,SLAP_PGSF-APND,DAM,MCC,LMP_CONG_PRC,SLAP_PGSF-APND,ALL_APNODES,0,-11.69318,52
2021-11-12T02:00:00-00:00,2021-11-12T03:00:00-00:00,2021-11-11,19,0,SLAP_PGSF-APND,SLAP_PGSF-APND,SLAP_PGSF-APND,DAM,MCE,LMP_ENE_PRC,SLAP_PGSF-APND,ALL_APNODES,0,96.25306,53
2021-11-11T19:00:00-00:00,2021-11-11T20:00:00-00:00,2021-11-11,12,0,SLAP_PGSF-APND,SLAP_PGSF-APND,SLAP_PGSF-APND,DAM,MCE,LMP_ENE_PRC,SLAP_PGSF-APND,ALL_APNODES,0,40.52734,53
2021-11-11T17:00:00-00:00,2021-11-11T18:00:00-00:00,2021-11-11,10,0,SLAP_PGSF-APND,SLAP_PGSF-APND,SLAP_PGSF-APND,DAM,MCE,LMP_ENE_PRC,SLAP_PGSF-APND,ALL_APNODES,0,43.43384,53
2021-11-11T16:00:00-00:00,2021-11-11T17:00:00-00:00,2021-11-11,9,0,SLAP_PGSF-APND,SLAP_PGSF-APND,SLAP_PGSF-APND,DAM,MCE,LMP_ENE_PRC,SLAP_PGSF-APND,ALL_APNODES,0,46.1583,53
2021-11-11T14:00:00-00:00,2021-11-11T15:00:00-00:00,2021-11-11,7,0,SLAP_PGSF-APND,SLAP_PGSF-APND,SLAP_PGSF-APND,DAM,MCE,LMP_ENE_PRC,SLAP_PGSF-APND,ALL_APNODES,0,73.79773,53
2021-11-11T12:00:00-00:00,2021-11-11T13:00:00-00:00,2021-11-11,5,0,SLAP_PGSF-APND,SLAP_PGSF-APND,SLAP_PGSF-APND,DAM,MCE,LMP_ENE_PRC,SLAP_PGSF-APND,ALL_APNODES,0,52.68382,53
2021-11-12T01:00:00-00:00,2021-11-12T02:00:00-00:00,2021-11-11,18,0,SLAP_PGSF-APND,SLAP_PGSF-APND,SLAP_PGSF-APND,DAM,MCE,LMP_ENE_PRC,SLAP_PGSF-APND,ALL_APNODES,0,137.57484,53
2021-11-11T21:00:00-00:00,2021-11-11T22:00:00-00:00,2021-11-11,14,0,SLAP_PGSF-APND,SLAP_PGSF-APND,SLAP_PGSF-APND,DAM,MCE,LMP_ENE_PRC,SLAP_PGSF-APND,ALL_APNODES,0,48.40728,53
2021-11-11T20:00:00-00:00,2021-11-11T21:00:00-00:00,2021-11-11,13,0,SLAP_PGSF-APND,SLAP_PGSF-APND,SLAP_PGSF-APND,DAM,MCE,LMP_ENE_PRC,SLAP_PGSF-APND,ALL_APNODES,0,41.9003,53
2021-11-12T05:00:00-00:00,2021-11-12T06:00:00-00:00,2021-11-11,22,0,SLAP_PGSF-APND,SLAP_PGSF-APND,SLAP_PGSF-APND,DAM,MCE,LMP_ENE_PRC,SLAP_PGSF-APND,ALL_APNODES,0,67.43704,53
2021-11-11T09:00:00-00:00,2021-11-11T10:00:00-00:00,2021-11-11,2,0,SLAP_PGSF-APND,SLAP_PGSF-APND,SLAP_PGSF-APND,DAM,MCE,LMP_ENE_PRC,SLAP_PGSF-APND,ALL_APNODES,0,52.65236,53
2021-11-12T00:00:00-00:00,2021-11-12T01:00:00-00:00,2021-11-11,17,0,SLAP_PGSF-APND,SLAP_PGSF-APND,SLAP_PGSF-APND,DAM,MCE,LMP_ENE_PRC,SLAP_PGSF-APND,ALL_APNODES,0,100.57456,53
2021-11-11T22:00:00-00:00,2021-11-11T23:00:00-00:00,2021-11-11,15,0,SLAP_PGSF-APND,SLAP_PGSF-APND,SLAP_PGSF-APND,DAM,MCE,LMP_ENE_PRC,SLAP_PGSF-APND,ALL_APNODES,0,53.37042,53
2021-11-12T07:00:00-00:00,2021-11-12T08:00:00-00:00,2021-11-11,24,0,SLAP_PGSF-APND,SLAP_PGSF-APND,SLAP_PGSF-APND,DAM,MCE,LMP_ENE_PRC,SLAP_PGSF-APND,ALL_APNODES,0,56.55965,53
2021-11-11T08:00:00-00:00,2021-11-11T09:00:00-00:00,2021-11-11,1,0,SLAP_PGSF-APND,SLAP_PGSF-APND,SLAP_PGSF-APND,DAM,MCE,LMP_ENE_PRC,SLAP_PGSF-APND,ALL_APNODES,0,52.0129,53
2021-11-12T03:00:00-00:00,2021-11-12T04:00:00-00:00,2021-11-11,20,0,SLAP_PGSF-APND,SLAP_PGSF-APND,SLAP_PGSF-APND,DAM,MCE,LMP_ENE_PRC,SLAP_PGSF-APND,ALL_APNODES,0,83.50509,53
2021-11-11T15:00:00-00:00,2021-11-11T16:00:00-00:00,2021-11-11,8,0,SLAP_PGSF-APND,SLAP_PGSF-APND,SLAP_PGSF-APND,DAM,MCE,LMP_ENE_PRC,SLAP_PGSF-APND,ALL_APNODES,0,62.60038,53
2021-11-11T13:00:00-00:00,2021-11-11T14:00:00-00:00,2021-11-11,6,0,SLAP_PGSF-APND,SLAP_PGSF-APND,SLAP_PGSF-APND,DAM,MCE,LMP_ENE_PRC,SLAP_PGSF-APND,ALL_APNODES,0,65.33002,53
2021-11-11T11:00:00-00:00,2021-11-11T12:00:00-00:00,2021-11-11,4,0,SLAP_PGSF-APND,SLAP_PGSF-APND,SLAP_PGSF-APND,DAM,MCE,LMP_ENE_PRC,SLAP_PGSF-APND,ALL_APNODES,0,51.48388,53
2021-11-11T23:00:00-00:00,2021-11-12T00:00:00-00:00,2021-11-11,16,0,SLAP_PGSF-APND,SLAP_PGSF-APND,SLAP_PGSF-APND,DAM,MCE,LMP_ENE_PRC,SLAP_PGSF-APND,ALL_APNODES,0,70.78446,53
2021-11-12T06:00:00-00:00,2021-11-12T07:00:00-00:00,2021-11-11,23,0,SLAP_PGSF-APND,SLAP_PGSF-APND,SLAP_PGSF-APND,DAM,MCE,LMP_ENE_PRC,SLAP_PGSF-APND,ALL_APNODES,0,61.55451,53
2021-11-11T10:00:00-00:00,2021-11-11T11:00:00-00:00,2021-11-11,3,0,SLAP_PGSF-APND,SLAP_PGSF-APND,SLAP_PGSF-APND,DAM,MCE,LMP_ENE_PRC,SLAP_PGSF-APND,ALL_APNODES,0,51.98686,53
2021-11-12T04:00:00-00:00,2021-11-12T05:00:00-00:00,2021-11-11,21,0,SLAP_PGSF-APND,SLAP_PGSF-APND,SLAP_PGSF-APND,DAM,MCE,LMP_ENE_PRC,SLAP_PGSF-APND,ALL_APNODES,0,77.27817,53
2021-11-11T18:00:00-00:00,2021-11-11T19:00:00-00:00,2021-11-11,11,0,SLAP_PGSF-APND,SLAP_PGSF-APND,SLAP_PGSF-APND,DAM,MCE,LMP_ENE_PRC,SLAP_PGSF-APND,ALL_APNODES,0,39.31076,53
2021-11-11T13:00:00-00:00,2021-11-11T14:00:00-00:00,2021-11-11,6,0,SLAP_PGSF-APND,SLAP_PGSF-APND,SLAP_PGSF-APND,DAM,MCL,LMP_LOSS_PRC,SLAP_PGSF-APND,ALL_APNODES,0,0.94729,54
2021-11-11T15:00:00-00:00,2021-11-11T16:00:00-00:00,2021-11-11,8,0,SLAP_PGSF-APND,SLAP_PGSF-APND,SLAP_PGSF-APND,DAM,MCL,LMP_LOSS_PRC,SLAP_PGSF-APND,ALL_APNODES,0,3.49936,54
2021-11-12T05:00:00-00:00,2021-11-12T06:00:00-00:00,2021-11-11,22,0,SLAP_PGSF-APND,SLAP_PGSF-APND,SLAP_PGSF-APND,DAM,MCL,LMP_LOSS_PRC,SLAP_PGSF-APND,ALL_APNODES,0,1.1262,54
2021-11-11T11:00:00-00:00,2021-11-11T12:00:00-00:00,2021-11-11,4,0,SLAP_PGSF-APND,SLAP_PGSF-APND,SLAP_PGSF-APND,DAM,MCL,LMP_LOSS_PRC,SLAP_PGSF-APND,ALL_APNODES,0,0.91126,54
2021-11-12T06:00:00-00:00,2021-11-12T07:00:00-00:00,2021-11-11,23,0,SLAP_PGSF-APND,SLAP_PGSF-APND,SLAP_PGSF-APND,DAM,MCL,LMP_LOSS_PRC,SLAP_PGSF-APND,ALL_APNODES,0,1.42806,54
2021-11-11T18:00:00-00:00,2021-11-11T19:00:00-00:00,2021-11-11,11,0,SLAP_PGSF-APND,SLAP_PGSF-APND,SLAP_PGSF-APND,DAM,MCL,LMP_LOSS_PRC,SLAP_PGSF-APND,ALL_APNODES,0,3.7188,54
2021-11-11T20:00:00-00:00,2021-11-11T21:00:00-00:00,2021-11-11,13,0,SLAP_PGSF-APND,SLAP_PGSF-APND,SLAP_PGSF-APND,DAM,MCL,LMP_LOSS_PRC,SLAP_PGSF-APND,ALL_APNODES,0,3.69561,54
2021-11-12T00:00:00-00:00,2021-11-12T01:00:00-00:00,2021-11-11,17,0,SLAP_PGSF-APND,SLAP_PGSF-APND,SLAP_PGSF-APND,DAM,MCL,LMP_LOSS_PRC,SLAP_PGSF-APND,ALL_APNODES,0,3.63074,54
2021-11-11T23:00:00-00:00,2021-11-12T00:00:00-00:00,2021-11-11,16,0,SLAP_PGSF-APND,SLAP_PGSF-APND,SLAP_PGSF-APND,DAM,MCL,LMP_LOSS_PRC,SLAP_PGSF-APND,ALL_APNODES,0,1.53602,54
2021-11-12T03:00:00-00:00,2021-11-12T04:00:00-00:00,2021-11-11,20,0,SLAP_PGSF-APND,SLAP_PGSF-APND,SLAP_PGSF-APND,DAM,MCL,LMP_LOSS_PRC,SLAP_PGSF-APND,ALL_APNODES,0,3.02288,54
2021-11-12T04:00:00-00:00,2021-11-12T05:00:00-00:00,2021-11-11,21,0,SLAP_PGSF-APND,SLAP_PGSF-APND,SLAP_PGSF-APND,DAM,MCL,LMP_LOSS_PRC,SLAP_PGSF-APND,ALL_APNODES,0,1.4451,54
2021-11-12T07:00:00-00:00,2021-11-12T08:00:00-00:00,2021-11-11,24,0,SLAP_PGSF-APND,SLAP_PGSF-APND,SLAP_PGSF-APND,DAM,MCL,LMP_LOSS_PRC,SLAP_PGSF-APND,ALL_APNODES,0,1.28956,54
2021-11-11T10:00:00-00:00,2021-11-11T11:00:00-00:00,2021-11-11,3,0,SLAP_PGSF-APND,SLAP_PGSF-APND,SLAP_PGSF-APND,DAM,MCL,LMP_LOSS_PRC,SLAP_PGSF-APND,ALL_APNODES,0,0.71742,54
2021-11-11T16:00:00-00:00,2021-11-11T17:00:00-00:00,2021-11-11,9,0,SLAP_PGSF-APND,SLAP_PGSF-APND,SLAP_PGSF-APND,DAM,MCL,LMP_LOSS_PRC,SLAP_PGSF-APND,ALL_APNODES,0,4.0527,54
2021-11-11T19:00:00-00:00,2021-11-11T20:00:00-00:00,2021-11-11,12,0,SLAP_PGSF-APND,SLAP_PGSF-APND,SLAP_PGSF-APND,DAM,MCL,LMP_LOSS_PRC,SLAP_PGSF-APND,ALL_APNODES,0,3.85415,54
2021-11-12T01:00:00-00:00,2021-11-12T02:00:00-00:00,2021-11-11,18,0,SLAP_PGSF-APND,SLAP_PGSF-APND,SLAP_PGSF-APND,DAM,MCL,LMP_LOSS_PRC,SLAP_PGSF-APND,ALL_APNODES,0,6.60359,54
2021-11-12T02:00:00-00:00,2021-11-12T03:00:00-00:00,2021-11-11,19,0,SLAP_PGSF-APND,SLAP_PGSF-APND,SLAP_PGSF-APND,DAM,MCL,LMP_LOSS_PRC,SLAP_PGSF-APND,ALL_APNODES,0,3.36886,54
2021-11-11T12:00:00-00:00,2021-11-11T13:00:00-00:00,2021-11-11,5,0,SLAP_PGSF-APND,SLAP_PGSF-APND,SLAP_PGSF-APND,DAM,MCL,LMP_LOSS_PRC,SLAP_PGSF-APND,ALL_APNODES,0,0.99046,54
2021-11-11T17:00:00-00:00,2021-11-11T18:00:00-00:00,2021-11-11,10,0,SLAP_PGSF-APND,SLAP_PGSF-APND,SLAP_PGSF-APND,DAM,MCL,LMP_LOSS_PRC,SLAP_PGSF-APND,ALL_APNODES,0,4.33904,54
2021-11-11T09:00:00-00:00,2021-11-11T10:00:00-00:00,2021-11-11,2,0,SLAP_PGSF-APND,SLAP_PGSF-APND,SLAP_PGSF-APND,DAM,MCL,LMP_LOSS_PRC,SLAP_PGSF-APND,ALL_APNODES,0,0.89509,54
2021-11-11T14:00:00-00:00,2021-11-11T15:00:00-00:00,2021-11-11,7,0,SLAP_PGSF-APND,SLAP_PGSF-APND,SLAP_PGSF-APND,DAM,MCL,LMP_LOSS_PRC,SLAP_PGSF-APND,ALL_APNODES,0,1.28408,54
2021-11-11T08:00:00-00:00,2021-11-11T09:00:00-00:00,2021-11-11,1,0,SLAP_PGSF-APND,SLAP_PGSF-APND,SLAP_PGSF-APND,DAM,MCL,LMP_LOSS_PRC,SLAP_PGSF-APND,ALL_APNODES,0,0.97264,54
2021-11-11T21:00:00-00:00,2021-11-11T22:00:00-00:00,2021-11-11,14,0,SLAP_PGSF-APND,SLAP_PGSF-APND,SLAP_PGSF-APND,DAM,MCL,LMP_LOSS_PRC,SLAP_PGSF-APND,ALL_APNODES,0,3.74188,54
2021-11-11T22:00:00-00:00,2021-11-11T23:00:00-00:00,2021-11-11,15,0,SLAP_PGSF-APND,SLAP_PGSF-APND,SLAP_PGSF-APND,DAM,MCL,LMP_LOSS_PRC,SLAP_PGSF-APND,ALL_APNODES,0,2.7379,54
2021-11-11T16:00:00-00:00,2021-11-11T17:00:00-00:00,2021-11-11,9,0,SLAP_PGSF-APND,SLAP_PGSF-APND,SLAP_PGSF-APND,DAM,MGHG,LMP_GHG_PRC,SLAP_PGSF-APND,ALL_APNODES,0,0,55
2021-11-12T00:00:00-00:00,2021-11-12T01:00:00-00:00,2021-11-11,17,0,SLAP_PGSF-APND,SLAP_PGSF-APND,SLAP_PGSF-APND,DAM,MGHG,LMP_GHG_PRC,SLAP_PGSF-APND,ALL_APNODES,0,0,55
2021-11-12T02:00:00-00:00,2021-11-12T03:00:00-00:00,2021-11-11,19,0,SLAP_PGSF-APND,SLAP_PGSF-APND,SLAP_PGSF-APND,DAM,MGHG,LMP_GHG_PRC,SLAP_PGSF-APND,ALL_APNODES,0,0,55
2021-11-11T15:00:00-00:00,2021-11-11T16:00:00-00:00,2021-11-11,8,0,SLAP_PGSF-APND,SLAP_PGSF-APND,SLAP_PGSF-APND,DAM,MGHG,LMP_GHG_PRC,SLAP_PGSF-APND,ALL_APNODES,0,0,55
2021-11-12T04:00:00-00:00,2021-11-12T05:00:00-00:00,2021-11-11,21,0,SLAP_PGSF-APND,SLAP_PGSF-APND,SLAP_PGSF-APND,DAM,MGHG,LMP_GHG_PRC,SLAP_PGSF-APND,ALL_APNODES,0,0,55
2021-11-11T09:00:00-00:00,2021-11-11T10:00:00-00:00,2021-11-11,2,0,SLAP_PGSF-APND,SLAP_PGSF-APND,SLAP_PGSF-APND,DAM,MGHG,LMP_GHG_PRC,SLAP_PGSF-APND,ALL_APNODES,0,0,55
2021-11-12T06:00:00-00:00,2021-11-12T07:00:00-00:00,2021-11-11,23,0,SLAP_PGSF-APND,SLAP_PGSF-APND,SLAP_PGSF-APND,DAM,MGHG,LMP_GHG_PRC,SLAP_PGSF-APND,ALL_APNODES,0,0,55
2021-11-12T05:00:00-00:00,2021-11-12T06:00:00-00:00,2021-11-11,22,0,SLAP_PGSF-APND,SLAP_PGSF-APND,SLAP_PGSF-APND,DAM,MGHG,LMP_GHG_PRC,SLAP_PGSF-APND,ALL_APNODES,0,0,55
2021-11-11T19:00:00-00:00,2021-11-11T20:00:00-00:00,2021-11-11,12,0,SLAP_PGSF-APND,SLAP_PGSF-APND,SLAP_PGSF-APND,DAM,MGHG,LMP_GHG_PRC,SLAP_PGSF-APND,ALL_APNODES,0,0,55
2021-11-11T20:00:00-00:00,2021-11-11T21:00:00-00:00,2021-11-11,13,0,SLAP_PGSF-APND,SLAP_PGSF-APND,SLAP_PGSF-APND,DAM,MGHG,LMP_GHG_PRC,SLAP_PGSF-APND,ALL_APNODES,0,0,55
2021-11-12T01:00:00-00:00,2021-11-12T02:00:00-00:00,2021-11-11,18,0,SLAP_PGSF-APND,SLAP_PGSF-APND,SLAP_PGSF-APND,DAM,MGHG,LMP_GHG_PRC,SLAP_PGSF-APND,ALL_APNODES,0,0,55
2021-11-11T08:00:00-00:00,2021-11-11T09:00:00-00:00,2021-11-11,1,0,SLAP_PGSF-APND,SLAP_PGSF-APND,SLAP_PGSF-APND,DAM,MGHG,LMP_GHG_PRC,SLAP_PGSF-APND,ALL_APNODES,0,0,55
2021-11-11T13:00:00-00:00,2021-11-11T14:00:00-00:00,2021-11-11,6,0,SLAP_PGSF-APND,SLAP_PGSF-APND,SLAP_PGSF-APND,DAM,MGHG,LMP_GHG_PRC,SLAP_PGSF-APND,ALL_APNODES,0,0,55
2021-11-11T14:00:00-00:00,2021-11-11T15:00:00-00:00,2021-11-11,7,0,SLAP_PGSF-APND,SLAP_PGSF-APND,SLAP_PGSF-APND,DAM,MGHG,LMP_GHG_PRC,SLAP_PGSF-APND,ALL_APNODES,0,0,55
2021-11-11T18:00:00-00:00,2021-11-11T19:00:00-00:00,2021-11-11,11,0,SLAP_PGSF-APND,SLAP_PGSF-APND,SLAP_PGSF-APND,DAM,MGHG,LMP_GHG_PRC,SLAP_PGSF-APND,ALL_APNODES,0,0,55
2021-11-12T07:00:00-00:00,2021-11-12T08:00:00-00:00,2021-11-11,24,0,SLAP_PGSF-APND,SLAP_PGSF-APND,SLAP_PGSF-APND,DAM,MGHG,LMP_GHG_PRC,SLAP_PGSF-APND,ALL_APNODES,0,0,55
2021-11-11T10:00:00-00:00,2021-11-11T11:00:00-00:00,2021-11-11,3,0,SLAP_PGSF-APND,SLAP_PGSF-APND,SLAP_PGSF-APND,DAM,MGHG,LMP_GHG_PRC,SLAP_PGSF-APND,ALL_APNODES,0,0,55
2021-11-11T11:00:00-00:00,2021-11-11T12:00:00-00:00,2021-11-11,4,0,SLAP_PGSF-APND,SLAP_PGSF-APND,SLAP_PGSF-APND,DAM,MGHG,LMP_GHG_PRC,SLAP_PGSF-APND,ALL_APNODES,0,0,55
2021-11-11T17:00:00-00:00,2021-11-11T18:00:00-00:00,2021-11-11,10,0,SLAP_PGSF-APND,SLAP_PGSF-APND,SLAP_PGSF-APND,DAM,MGHG,LMP_GHG_PRC,SLAP_PGSF-APND,ALL_APNODES,0,0,55
2021-11-11T21:00:00-00:00,2021-11-11T22:00:00-00:00,2021-11-11,14,0,SLAP_PGSF-APND,SLAP_PGSF-APND,SLAP_PGSF-APND,DAM,MGHG,LMP_GHG_PRC,SLAP_PGSF-APND,ALL_APNODES,0,0,55
2021-11-11T22:00:00-00:00,2021-11-11T23:00:00-00:00,2021-11-11,15,0,SLAP_PGSF-APND,SLAP_PGSF-APND,SLAP_PGSF-APND,DAM,MGHG,LMP_GHG_PRC,SLAP_PGSF-APND,ALL_APNODES,0,0,55
2021-11-11T23:00:00-00:00,2021-11-12T00:00:00-00:00,2021-11-11,16,0,SLAP_PGSF-APND,SLAP_PGSF-APND,SLAP_PGSF-APND,DAM,MGHG,LMP_GHG_PRC,SLAP_PGSF-APND,ALL_APNODES,0,0,55
2021-11-12T03:00:00-00:00,2021-11-12T04:00:00-00:00,2021-11-11,20,0,SLAP_PGSF-APND,SLAP_PGSF-APND,SLAP_PGSF-APND,DAM,MGHG,LMP_GHG_PRC,SLAP_PGSF-APND,ALL_APNODES,0,0,55
2021-11-11T12:00:00-00:00,2021-11-11T13:00:00-00:00,2021-11-11,5,0,SLAP_PGSF-APND,SLAP_PGSF-APND,SLAP_PGSF-APND,DAM,MGHG,LMP_GHG_PRC,SLAP_PGSF-APND,ALL_APNODES,0,0,55
2021-11-12T11:00:00-00:00,2021-11-12T12:00:00-00:00,2021-11-12,4,0,SLAP_PGSF-APND,SLAP_PGSF-APND,SLAP_PGSF-APND,DAM,LMP,LMP_PRC,SLAP_PGSF-APND,ALL_APNODES,0,53.11552,56
2021-11-12T08:00:00-00:00,2021-11-12T09:00:00-00:00,2021-11-12,1,0,SLAP_PGSF-APND,SLAP_PGSF-APND,SLAP_PGSF-APND,DAM,LMP,LMP_PRC,SLAP_PGSF-APND,ALL_APNODES,0,54.29028,56
2021-11-13T03:00:00-00:00,2021-11-13T04:00:00-00:00,2021-11-12,20,0,SLAP_PGSF-APND,SLAP_PGSF-APND,SLAP_PGSF-APND,DAM,LMP,LMP_PRC,SLAP_PGSF-APND,ALL_APNODES,0,82.86711,56
2021-11-13T04:00:00-00:00,2021-11-13T05:00:00-00:00,2021-11-12,21,0,SLAP_PGSF-APND,SLAP_PGSF-APND,SLAP_PGSF-APND,DAM,LMP,LMP_PRC,SLAP_PGSF-APND,ALL_APNODES,0,71.27184,56
2021-11-12T12:00:00-00:00,2021-11-12T13:00:00-00:00,2021-11-12,5,0,SLAP_PGSF-APND,SLAP_PGSF-APND,SLAP_PGSF-APND,DAM,LMP,LMP_PRC,SLAP_PGSF-APND,ALL_APNODES,0,54.32698,56
2021-11-12T19:00:00-00:00,2021-11-12T20:00:00-00:00,2021-11-12,12,0,SLAP_PGSF-APND,SLAP_PGSF-APND,SLAP_PGSF-APND,DAM,LMP,LMP_PRC,SLAP_PGSF-APND,ALL_APNODES,0,45.64866,56
2021-11-12T21:00:00-00:00,2021-11-12T22:00:00-00:00,2021-11-12,14,0,SLAP_PGSF-APND,SLAP_PGSF-APND,SLAP_PGSF-APND,DAM,LMP,LMP_PRC,SLAP_PGSF-APND,ALL_APNODES,0,53.19936,56
2021-11-13T00:00:00-00:00,2021-11-13T01:00:00-00:00,2021-11-12,17,0,SLAP_PGSF-APND,SLAP_PGSF-APND,SLAP_PGSF-APND,DAM,LMP,LMP_PRC,SLAP_PGSF-APND,ALL_APNODES,0,72.40186,56
2021-11-13T05:00:00-00:00,2021-11-13T06:00:00-00:00,2021-11-12,22,0,SLAP_PGSF-APND,SLAP_PGSF-APND,SLAP_PGSF-APND,DAM,LMP,LMP_PRC,SLAP_PGSF-APND,ALL_APNODES,0,65.94663,56
2021-11-12T09:00:00-00:00,2021-11-12T10:00:00-00:00,2021-11-12,2,0,SLAP_PGSF-APND,SLAP_PGSF-APND,SLAP_PGSF-APND,DAM,LMP,LMP_PRC,SLAP_PGSF-APND,ALL_APNODES,0,54.1624,56
2021-11-12T23:00:00-00:00,2021-11-13T00:00:00-00:00,2021-11-12,16,0,SLAP_PGSF-APND,SLAP_PGSF-APND,SLAP_PGSF-APND,DAM,LMP,LMP_PRC,SLAP_PGSF-APND,ALL_APNODES,0,71.49249,56
2021-11-13T01:00:00-00:00,2021-11-13T02:00:00-00:00,2021-11-12,18,0,SLAP_PGSF-APND,SLAP_PGSF-APND,SLAP_PGSF-APND,DAM,LMP,LMP_PRC,SLAP_PGSF-APND,ALL_APNODES,0,100.52702,56
2021-11-12T13:00:00-00:00,2021-11-12T14:00:00-00:00,2021-11-12,6,0,SLAP_PGSF-APND,SLAP_PGSF-APND,SLAP_PGSF-APND,DAM,LMP,LMP_PRC,SLAP_PGSF-APND,ALL_APNODES,0,64.66319,56
2021-11-12T18:00:00-00:00,2021-11-12T19:00:00-00:00,2021-11-12,11,0,SLAP_PGSF-APND,SLAP_PGSF-APND,SLAP_PGSF-APND,DAM,LMP,LMP_PRC,SLAP_PGSF-APND,ALL_APNODES,0,43.04608,56
2021-11-13T02:00:00-00:00,2021-11-13T03:00:00-00:00,2021-11-12,19,0,SLAP_PGSF-APND,SLAP_PGSF-APND,SLAP_PGSF-APND,DAM,LMP,LMP_PRC,SLAP_PGSF-APND,ALL_APNODES,0,85.18829,56
2021-11-13T06:00:00-00:00,2021-11-13T07:00:00-00:00,2021-11-12,23,0,SLAP_PGSF-APND,SLAP_PGSF-APND,SLAP_PGSF-APND,DAM,LMP,LMP_PRC,SLAP_PGSF-APND,ALL_APNODES,0,61.18698,56
2021-11-12T14:00:00-00:00,2021-11-12T15:00:00-00:00,2021-11-12,7,0,SLAP_PGSF-APND,SLAP_PGSF-APND,SLAP_PGSF-APND,DAM,LMP,LMP_PRC,SLAP_PGSF-APND,ALL_APNODES,0,73.94577,56
2021-11-12T10:00:00-00:00,2021-11-12T11:00:00-00:00,2021-11-12,3,0,SLAP_PGSF-APND,SLAP_PGSF-APND,SLAP_PGSF-APND,DAM,LMP,LMP_PRC,SLAP_PGSF-APND,ALL_APNODES,0,52.9032,56
2021-11-12T22:00:00-00:00,2021-11-12T23:00:00-00:00,2021-11-12,15,0,SLAP_PGSF-APND,SLAP_PGSF-APND,SLAP_PGSF-APND,DAM,LMP,LMP_PRC,SLAP_PGSF-APND,ALL_APNODES,0,53.8304,56
2021-11-12T15:00:00-00:00,2021-11-12T16:00:00-00:00,2021-11-12,8,0,SLAP_PGSF-APND,SLAP_PGSF-APND,SLAP_PGSF-APND,DAM,LMP,LMP_PRC,SLAP_PGSF-APND,ALL_APNODES,0,61.18354,56
2021-11-12T16:00:00-00:00,2021-11-12T17:00:00-00:00,2021-11-12,9,0,SLAP_PGSF-APND,SLAP_PGSF-APND,SLAP_PGSF-APND,DAM,LMP,LMP_PRC,SLAP_PGSF-APND,ALL_APNODES,0,51.81999,56
2021-11-12T17:00:00-00:00,2021-11-12T18:00:00-00:00,2021-11-12,10,0,SLAP_PGSF-APND,SLAP_PGSF-APND,SLAP_PGSF-APND,DAM,LMP,LMP_PRC,SLAP_PGSF-APND,ALL_APNODES,0,47.23733,56
2021-11-12T20:00:00-00:00,2021-11-12T21:00:00-00:00,2021-11-12,13,0,SLAP_PGSF-APND,SLAP_PGSF-APND,SLAP_PGSF-APND,DAM,LMP,LMP_PRC,SLAP_PGSF-APND,ALL_APNODES,0,50.91924,56
2021-11-13T07:00:00-00:00,2021-11-13T08:00:00-00:00,2021-11-12,24,0,SLAP_PGSF-APND,SLAP_PGSF-APND,SLAP_PGSF-APND,DAM,LMP,LMP_PRC,SLAP_PGSF-APND,ALL_APNODES,0,55.88125,56
2021-11-12T19:00:00-00:00,2021-11-12T20:00:00-00:00,2021-11-12,12,0,SLAP_PGSF-APND,SLAP_PGSF-APND,SLAP_PGSF-APND,DAM,MCC,LMP_CONG_PRC,SLAP_PGSF-APND,ALL_APNODES,0,-2.6461,57
2021-11-13T02:00:00-00:00,2021-11-13T03:00:00-00:00,2021-11-12,19,0,SLAP_PGSF-APND,SLAP_PGSF-APND,SLAP_PGSF-APND,DAM,MCC,LMP_CONG_PRC,SLAP_PGSF-APND,ALL_APNODES,0,-4.6145,57
2021-11-12T12:00:00-00:00,2021-11-12T13:00:00-00:00,2021-11-12,5,0,SLAP_PGSF-APND,SLAP_PGSF-APND,SLAP_PGSF-APND,DAM,MCC,LMP_CONG_PRC,SLAP_PGSF-APND,ALL_APNODES,0,0,57
2021-11-12T18:00:00-00:00,2021-11-12T19:00:00-00:00,2021-11-12,11,0,SLAP_PGSF-APND,SLAP_PGSF-APND,SLAP_PGSF-APND,DAM,MCC,LMP_CONG_PRC,SLAP_PGSF-APND,ALL_APNODES,0,-0.67832,57
2021-11-12T20:00:00-00:00,2021-11-12T21:00:00-00:00,2021-11-12,13,0,SLAP_PGSF-APND,SLAP_PGSF-APND,SLAP_PGSF-APND,DAM,MCC,LMP_CONG_PRC,SLAP_PGSF-APND,ALL_APNODES,0,0.51328,57
2021-11-13T04:00:00-00:00,2021-11-13T05:00:00-00:00,2021-11-12,21,0,SLAP_PGSF-APND,SLAP_PGSF-APND,SLAP_PGSF-APND,DAM,MCC,LMP_CONG_PRC,SLAP_PGSF-APND,ALL_APNODES,0,0,57
2021-11-12T13:00:00-00:00,2021-11-12T14:00:00-00:00,2021-11-12,6,0,SLAP_PGSF-APND,SLAP_PGSF-APND,SLAP_PGSF-APND,DAM,MCC,LMP_CONG_PRC,SLAP_PGSF-APND,ALL_APNODES,0,0,57
2021-11-12T16:00:00-00:00,2021-11-12T17:00:00-00:00,2021-11-12,9,0,SLAP_PGSF-APND,SLAP_PGSF-APND,SLAP_PGSF-APND,DAM,MCC,LMP_CONG_PRC,SLAP_PGSF-APND,ALL_APNODES,0,-0.62819,57
2021-11-12T09:00:00-00:00,2021-11-12T10:00:00-00:00,2021-11-12,2,0,SLAP_PGSF-APND,SLAP_PGSF-APND,SLAP_PGSF-APND,DAM,MCC,LMP_CONG_PRC,SLAP_PGSF-APND,ALL_APNODES,0,0,57
2021-11-12T10:00:00-00:00,2021-11-12T11:00:00-00:00,2021-11-12,3,0,SLAP_PGSF-APND,SLAP_PGSF-APND,SLAP_PGSF-APND,DAM,MCC,LMP_CONG_PRC,SLAP_PGSF-APND,ALL_APNODES,0,0,57
2021-11-13T05:00:00-00:00,2021-11-13T06:00:00-00:00,2021-11-12,22,0,SLAP_PGSF-APND,SLAP_PGSF-APND,SLAP_PGSF-APND,DAM,MCC,LMP_CONG_PRC,SLAP_PGSF-APND,ALL_APNODES,0,0,57
2021-11-13T07:00:00-00:00,2021-11-13T08:00:00-00:00,2021-11-12,24,0,SLAP_PGSF-APND,SLAP_PGSF-APND,SLAP_PGSF-APND,DAM,MCC,LMP_CONG_PRC,SLAP_PGSF-APND,ALL_APNODES,0,-0.0102,57
2021-11-12T21:00:00-00:00,2021-11-12T22:00:00-00:00,2021-11-12,14,0,SLAP_PGSF-APND,SLAP_PGSF-APND,SLAP_PGSF-APND,DAM,MCC,LMP_CONG_PRC,SLAP_PGSF-APND,ALL_APNODES,0,-0.74708,57
2021-11-12T17:00:00-00:00,2021-11-12T18:00:00-00:00,2021-11-12,10,0,SLAP_PGSF-APND,SLAP_PGSF-APND,SLAP_PGSF-APND,DAM,MCC,LMP_CONG_PRC,SLAP_PGSF-APND,ALL_APNODES,0,-0.8039,57
2021-11-12T22:00:00-00:00,2021-11-12T23:00:00-00:00,2021-11-12,15,0,SLAP_PGSF-APND,SLAP_PGSF-APND,SLAP_PGSF-APND,DAM,MCC,LMP_CONG_PRC,SLAP_PGSF-APND,ALL_APNODES,0,-1.22718,57
2021-11-13T00:00:00-00:00,2021-11-13T01:00:00-00:00,2021-11-12,17,0,SLAP_PGSF-APND,SLAP_PGSF-APND,SLAP_PGSF-APND,DAM,MCC,LMP_CONG_PRC,SLAP_PGSF-APND,ALL_APNODES,0,-37.0659,57
2021-11-13T01:00:00-00:00,2021-11-13T02:00:00-00:00,2021-11-12,18,0,SLAP_PGSF-APND,SLAP_PGSF-APND,SLAP_PGSF-APND,DAM,MCC,LMP_CONG_PRC,SLAP_PGSF-APND,ALL_APNODES,0,-43.07458,57
2021-11-13T03:00:00-00:00,2021-11-13T04:00:00-00:00,2021-11-12,20,0,SLAP_PGSF-APND,SLAP_PGSF-APND,SLAP_PGSF-APND,DAM,MCC,LMP_CONG_PRC,SLAP_PGSF-APND,ALL_APNODES,0,0.82955,57
2021-11-13T06:00:00-00:00,2021-11-13T07:00:00-00:00,2021-11-12,23,0,SLAP_PGSF-APND,SLAP_PGSF-APND,SLAP_PGSF-APND,DAM,MCC,LMP_CONG_PRC,SLAP_PGSF-APND,ALL_APNODES,0,0,57
2021-11-12T14:00:00-00:00,2021-11-12T15:00:00-00:00,2021-11-12,7,0,SLAP_PGSF-APND,SLAP_PGSF-APND,SLAP_PGSF-APND,DAM,MCC,LMP_CONG_PRC,SLAP_PGSF-APND,ALL_APNODES,0,0,57
2021-11-12T08:00:00-00:00,2021-11-12T09:00:00-00:00,2021-11-12,1,0,SLAP_PGSF-APND,SLAP_PGSF-APND,SLAP_PGSF-APND,DAM,MCC,LMP_CONG_PRC,SLAP_PGSF-APND,ALL_APNODES,0,0,57
2021-11-12T11:00:00-00:00,2021-11-12T12:00:00-00:00,2021-11-12,4,0,SLAP_PGSF-APND,SLAP_PGSF-APND,SLAP_PGSF-APND,DAM,MCC,LMP_CONG_PRC,SLAP_PGSF-APND,ALL_APNODES,0,0,57
2021-11-12T23:00:00-00:00,2021-11-13T00:00:00-00:00,2021-11-12,16,0,SLAP_PGSF-APND,SLAP_PGSF-APND,SLAP_PGSF-APND,DAM,MCC,LMP_CONG_PRC,SLAP_PGSF-APND,ALL_APNODES,0,-1.73161,57
2021-11-12T15:00:00-00:00,2021-11-12T16:00:00-00:00,2021-11-12,8,0,SLAP_PGSF-APND,SLAP_PGSF-APND,SLAP_PGSF-APND,DAM,MCC,LMP_CONG_PRC,SLAP_PGSF-APND,ALL_APNODES,0,0,57
2021-11-13T02:00:00-00:00,2021-11-13T03:00:00-00:00,2021-11-12,19,0,SLAP_PGSF-APND,SLAP_PGSF-APND,SLAP_PGSF-APND,DAM,MCE,LMP_ENE_PRC,SLAP_PGSF-APND,ALL_APNODES,0,86.60699,58
2021-11-12T14:00:00-00:00,2021-11-12T15:00:00-00:00,2021-11-12,7,0,SLAP_PGSF-APND,SLAP_PGSF-APND,SLAP_PGSF-APND,DAM,MCE,LMP_ENE_PRC,SLAP_PGSF-APND,ALL_APNODES,0,72.33275,58
2021-11-12T15:00:00-00:00,2021-11-12T16:00:00-00:00,2021-11-12,8,0,SLAP_PGSF-APND,SLAP_PGSF-APND,SLAP_PGSF-APND,DAM,MCE,LMP_ENE_PRC,SLAP_PGSF-APND,ALL_APNODES,0,58.34783,58
2021-11-12T22:00:00-00:00,2021-11-12T23:00:00-00:00,2021-11-12,15,0,SLAP_PGSF-APND,SLAP_PGSF-APND,SLAP_PGSF-APND,DAM,MCE,LMP_ENE_PRC,SLAP_PGSF-APND,ALL_APNODES,0,52.99094,58
2021-11-12T18:00:00-00:00,2021-11-12T19:00:00-00:00,2021-11-12,11,0,SLAP_PGSF-APND,SLAP_PGSF-APND,SLAP_PGSF-APND,DAM,MCE,LMP_ENE_PRC,SLAP_PGSF-APND,ALL_APNODES,0,40.44062,58
2021-11-12T12:00:00-00:00,2021-11-12T13:00:00-00:00,2021-11-12,5,0,SLAP_PGSF-APND,SLAP_PGSF-APND,SLAP_PGSF-APND,DAM,MCE,LMP_ENE_PRC,SLAP_PGSF-APND,ALL_APNODES,0,52.96576,58
2021-11-13T01:00:00-00:00,2021-11-13T02:00:00-00:00,2021-11-12,18,0,SLAP_PGSF-APND,SLAP_PGSF-APND,SLAP_PGSF-APND,DAM,MCE,LMP_ENE_PRC,SLAP_PGSF-APND,ALL_APNODES,0,137.72092,58
2021-11-13T05:00:00-00:00,2021-11-13T06:00:00-00:00,2021-11-12,22,0,SLAP_PGSF-APND,SLAP_PGSF-APND,SLAP_PGSF-APND,DAM,MCE,LMP_ENE_PRC,SLAP_PGSF-APND,ALL_APNODES,0,64.83791,58
2021-11-13T04:00:00-00:00,2021-11-13T05:00:00-00:00,2021-11-12,21,0,SLAP_PGSF-APND,SLAP_PGSF-APND,SLAP_PGSF-APND,DAM,MCE,LMP_ENE_PRC,SLAP_PGSF-APND,ALL_APNODES,0,69.8812,58
2021-11-12T11:00:00-00:00,2021-11-12T12:00:00-00:00,2021-11-12,4,0,SLAP_PGSF-APND,SLAP_PGSF-APND,SLAP_PGSF-APND,DAM,MCE,LMP_ENE_PRC,SLAP_PGSF-APND,ALL_APNODES,0,51.99757,58
2021-11-12T16:00:00-00:00,2021-11-12T17:00:00-00:00,2021-11-12,9,0,SLAP_PGSF-APND,SLAP_PGSF-APND,SLAP_PGSF-APND,DAM,MCE,LMP_ENE_PRC,SLAP_PGSF-APND,ALL_APNODES,0,48.33934,58
2021-11-12T13:00:00-00:00,2021-11-12T14:00:00-00:00,2021-11-12,6,0,SLAP_PGSF-APND,SLAP_PGSF-APND,SLAP_PGSF-APND,DAM,MCE,LMP_ENE_PRC,SLAP_PGSF-APND,ALL_APNODES,0,63.24028,58
2021-11-13T07:00:00-00:00,2021-11-13T08:00:00-00:00,2021-11-12,24,0,SLAP_PGSF-APND,SLAP_PGSF-APND,SLAP_PGSF-APND,DAM,MCE,LMP_ENE_PRC,SLAP_PGSF-APND,ALL_APNODES,0,55.16874,58
2021-11-12T09:00:00-00:00,2021-11-12T10:00:00-00:00,2021-11-12,2,0,SLAP_PGSF-APND,SLAP_PGSF-APND,SLAP_PGSF-APND,DAM,MCE,LMP_ENE_PRC,SLAP_PGSF-APND,ALL_APNODES,0,52.94468,58
2021-11-12T21:00:00-00:00,2021-11-12T22:00:00-00:00,2021-11-12,14,0,SLAP_PGSF-APND,SLAP_PGSF-APND,SLAP_PGSF-APND,DAM,MCE,LMP_ENE_PRC,SLAP_PGSF-APND,ALL_APNODES,0,50.51165,58
2021-11-12T17:00:00-00:00,2021-11-12T18:00:00-00:00,2021-11-12,10,0,SLAP_PGSF-APND,SLAP_PGSF-APND,SLAP_PGSF-APND,DAM,MCE,LMP_ENE_PRC,SLAP_PGSF-APND,ALL_APNODES,0,44.11095,58
2021-11-13T06:00:00-00:00,2021-11-13T07:00:00-00:00,2021-11-12,23,0,SLAP_PGSF-APND,SLAP_PGSF-APND,SLAP_PGSF-APND,DAM,MCE,LMP_ENE_PRC,SLAP_PGSF-APND,ALL_APNODES,0,60.19378,58
2021-11-13T03:00:00-00:00,2021-11-13T04:00:00-00:00,2021-11-12,20,0,SLAP_PGSF-APND,SLAP_PGSF-APND,SLAP_PGSF-APND,DAM,MCE,LMP_ENE_PRC,SLAP_PGSF-APND,ALL_APNODES,0,79.37839,58
2021-11-12T10:00:00-00:00,2021-11-12T11:00:00-00:00,2021-11-12,3,0,SLAP_PGSF-APND,SLAP_PGSF-APND,SLAP_PGSF-APND,DAM,MCE,LMP_ENE_PRC,SLAP_PGSF-APND,ALL_APNODES,0,51.85571,58
2021-11-13T00:00:00-00:00,2021-11-13T01:00:00-00:00,2021-11-12,17,0,SLAP_PGSF-APND,SLAP_PGSF-APND,SLAP_PGSF-APND,DAM,MCE,LMP_ENE_PRC,SLAP_PGSF-APND,ALL_APNODES,0,107.30029,58
2021-11-12T08:00:00-00:00,2021-11-12T09:00:00-00:00,2021-11-12,1,0,SLAP_PGSF-APND,SLAP_PGSF-APND,SLAP_PGSF-APND,DAM,MCE,LMP_ENE_PRC,SLAP_PGSF-APND,ALL_APNODES,0,52.98163,58
2021-11-12T19:00:00-00:00,2021-11-12T20:00:00-00:00,2021-11-12,12,0,SLAP_PGSF-APND,SLAP_PGSF-APND,SLAP_PGSF-APND,DAM,MCE,LMP_ENE_PRC,SLAP_PGSF-APND,ALL_APNODES,0,44.90864,58
2021-11-12T20:00:00-00:00,2021-11-12T21:00:00-00:00,2021-11-12,13,0,SLAP_PGSF-APND,SLAP_PGSF-APND,SLAP_PGSF-APND,DAM,MCE,LMP_ENE_PRC,SLAP_PGSF-APND,ALL_APNODES,0,46.94603,58
2021-11-12T23:00:00-00:00,2021-11-13T00:00:00-00:00,2021-11-12,16,0,SLAP_PGSF-APND,SLAP_PGSF-APND,SLAP_PGSF-APND,DAM,MCE,LMP_ENE_PRC,SLAP_PGSF-APND,ALL_APNODES,0,72.14907,58
2021-11-12T08:00:00-00:00,2021-11-12T09:00:00-00:00,2021-11-12,1,0,SLAP_PGSF-APND,SLAP_PGSF-APND,SLAP_PGSF-APND,DAM,MCL,LMP_LOSS_PRC,SLAP_PGSF-APND,ALL_APNODES,0,1.30865,59
2021-11-12T20:00:00-00:00,2021-11-12T21:00:00-00:00,2021-11-12,13,0,SLAP_PGSF-APND,SLAP_PGSF-APND,SLAP_PGSF-APND,DAM,MCL,LMP_LOSS_PRC,SLAP_PGSF-APND,ALL_APNODES,0,3.45992,59
2021-11-12T17:00:00-00:00,2021-11-12T18:00:00-00:00,2021-11-12,10,0,SLAP_PGSF-APND,SLAP_PGSF-APND,SLAP_PGSF-APND,DAM,MCL,LMP_LOSS_PRC,SLAP_PGSF-APND,ALL_APNODES,0,3.93029,59
2021-11-12T15:00:00-00:00,2021-11-12T16:00:00-00:00,2021-11-12,8,0,SLAP_PGSF-APND,SLAP_PGSF-APND,SLAP_PGSF-APND,DAM,MCL,LMP_LOSS_PRC,SLAP_PGSF-APND,ALL_APNODES,0,2.8357,59
2021-11-12T13:00:00-00:00,2021-11-12T14:00:00-00:00,2021-11-12,6,0,SLAP_PGSF-APND,SLAP_PGSF-APND,SLAP_PGSF-APND,DAM,MCL,LMP_LOSS_PRC,SLAP_PGSF-APND,ALL_APNODES,0,1.42291,59
2021-11-12T23:00:00-00:00,2021-11-13T00:00:00-00:00,2021-11-12,16,0,SLAP_PGSF-APND,SLAP_PGSF-APND,SLAP_PGSF-APND,DAM,MCL,LMP_LOSS_PRC,SLAP_PGSF-APND,ALL_APNODES,0,1.07502,59
2021-11-12T21:00:00-00:00,2021-11-12T22:00:00-00:00,2021-11-12,14,0,SLAP_PGSF-APND,SLAP_PGSF-APND,SLAP_PGSF-APND,DAM,MCL,LMP_LOSS_PRC,SLAP_PGSF-APND,ALL_APNODES,0,3.43479,59
2021-11-13T01:00:00-00:00,2021-11-13T02:00:00-00:00,2021-11-12,18,0,SLAP_PGSF-APND,SLAP_PGSF-APND,SLAP_PGSF-APND,DAM,MCL,LMP_LOSS_PRC,SLAP_PGSF-APND,ALL_APNODES,0,5.88068,59
2021-11-12T11:00:00-00:00,2021-11-12T12:00:00-00:00,2021-11-12,4,0,SLAP_PGSF-APND,SLAP_PGSF-APND,SLAP_PGSF-APND,DAM,MCL,LMP_LOSS_PRC,SLAP_PGSF-APND,ALL_APNODES,0,1.11795,59
2021-11-12T19:00:00-00:00,2021-11-12T20:00:00-00:00,2021-11-12,12,0,SLAP_PGSF-APND,SLAP_PGSF-APND,SLAP_PGSF-APND,DAM,MCL,LMP_LOSS_PRC,SLAP_PGSF-APND,ALL_APNODES,0,3.38611,59
2021-11-12T18:00:00-00:00,2021-11-12T19:00:00-00:00,2021-11-12,11,0,SLAP_PGSF-APND,SLAP_PGSF-APND,SLAP_PGSF-APND,DAM,MCL,LMP_LOSS_PRC,SLAP_PGSF-APND,ALL_APNODES,0,3.28378,59
2021-11-13T04:00:00-00:00,2021-11-13T05:00:00-00:00,2021-11-12,21,0,SLAP_PGSF-APND,SLAP_PGSF-APND,SLAP_PGSF-APND,DAM,MCL,LMP_LOSS_PRC,SLAP_PGSF-APND,ALL_APNODES,0,1.39064,59
2021-11-12T12:00:00-00:00,2021-11-12T13:00:00-00:00,2021-11-12,5,0,SLAP_PGSF-APND,SLAP_PGSF-APND,SLAP_PGSF-APND,DAM,MCL,LMP_LOSS_PRC,SLAP_PGSF-APND,ALL_APNODES,0,1.36122,59
2021-11-13T03:00:00-00:00,2021-11-13T04:00:00-00:00,2021-11-12,20,0,SLAP_PGSF-APND,SLAP_PGSF-APND,SLAP_PGSF-APND,DAM,MCL,LMP_LOSS_PRC,SLAP_PGSF-APND,ALL_APNODES,0,2.65918,59
2021-11-12T10:00:00-00:00,2021-11-12T11:00:00-00:00,2021-11-12,3,0,SLAP_PGSF-APND,SLAP_PGSF-APND,SLAP_PGSF-APND,DAM,MCL,LMP_LOSS_PRC,SLAP_PGSF-APND,ALL_APNODES,0,1.04749,59
2021-11-12T22:00:00-00:00,2021-11-12T23:00:00-00:00,2021-11-12,15,0,SLAP_PGSF-APND,SLAP_PGSF-APND,SLAP_PGSF-APND,DAM,MCL,LMP_LOSS_PRC,SLAP_PGSF-APND,ALL_APNODES,0,2.06665,59
2021-11-12T14:00:00-00:00,2021-11-12T15:00:00-00:00,2021-11-12,7,0,SLAP_PGSF-APND,SLAP_PGSF-APND,SLAP_PGSF-APND,DAM,MCL,LMP_LOSS_PRC,SLAP_PGSF-APND,ALL_APNODES,0,1.61302,59
2021-11-13T06:00:00-00:00,2021-11-13T07:00:00-00:00,2021-11-12,23,0,SLAP_PGSF-APND,SLAP_PGSF-APND,SLAP_PGSF-APND,DAM,MCL,LMP_LOSS_PRC,SLAP_PGSF-APND,ALL_APNODES,0,0.9932,59
2021-11-12T16:00:00-00:00,2021-11-12T17:00:00-00:00,2021-11-12,9,0,SLAP_PGSF-APND,SLAP_PGSF-APND,SLAP_PGSF-APND,DAM,MCL,LMP_LOSS_PRC,SLAP_PGSF-APND,ALL_APNODES,0,4.10884,59
2021-11-13T07:00:00-00:00,2021-11-13T08:00:00-00:00,2021-11-12,24,0,SLAP_PGSF-APND,SLAP_PGSF-APND,SLAP_PGSF-APND,DAM,MCL,LMP_LOSS_PRC,SLAP_PGSF-APND,ALL_APNODES,0,0.72271,59
2021-11-13T02:00:00-00:00,2021-11-13T03:00:00-00:00,2021-11-12,19,0,SLAP_PGSF-APND,SLAP_PGSF-APND,SLAP_PGSF-APND,DAM,MCL,LMP_LOSS_PRC,SLAP_PGSF-APND,ALL_APNODES,0,3.1958,59
2021-11-13T00:00:00-00:00,2021-11-13T01:00:00-00:00,2021-11-12,17,0,SLAP_PGSF-APND,SLAP_PGSF-APND,SLAP_PGSF-APND,DAM,MCL,LMP_LOSS_PRC,SLAP_PGSF-APND,ALL_APNODES,0,2.16747,59
2021-11-13T05:00:00-00:00,2021-11-13T06:00:00-00:00,2021-11-12,22,0,SLAP_PGSF-APND,SLAP_PGSF-APND,SLAP_PGSF-APND,DAM,MCL,LMP_LOSS_PRC,SLAP_PGSF-APND,ALL_APNODES,0,1.10873,59
2021-11-12T09:00:00-00:00,2021-11-12T10:00:00-00:00,2021-11-12,2,0,SLAP_PGSF-APND,SLAP_PGSF-APND,SLAP_PGSF-APND,DAM,MCL,LMP_LOSS_PRC,SLAP_PGSF-APND,ALL_APNODES,0,1.21773,59
2021-11-12T19:00:00-00:00,2021-11-12T20:00:00-00:00,2021-11-12,12,0,SLAP_PGSF-APND,SLAP_PGSF-APND,SLAP_PGSF-APND,DAM,MGHG,LMP_GHG_PRC,SLAP_PGSF-APND,ALL_APNODES,0,0,60
2021-11-13T02:00:00-00:00,2021-11-13T03:00:00-00:00,2021-11-12,19,0,SLAP_PGSF-APND,SLAP_PGSF-APND,SLAP_PGSF-APND,DAM,MGHG,LMP_GHG_PRC,SLAP_PGSF-APND,ALL_APNODES,0,0,60
2021-11-12T09:00:00-00:00,2021-11-12T10:00:00-00:00,2021-11-12,2,0,SLAP_PGSF-APND,SLAP_PGSF-APND,SLAP_PGSF-APND,DAM,MGHG,LMP_GHG_PRC,SLAP_PGSF-APND,ALL_APNODES,0,0,60
2021-11-12T14:00:00-00:00,2021-11-12T15:00:00-00:00,2021-11-12,7,0,SLAP_PGSF-APND,SLAP_PGSF-APND,SLAP_PGSF-APND,DAM,MGHG,LMP_GHG_PRC,SLAP_PGSF-APND,ALL_APNODES,0,0,60
2021-11-12T18:00:00-00:00,2021-11-12T19:00:00-00:00,2021-11-12,11,0,SLAP_PGSF-APND,SLAP_PGSF-APND,SLAP_PGSF-APND,DAM,MGHG,LMP_GHG_PRC,SLAP_PGSF-APND,ALL_APNODES,0,0,60
2021-11-12T10:00:00-00:00,2021-11-12T11:00:00-00:00,2021-11-12,3,0,SLAP_PGSF-APND,SLAP_PGSF-APND,SLAP_PGSF-APND,DAM,MGHG,LMP_GHG_PRC,SLAP_PGSF-APND,ALL_APNODES,0,0,60
2021-11-12T17:00:00-00:00,2021-11-12T18:00:00-00:00,2021-11-12,10,0,SLAP_PGSF-APND,SLAP_PGSF-APND,SLAP_PGSF-APND,DAM,MGHG,LMP_GHG_PRC,SLAP_PGSF-APND,ALL_APNODES,0,0,60
2021-11-13T01:00:00-00:00,2021-11-13T02:00:00-00:00,2021-11-12,18,0,SLAP_PGSF-APND,SLAP_PGSF-APND,SLAP_PGSF-APND,DAM,MGHG,LMP_GHG_PRC,SLAP_PGSF-APND,ALL_APNODES,0,0,60
2021-11-13T03:00:00-00:00,2021-11-13T04:00:00-00:00,2021-11-12,20,0,SLAP_PGSF-APND,SLAP_PGSF-APND,SLAP_PGSF-APND,DAM,MGHG,LMP_GHG_PRC,SLAP_PGSF-APND,ALL_APNODES,0,0,60
2021-11-12T15:00:00-00:00,2021-11-12T16:00:00-00:00,2021-11-12,8,0,SLAP_PGSF-APND,SLAP_PGSF-APND,SLAP_PGSF-APND,DAM,MGHG,LMP_GHG_PRC,SLAP_PGSF-APND,ALL_APNODES,0,0,60
2021-11-12T20:00:00-00:00,2021-11-12T21:00:00-00:00,2021-11-12,13,0,SLAP_PGSF-APND,SLAP_PGSF-APND,SLAP_PGSF-APND,DAM,MGHG,LMP_GHG_PRC,SLAP_PGSF-APND,ALL_APNODES,0,0,60
2021-11-12T08:00:00-00:00,2021-11-12T09:00:00-00:00,2021-11-12,1,0,SLAP_PGSF-APND,SLAP_PGSF-APND,SLAP_PGSF-APND,DAM,MGHG,LMP_GHG_PRC,SLAP_PGSF-APND,ALL_APNODES,0,0,60
2021-11-12T23:00:00-00:00,2021-11-13T00:00:00-00:00,2021-11-12,16,0,SLAP_PGSF-APND,SLAP_PGSF-APND,SLAP_PGSF-APND,DAM,MGHG,LMP_GHG_PRC,SLAP_PGSF-APND,ALL_APNODES,0,0,60
2021-11-13T04:00:00-00:00,2021-11-13T05:00:00-00:00,2021-11-12,21,0,SLAP_PGSF-APND,SLAP_PGSF-APND,SLAP_PGSF-APND,DAM,MGHG,LMP_GHG_PRC,SLAP_PGSF-APND,ALL_APNODES,0,0,60
2021-11-12T12:00:00-00:00,2021-11-12T13:00:00-00:00,2021-11-12,5,0,SLAP_PGSF-APND,SLAP_PGSF-APND,SLAP_PGSF-APND,DAM,MGHG,LMP_GHG_PRC,SLAP_PGSF-APND,ALL_APNODES,0,0,60
2021-11-13T05:00:00-00:00,2021-11-13T06:00:00-00:00,2021-11-12,22,0,SLAP_PGSF-APND,SLAP_PGSF-APND,SLAP_PGSF-APND,DAM,MGHG,LMP_GHG_PRC,SLAP_PGSF-APND,ALL_APNODES,0,0,60
2021-11-13T06:00:00-00:00,2021-11-13T07:00:00-00:00,2021-11-12,23,0,SLAP_PGSF-APND,SLAP_PGSF-APND,SLAP_PGSF-APND,DAM,MGHG,LMP_GHG_PRC,SLAP_PGSF-APND,ALL_APNODES,0,0,60
2021-11-13T07:00:00-00:00,2021-11-13T08:00:00-00:00,2021-11-12,24,0,SLAP_PGSF-APND,SLAP_PGSF-APND,SLAP_PGSF-APND,DAM,MGHG,LMP_GHG_PRC,SLAP_PGSF-APND,ALL_APNODES,0,0,60
2021-11-12T13:00:00-00:00,2021-11-12T14:00:00-00:00,2021-11-12,6,0,SLAP_PGSF-APND,SLAP_PGSF-APND,SLAP_PGSF-APND,DAM,MGHG,LMP_GHG_PRC,SLAP_PGSF-APND,ALL_APNODES,0,0,60
2021-11-12T16:00:00-00:00,2021-11-12T17:00:00-00:00,2021-11-12,9,0,SLAP_PGSF-APND,SLAP_PGSF-APND,SLAP_PGSF-APND,DAM,MGHG,LMP_GHG_PRC,SLAP_PGSF-APND,ALL_APNODES,0,0,60
2021-11-12T21:00:00-00:00,2021-11-12T22:00:00-00:00,2021-11-12,14,0,SLAP_PGSF-APND,SLAP_PGSF-APND,SLAP_PGSF-APND,DAM,MGHG,LMP_GHG_PRC,SLAP_PGSF-APND,ALL_APNODES,0,0,60
2021-11-12T11:00:00-00:00,2021-11-12T12:00:00-00:00,2021-11-12,4,0,SLAP_PGSF-APND,SLAP_PGSF-APND,SLAP_PGSF-APND,DAM,MGHG,LMP_GHG_PRC,SLAP_PGSF-APND,ALL_APNODES,0,0,60
2021-11-13T00:00:00-00:00,2021-11-13T01:00:00-00:00,2021-11-12,17,0,SLAP_PGSF-APND,SLAP_PGSF-APND,SLAP_PGSF-APND,DAM,MGHG,LMP_GHG_PRC,SLAP_PGSF-APND,ALL_APNODES,0,0,60
2021-11-12T22:00:00-00:00,2021-11-12T23:00:00-00:00,2021-11-12,15,0,SLAP_PGSF-APND,SLAP_PGSF-APND,SLAP_PGSF-APND,DAM,MGHG,LMP_GHG_PRC,SLAP_PGSF-APND,ALL_APNODES,0,0,60
2021-11-13T18:00:00-00:00,2021-11-13T19:00:00-00:00,2021-11-13,11,0,SLAP_PGSF-APND,SLAP_PGSF-APND,SLAP_PGSF-APND,DAM,LMP,LMP_PRC,SLAP_PGSF-APND,ALL_APNODES,0,39.75202,61
2021-11-13T23:00:00-00:00,2021-11-14T00:00:00-00:00,2021-11-13,16,0,SLAP_PGSF-APND,SLAP_PGSF-APND,SLAP_PGSF-APND,DAM,LMP,LMP_PRC,SLAP_PGSF-APND,ALL_APNODES,0,61.30113,61
2021-11-13T21:00:00-00:00,2021-11-13T22:00:00-00:00,2021-11-13,14,0,SLAP_PGSF-APND,SLAP_PGSF-APND,SLAP_PGSF-APND,DAM,LMP,LMP_PRC,SLAP_PGSF-APND,ALL_APNODES,0,41.36064,61
2021-11-13T17:00:00-00:00,2021-11-13T18:00:00-00:00,2021-11-13,10,0,SLAP_PGSF-APND,SLAP_PGSF-APND,SLAP_PGSF-APND,DAM,LMP,LMP_PRC,SLAP_PGSF-APND,ALL_APNODES,0,41.56758,61
2021-11-14T02:00:00-00:00,2021-11-14T03:00:00-00:00,2021-11-13,19,0,SLAP_PGSF-APND,SLAP_PGSF-APND,SLAP_PGSF-APND,DAM,LMP,LMP_PRC,SLAP_PGSF-APND,ALL_APNODES,0,71.89467,61
2021-11-14T05:00:00-00:00,2021-11-14T06:00:00-00:00,2021-11-13,22,0,SLAP_PGSF-APND,SLAP_PGSF-APND,SLAP_PGSF-APND,DAM,LMP,LMP_PRC,SLAP_PGSF-APND,ALL_APNODES,0,59.89653,61
2021-11-13T11:00:00-00:00,2021-11-13T12:00:00-00:00,2021-11-13,4,0,SLAP_PGSF-APND,SLAP_PGSF-APND,SLAP_PGSF-APND,DAM,LMP,LMP_PRC,SLAP_PGSF-APND,ALL_APNODES,0,49.64751,61
2021-11-14T00:00:00-00:00,2021-11-14T01:00:00-00:00,2021-11-13,17,0,SLAP_PGSF-APND,SLAP_PGSF-APND,SLAP_PGSF-APND,DAM,LMP,LMP_PRC,SLAP_PGSF-APND,ALL_APNODES,0,75.94638,61
2021-11-13T20:00:00-00:00,2021-11-13T21:00:00-00:00,2021-11-13,13,0,SLAP_PGSF-APND,SLAP_PGSF-APND,SLAP_PGSF-APND,DAM,LMP,LMP_PRC,SLAP_PGSF-APND,ALL_APNODES,0,38.76219,61
2021-11-13T14:00:00-00:00,2021-11-13T15:00:00-00:00,2021-11-13,7,0,SLAP_PGSF-APND,SLAP_PGSF-APND,SLAP_PGSF-APND,DAM,LMP,LMP_PRC,SLAP_PGSF-APND,ALL_APNODES,0,62.95205,61
2021-11-13T15:00:00-00:00,2021-11-13T16:00:00-00:00,2021-11-13,8,0,SLAP_PGSF-APND,SLAP_PGSF-APND,SLAP_PGSF-APND,DAM,LMP,LMP_PRC,SLAP_PGSF-APND,ALL_APNODES,0,50.92676,61
2021-11-13T13:00:00-00:00,2021-11-13T14:00:00-00:00,2021-11-13,6,0,SLAP_PGSF-APND,SLAP_PGSF-APND,SLAP_PGSF-APND,DAM,LMP,LMP_PRC,SLAP_PGSF-APND,ALL_APNODES,0,60.32419,61
2021-11-13T10:00:00-00:00,2021-11-13T11:00:00-00:00,2021-11-13,3,0,SLAP_PGSF-APND,SLAP_PGSF-APND,SLAP_PGSF-APND,DAM,LMP,LMP_PRC,SLAP_PGSF-APND,ALL_APNODES,0,49.97154,61
2021-11-14T07:00:00-00:00,2021-11-14T08:00:00-00:00,2021-11-13,24,0,SLAP_PGSF-APND,SLAP_PGSF-APND,SLAP_PGSF-APND,DAM,LMP,LMP_PRC,SLAP_PGSF-APND,ALL_APNODES,0,54.43123,61
2021-11-14T06:00:00-00:00,2021-11-14T07:00:00-00:00,2021-11-13,23,0,SLAP_PGSF-APND,SLAP_PGSF-APND,SLAP_PGSF-APND,DAM,LMP,LMP_PRC,SLAP_PGSF-APND,ALL_APNODES,0,56.77328,61
2021-11-13T08:00:00-00:00,2021-11-13T09:00:00-00:00,2021-11-13,1,0,SLAP_PGSF-APND,SLAP_PGSF-APND,SLAP_PGSF-APND,DAM,LMP,LMP_PRC,SLAP_PGSF-APND,ALL_APNODES,0,52.36175,61
2021-11-13T22:00:00-00:00,2021-11-13T23:00:00-00:00,2021-11-13,15,0,SLAP_PGSF-APND,SLAP_PGSF-APND,SLAP_PGSF-APND,DAM,LMP,LMP_PRC,SLAP_PGSF-APND,ALL_APNODES,0,44.97686,61
2021-11-14T03:00:00-00:00,2021-11-14T04:00:00-00:00,2021-11-13,20,0,SLAP_PGSF-APND,SLAP_PGSF-APND,SLAP_PGSF-APND,DAM,LMP,LMP_PRC,SLAP_PGSF-APND,ALL_APNODES,0,69.34887,61
2021-11-13T12:00:00-00:00,2021-11-13T13:00:00-00:00,2021-11-13,5,0,SLAP_PGSF-APND,SLAP_PGSF-APND,SLAP_PGSF-APND,DAM,LMP,LMP_PRC,SLAP_PGSF-APND,ALL_APNODES,0,51.54661,61
2021-11-13T09:00:00-00:00,2021-11-13T10:00:00-00:00,2021-11-13,2,0,SLAP_PGSF-APND,SLAP_PGSF-APND,SLAP_PGSF-APND,DAM,LMP,LMP_PRC,SLAP_PGSF-APND,ALL_APNODES,0,51.07145,61
2021-11-13T16:00:00-00:00,2021-11-13T17:00:00-00:00,2021-11-13,9,0,SLAP_PGSF-APND,SLAP_PGSF-APND,SLAP_PGSF-APND,DAM,LMP,LMP_PRC,SLAP_PGSF-APND,ALL_APNODES,0,42.04162,61
2021-11-13T19:00:00-00:00,2021-11-13T20:00:00-00:00,2021-11-13,12,0,SLAP_PGSF-APND,SLAP_PGSF-APND,SLAP_PGSF-APND,DAM,LMP,LMP_PRC,SLAP_PGSF-APND,ALL_APNODES,0,36.59765,61
2021-11-14T01:00:00-00:00,2021-11-14T02:00:00-00:00,2021-11-13,18,0,SLAP_PGSF-APND,SLAP_PGSF-APND,SLAP_PGSF-APND,DAM,LMP,LMP_PRC,SLAP_PGSF-APND,ALL_APNODES,0,89.8977,61
2021-11-14T04:00:00-00:00,2021-11-14T05:00:00-00:00,2021-11-13,21,0,SLAP_PGSF-APND,SLAP_PGSF-APND,SLAP_PGSF-APND,DAM,LMP,LMP_PRC,SLAP_PGSF-APND,ALL_APNODES,0,65.00316,61
2021-11-14T03:00:00-00:00,2021-11-14T04:00:00-00:00,2021-11-13,20,0,SLAP_PGSF-APND,SLAP_PGSF-APND,SLAP_PGSF-APND,DAM,MCC,LMP_CONG_PRC,SLAP_PGSF-APND,ALL_APNODES,0,0.15462,62
2021-11-13T10:00:00-00:00,2021-11-13T11:00:00-00:00,2021-11-13,3,0,SLAP_PGSF-APND,SLAP_PGSF-APND,SLAP_PGSF-APND,DAM,MCC,LMP_CONG_PRC,SLAP_PGSF-APND,ALL_APNODES,0,0,62
2021-11-13T19:00:00-00:00,2021-11-13T20:00:00-00:00,2021-11-13,12,0,SLAP_PGSF-APND,SLAP_PGSF-APND,SLAP_PGSF-APND,DAM,MCC,LMP_CONG_PRC,SLAP_PGSF-APND,ALL_APNODES,0,-0.50085,62
2021-11-13T23:00:00-00:00,2021-11-14T00:00:00-00:00,2021-11-13,16,0,SLAP_PGSF-APND,SLAP_PGSF-APND,SLAP_PGSF-APND,DAM,MCC,LMP_CONG_PRC,SLAP_PGSF-APND,ALL_APNODES,0,0,62
2021-11-13T20:00:00-00:00,2021-11-13T21:00:00-00:00,2021-11-13,13,0,SLAP_PGSF-APND,SLAP_PGSF-APND,SLAP_PGSF-APND,DAM,MCC,LMP_CONG_PRC,SLAP_PGSF-APND,ALL_APNODES,0,-0.4938,62
2021-11-13T15:00:00-00:00,2021-11-13T16:00:00-00:00,2021-11-13,8,0,SLAP_PGSF-APND,SLAP_PGSF-APND,SLAP_PGSF-APND,DAM,MCC,LMP_CONG_PRC,SLAP_PGSF-APND,ALL_APNODES,0,-0.1792,62
2021-11-13T18:00:00-00:00,2021-11-13T19:00:00-00:00,2021-11-13,11,0,SLAP_PGSF-APND,SLAP_PGSF-APND,SLAP_PGSF-APND,DAM,MCC,LMP_CONG_PRC,SLAP_PGSF-APND,ALL_APNODES,0,7.66855,62
2021-11-13T13:00:00-00:00,2021-11-13T14:00:00-00:00,2021-11-13,6,0,SLAP_PGSF-APND,SLAP_PGSF-APND,SLAP_PGSF-APND,DAM,MCC,LMP_CONG_PRC,SLAP_PGSF-APND,ALL_APNODES,0,0,62
2021-11-14T07:00:00-00:00,2021-11-14T08:00:00-00:00,2021-11-13,24,0,SLAP_PGSF-APND,SLAP_PGSF-APND,SLAP_PGSF-APND,DAM,MCC,LMP_CONG_PRC,SLAP_PGSF-APND,ALL_APNODES,0,0.0584,62
2021-11-14T05:00:00-00:00,2021-11-14T06:00:00-00:00,2021-11-13,22,0,SLAP_PGSF-APND,SLAP_PGSF-APND,SLAP_PGSF-APND,DAM,MCC,LMP_CONG_PRC,SLAP_PGSF-APND,ALL_APNODES,0,0,62
2021-11-13T17:00:00-00:00,2021-11-13T18:00:00-00:00,2021-11-13,10,0,SLAP_PGSF-APND,SLAP_PGSF-APND,SLAP_PGSF-APND,DAM,MCC,LMP_CONG_PRC,SLAP_PGSF-APND,ALL_APNODES,0,4.74403,62
2021-11-14T01:00:00-00:00,2021-11-14T02:00:00-00:00,2021-11-13,18,0,SLAP_PGSF-APND,SLAP_PGSF-APND,SLAP_PGSF-APND,DAM,MCC,LMP_CONG_PRC,SLAP_PGSF-APND,ALL_APNODES,0,0.44223,62
2021-11-13T11:00:00-00:00,2021-11-13T12:00:00-00:00,2021-11-13,4,0,SLAP_PGSF-APND,SLAP_PGSF-APND,SLAP_PGSF-APND,DAM,MCC,LMP_CONG_PRC,SLAP_PGSF-APND,ALL_APNODES,0,0,62
2021-11-13T09:00:00-00:00,2021-11-13T10:00:00-00:00,2021-11-13,2,0,SLAP_PGSF-APND,SLAP_PGSF-APND,SLAP_PGSF-APND,DAM,MCC,LMP_CONG_PRC,SLAP_PGSF-APND,ALL_APNODES,0,0,62
2021-11-13T16:00:00-00:00,2021-11-13T17:00:00-00:00,2021-11-13,9,0,SLAP_PGSF-APND,SLAP_PGSF-APND,SLAP_PGSF-APND,DAM,MCC,LMP_CONG_PRC,SLAP_PGSF-APND,ALL_APNODES,0,2.03918,62
2021-11-13T14:00:00-00:00,2021-11-13T15:00:00-00:00,2021-11-13,7,0,SLAP_PGSF-APND,SLAP_PGSF-APND,SLAP_PGSF-APND,DAM,MCC,LMP_CONG_PRC,SLAP_PGSF-APND,ALL_APNODES,0,-0.57538,62
2021-11-13T08:00:00-00:00,2021-11-13T09:00:00-00:00,2021-11-13,1,0,SLAP_PGSF-APND,SLAP_PGSF-APND,SLAP_PGSF-APND,DAM,MCC,LMP_CONG_PRC,SLAP_PGSF-APND,ALL_APNODES,0,-0.02899,62
2021-11-14T06:00:00-00:00,2021-11-14T07:00:00-00:00,2021-11-13,23,0,SLAP_PGSF-APND,SLAP_PGSF-APND,SLAP_PGSF-APND,DAM,MCC,LMP_CONG_PRC,SLAP_PGSF-APND,ALL_APNODES,0,0.06963,62
2021-11-14T04:00:00-00:00,2021-11-14T05:00:00-00:00,2021-11-13,21,0,SLAP_PGSF-APND,SLAP_PGSF-APND,SLAP_PGSF-APND,DAM,MCC,LMP_CONG_PRC,SLAP_PGSF-APND,ALL_APNODES,0,0,62
2021-11-14T02:00:00-00:00,2021-11-14T03:00:00-00:00,2021-11-13,19,0,SLAP_PGSF-APND,SLAP_PGSF-APND,SLAP_PGSF-APND,DAM,MCC,LMP_CONG_PRC,SLAP_PGSF-APND,ALL_APNODES,0,0.02863,62
2021-11-14T00:00:00-00:00,2021-11-14T01:00:00-00:00,2021-11-13,17,0,SLAP_PGSF-APND,SLAP_PGSF-APND,SLAP_PGSF-APND,DAM,MCC,LMP_CONG_PRC,SLAP_PGSF-APND,ALL_APNODES,0,0,62
2021-11-13T12:00:00-00:00,2021-11-13T13:00:00-00:00,2021-11-13,5,0,SLAP_PGSF-APND,SLAP_PGSF-APND,SLAP_PGSF-APND,DAM,MCC,LMP_CONG_PRC,SLAP_PGSF-APND,ALL_APNODES,0,0,62
2021-11-13T22:00:00-00:00,2021-11-13T23:00:00-00:00,2021-11-13,15,0,SLAP_PGSF-APND,SLAP_PGSF-APND,SLAP_PGSF-APND,DAM,MCC,LMP_CONG_PRC,SLAP_PGSF-APND,ALL_APNODES,0,-0.23076,62
2021-11-13T21:00:00-00:00,2021-11-13T22:00:00-00:00,2021-11-13,14,0,SLAP_PGSF-APND,SLAP_PGSF-APND,SLAP_PGSF-APND,DAM,MCC,LMP_CONG_PRC,SLAP_PGSF-APND,ALL_APNODES,0,-0.23771,62
2021-11-13T21:00:00-00:00,2021-11-13T22:00:00-00:00,2021-11-13,14,0,SLAP_PGSF-APND,SLAP_PGSF-APND,SLAP_PGSF-APND,DAM,MCE,LMP_ENE_PRC,SLAP_PGSF-APND,ALL_APNODES,0,39.55343,63
2021-11-14T06:00:00-00:00,2021-11-14T07:00:00-00:00,2021-11-13,23,0,SLAP_PGSF-APND,SLAP_PGSF-APND,SLAP_PGSF-APND,DAM,MCE,LMP_ENE_PRC,SLAP_PGSF-APND,ALL_APNODES,0,54.92943,63
2021-11-13T14:00:00-00:00,2021-11-13T15:00:00-00:00,2021-11-13,7,0,SLAP_PGSF-APND,SLAP_PGSF-APND,SLAP_PGSF-APND,DAM,MCE,LMP_ENE_PRC,SLAP_PGSF-APND,ALL_APNODES,0,61.66514,63
2021-11-13T09:00:00-00:00,2021-11-13T10:00:00-00:00,2021-11-13,2,0,SLAP_PGSF-APND,SLAP_PGSF-APND,SLAP_PGSF-APND,DAM,MCE,LMP_ENE_PRC,SLAP_PGSF-APND,ALL_APNODES,0,50.05533,63
2021-11-14T02:00:00-00:00,2021-11-14T03:00:00-00:00,2021-11-13,19,0,SLAP_PGSF-APND,SLAP_PGSF-APND,SLAP_PGSF-APND,DAM,MCE,LMP_ENE_PRC,SLAP_PGSF-APND,ALL_APNODES,0,69.87461,63
2021-11-14T04:00:00-00:00,2021-11-14T05:00:00-00:00,2021-11-13,21,0,SLAP_PGSF-APND,SLAP_PGSF-APND,SLAP_PGSF-APND,DAM,MCE,LMP_ENE_PRC,SLAP_PGSF-APND,ALL_APNODES,0,63.17119,63
2021-11-13T19:00:00-00:00,2021-11-13T20:00:00-00:00,2021-11-13,12,0,SLAP_PGSF-APND,SLAP_PGSF-APND,SLAP_PGSF-APND,DAM,MCE,LMP_ENE_PRC,SLAP_PGSF-APND,ALL_APNODES,0,34.98539,63
2021-11-13T08:00:00-00:00,2021-11-13T09:00:00-00:00,2021-11-13,1,0,SLAP_PGSF-APND,SLAP_PGSF-APND,SLAP_PGSF-APND,DAM,MCE,LMP_ENE_PRC,SLAP_PGSF-APND,ALL_APNODES,0,51.06311,63
2021-11-13T10:00:00-00:00,2021-11-13T11:00:00-00:00,2021-11-13,3,0,SLAP_PGSF-APND,SLAP_PGSF-APND,SLAP_PGSF-APND,DAM,MCE,LMP_ENE_PRC,SLAP_PGSF-APND,ALL_APNODES,0,48.91977,63
2021-11-13T11:00:00-00:00,2021-11-13T12:00:00-00:00,2021-11-13,4,0,SLAP_PGSF-APND,SLAP_PGSF-APND,SLAP_PGSF-APND,DAM,MCE,LMP_ENE_PRC,SLAP_PGSF-APND,ALL_APNODES,0,48.46023,63
2021-11-13T23:00:00-00:00,2021-11-14T00:00:00-00:00,2021-11-13,16,0,SLAP_PGSF-APND,SLAP_PGSF-APND,SLAP_PGSF-APND,DAM,MCE,LMP_ENE_PRC,SLAP_PGSF-APND,ALL_APNODES,0,58.76822,63
2021-11-14T00:00:00-00:00,2021-11-14T01:00:00-00:00,2021-11-13,17,0,SLAP_PGSF-APND,SLAP_PGSF-APND,SLAP_PGSF-APND,DAM,MCE,LMP_ENE_PRC,SLAP_PGSF-APND,ALL_APNODES,0,74.41347,63
2021-11-14T03:00:00-00:00,2021-11-14T04:00:00-00:00,2021-11-13,20,0,SLAP_PGSF-APND,SLAP_PGSF-APND,SLAP_PGSF-APND,DAM,MCE,LMP_ENE_PRC,SLAP_PGSF-APND,ALL_APNODES,0,67.23111,63
2021-11-13T17:00:00-00:00,2021-11-13T18:00:00-00:00,2021-11-13,10,0,SLAP_PGSF-APND,SLAP_PGSF-APND,SLAP_PGSF-APND,DAM,MCE,LMP_ENE_PRC,SLAP_PGSF-APND,ALL_APNODES,0,34.42418,63
2021-11-13T22:00:00-00:00,2021-11-13T23:00:00-00:00,2021-11-13,15,0,SLAP_PGSF-APND,SLAP_PGSF-APND,SLAP_PGSF-APND,DAM,MCE,LMP_ENE_PRC,SLAP_PGSF-APND,ALL_APNODES,0,43.49396,63
2021-11-14T05:00:00-00:00,2021-11-14T06:00:00-00:00,2021-11-13,22,0,SLAP_PGSF-APND,SLAP_PGSF-APND,SLAP_PGSF-APND,DAM,MCE,LMP_ENE_PRC,SLAP_PGSF-APND,ALL_APNODES,0,58.61291,63
2021-11-14T07:00:00-00:00,2021-11-14T08:00:00-00:00,2021-11-13,24,0,SLAP_PGSF-APND,SLAP_PGSF-APND,SLAP_PGSF-APND,DAM,MCE,LMP_ENE_PRC,SLAP_PGSF-APND,ALL_APNODES,0,52.83019,63
2021-11-13T15:00:00-00:00,2021-11-13T16:00:00-00:00,2021-11-13,8,0,SLAP_PGSF-APND,SLAP_PGSF-APND,SLAP_PGSF-APND,DAM,MCE,LMP_ENE_PRC,SLAP_PGSF-APND,ALL_APNODES,0,48.4233,63
2021-11-13T18:00:00-00:00,2021-11-13T19:00:00-00:00,2021-11-13,11,0,SLAP_PGSF-APND,SLAP_PGSF-APND,SLAP_PGSF-APND,DAM,MCE,LMP_ENE_PRC,SLAP_PGSF-APND,ALL_APNODES,0,30.19905,63
2021-11-13T12:00:00-00:00,2021-11-13T13:00:00-00:00,2021-11-13,5,0,SLAP_PGSF-APND,SLAP_PGSF-APND,SLAP_PGSF-APND,DAM,MCE,LMP_ENE_PRC,SLAP_PGSF-APND,ALL_APNODES,0,50.30901,63
2021-11-13T20:00:00-00:00,2021-11-13T21:00:00-00:00,2021-11-13,13,0,SLAP_PGSF-APND,SLAP_PGSF-APND,SLAP_PGSF-APND,DAM,MCE,LMP_ENE_PRC,SLAP_PGSF-APND,ALL_APNODES,0,36.98161,63
2021-11-14T01:00:00-00:00,2021-11-14T02:00:00-00:00,2021-11-13,18,0,SLAP_PGSF-APND,SLAP_PGSF-APND,SLAP_PGSF-APND,DAM,MCE,LMP_ENE_PRC,SLAP_PGSF-APND,ALL_APNODES,0,87.4699,63
2021-11-13T13:00:00-00:00,2021-11-13T14:00:00-00:00,2021-11-13,6,0,SLAP_PGSF-APND,SLAP_PGSF-APND,SLAP_PGSF-APND,DAM,MCE,LMP_ENE_PRC,SLAP_PGSF-APND,ALL_APNODES,0,58.85287,63
2021-11-13T16:00:00-00:00,2021-11-13T17:00:00-00:00,2021-11-13,9,0,SLAP_PGSF-APND,SLAP_PGSF-APND,SLAP_PGSF-APND,DAM,MCE,LMP_ENE_PRC,SLAP_PGSF-APND,ALL_APNODES,0,37.56804,63
2021-11-13T08:00:00-00:00,2021-11-13T09:00:00-00:00,2021-11-13,1,0,SLAP_PGSF-APND,SLAP_PGSF-APND,SLAP_PGSF-APND,DAM,MCL,LMP_LOSS_PRC,SLAP_PGSF-APND,ALL_APNODES,0,1.32764,64
2021-11-13T12:00:00-00:00,2021-11-13T13:00:00-00:00,2021-11-13,5,0,SLAP_PGSF-APND,SLAP_PGSF-APND,SLAP_PGSF-APND,DAM,MCL,LMP_LOSS_PRC,SLAP_PGSF-APND,ALL_APNODES,0,1.2376,64
2021-11-13T21:00:00-00:00,2021-11-13T22:00:00-00:00,2021-11-13,14,0,SLAP_PGSF-APND,SLAP_PGSF-APND,SLAP_PGSF-APND,DAM,MCL,LMP_LOSS_PRC,SLAP_PGSF-APND,ALL_APNODES,0,2.04491,64
2021-11-13T10:00:00-00:00,2021-11-13T11:00:00-00:00,2021-11-13,3,0,SLAP_PGSF-APND,SLAP_PGSF-APND,SLAP_PGSF-APND,DAM,MCL,LMP_LOSS_PRC,SLAP_PGSF-APND,ALL_APNODES,0,1.05178,64
2021-11-13T17:00:00-00:00,2021-11-13T18:00:00-00:00,2021-11-13,10,0,SLAP_PGSF-APND,SLAP_PGSF-APND,SLAP_PGSF-APND,DAM,MCL,LMP_LOSS_PRC,SLAP_PGSF-APND,ALL_APNODES,0,2.39937,64
2021-11-14T04:00:00-00:00,2021-11-14T05:00:00-00:00,2021-11-13,21,0,SLAP_PGSF-APND,SLAP_PGSF-APND,SLAP_PGSF-APND,DAM,MCL,LMP_LOSS_PRC,SLAP_PGSF-APND,ALL_APNODES,0,1.83196,64
2021-11-13T22:00:00-00:00,2021-11-13T23:00:00-00:00,2021-11-13,15,0,SLAP_PGSF-APND,SLAP_PGSF-APND,SLAP_PGSF-APND,DAM,MCL,LMP_LOSS_PRC,SLAP_PGSF-APND,ALL_APNODES,0,1.71366,64
2021-11-13T16:00:00-00:00,2021-11-13T17:00:00-00:00,2021-11-13,9,0,SLAP_PGSF-APND,SLAP_PGSF-APND,SLAP_PGSF-APND,DAM,MCL,LMP_LOSS_PRC,SLAP_PGSF-APND,ALL_APNODES,0,2.43441,64
2021-11-13T15:00:00-00:00,2021-11-13T16:00:00-00:00,2021-11-13,8,0,SLAP_PGSF-APND,SLAP_PGSF-APND,SLAP_PGSF-APND,DAM,MCL,LMP_LOSS_PRC,SLAP_PGSF-APND,ALL_APNODES,0,2.68265,64
2021-11-13T14:00:00-00:00,2021-11-13T15:00:00-00:00,2021-11-13,7,0,SLAP_PGSF-APND,SLAP_PGSF-APND,SLAP_PGSF-APND,DAM,MCL,LMP_LOSS_PRC,SLAP_PGSF-APND,ALL_APNODES,0,1.86229,64
2021-11-13T13:00:00-00:00,2021-11-13T14:00:00-00:00,2021-11-13,6,0,SLAP_PGSF-APND,SLAP_PGSF-APND,SLAP_PGSF-APND,DAM,MCL,LMP_LOSS_PRC,SLAP_PGSF-APND,ALL_APNODES,0,1.47132,64
2021-11-14T06:00:00-00:00,2021-11-14T07:00:00-00:00,2021-11-13,23,0,SLAP_PGSF-APND,SLAP_PGSF-APND,SLAP_PGSF-APND,DAM,MCL,LMP_LOSS_PRC,SLAP_PGSF-APND,ALL_APNODES,0,1.77422,64
2021-11-14T03:00:00-00:00,2021-11-14T04:00:00-00:00,2021-11-13,20,0,SLAP_PGSF-APND,SLAP_PGSF-APND,SLAP_PGSF-APND,DAM,MCL,LMP_LOSS_PRC,SLAP_PGSF-APND,ALL_APNODES,0,1.96315,64
2021-11-14T00:00:00-00:00,2021-11-14T01:00:00-00:00,2021-11-13,17,0,SLAP_PGSF-APND,SLAP_PGSF-APND,SLAP_PGSF-APND,DAM,MCL,LMP_LOSS_PRC,SLAP_PGSF-APND,ALL_APNODES,0,1.53292,64
2021-11-13T09:00:00-00:00,2021-11-13T10:00:00-00:00,2021-11-13,2,0,SLAP_PGSF-APND,SLAP_PGSF-APND,SLAP_PGSF-APND,DAM,MCL,LMP_LOSS_PRC,SLAP_PGSF-APND,ALL_APNODES,0,1.01612,64
2021-11-13T20:00:00-00:00,2021-11-13T21:00:00-00:00,2021-11-13,13,0,SLAP_PGSF-APND,SLAP_PGSF-APND,SLAP_PGSF-APND,DAM,MCL,LMP_LOSS_PRC,SLAP_PGSF-APND,ALL_APNODES,0,2.27437,64
2021-11-13T19:00:00-00:00,2021-11-13T20:00:00-00:00,2021-11-13,12,0,SLAP_PGSF-APND,SLAP_PGSF-APND,SLAP_PGSF-APND,DAM,MCL,LMP_LOSS_PRC,SLAP_PGSF-APND,ALL_APNODES,0,2.11312,64
2021-11-13T18:00:00-00:00,2021-11-13T19:00:00-00:00,2021-11-13,11,0,SLAP_PGSF-APND,SLAP_PGSF-APND,SLAP_PGSF-APND,DAM,MCL,LMP_LOSS_PRC,SLAP_PGSF-APND,ALL_APNODES,0,1.88442,64
2021-11-14T02:00:00-00:00,2021-11-14T03:00:00-00:00,2021-11-13,19,0,SLAP_PGSF-APND,SLAP_PGSF-APND,SLAP_PGSF-APND,DAM,MCL,LMP_LOSS_PRC,SLAP_PGSF-APND,ALL_APNODES,0,1.99143,64
2021-11-14T01:00:00-00:00,2021-11-14T02:00:00-00:00,2021-11-13,18,0,SLAP_PGSF-APND,SLAP_PGSF-APND,SLAP_PGSF-APND,DAM,MCL,LMP_LOSS_PRC,SLAP_PGSF-APND,ALL_APNODES,0,1.98557,64
2021-11-13T23:00:00-00:00,2021-11-14T00:00:00-00:00,2021-11-13,16,0,SLAP_PGSF-APND,SLAP_PGSF-APND,SLAP_PGSF-APND,DAM,MCL,LMP_LOSS_PRC,SLAP_PGSF-APND,ALL_APNODES,0,2.53291,64
2021-11-13T11:00:00-00:00,2021-11-13T12:00:00-00:00,2021-11-13,4,0,SLAP_PGSF-APND,SLAP_PGSF-APND,SLAP_PGSF-APND,DAM,MCL,LMP_LOSS_PRC,SLAP_PGSF-APND,ALL_APNODES,0,1.18728,64
2021-11-14T07:00:00-00:00,2021-11-14T08:00:00-00:00,2021-11-13,24,0,SLAP_PGSF-APND,SLAP_PGSF-APND,SLAP_PGSF-APND,DAM,MCL,LMP_LOSS_PRC,SLAP_PGSF-APND,ALL_APNODES,0,1.54264,64
2021-11-14T05:00:00-00:00,2021-11-14T06:00:00-00:00,2021-11-13,22,0,SLAP_PGSF-APND,SLAP_PGSF-APND,SLAP_PGSF-APND,DAM,MCL,LMP_LOSS_PRC,SLAP_PGSF-APND,ALL_APNODES,0,1.28362,64
2021-11-14T03:00:00-00:00,2021-11-14T04:00:00-00:00,2021-11-13,20,0,SLAP_PGSF-APND,SLAP_PGSF-APND,SLAP_PGSF-APND,DAM,MGHG,LMP_GHG_PRC,SLAP_PGSF-APND,ALL_APNODES,0,0,65
2021-11-13T17:00:00-00:00,2021-11-13T18:00:00-00:00,2021-11-13,10,0,SLAP_PGSF-APND,SLAP_PGSF-APND,SLAP_PGSF-APND,DAM,MGHG,LMP_GHG_PRC,SLAP_PGSF-APND,ALL_APNODES,0,0,65
2021-11-13T09:00:00-00:00,2021-11-13T10:00:00-00:00,2021-11-13,2,0,SLAP_PGSF-APND,SLAP_PGSF-APND,SLAP_PGSF-APND,DAM,MGHG,LMP_GHG_PRC,SLAP_PGSF-APND,ALL_APNODES,0,0,65
2021-11-13T11:00:00-00:00,2021-11-13T12:00:00-00:00,2021-11-13,4,0,SLAP_PGSF-APND,SLAP_PGSF-APND,SLAP_PGSF-APND,DAM,MGHG,LMP_GHG_PRC,SLAP_PGSF-APND,ALL_APNODES,0,0,65
2021-11-13T10:00:00-00:00,2021-11-13T11:00:00-00:00,2021-11-13,3,0,SLAP_PGSF-APND,SLAP_PGSF-APND,SLAP_PGSF-APND,DAM,MGHG,LMP_GHG_PRC,SLAP_PGSF-APND,ALL_APNODES,0,0,65
2021-11-13T20:00:00-00:00,2021-11-13T21:00:00-00:00,2021-11-13,13,0,SLAP_PGSF-APND,SLAP_PGSF-APND,SLAP_PGSF-APND,DAM,MGHG,LMP_GHG_PRC,SLAP_PGSF-APND,ALL_APNODES,0,0,65
2021-11-14T02:00:00-00:00,2021-11-14T03:00:00-00:00,2021-11-13,19,0,SLAP_PGSF-APND,SLAP_PGSF-APND,SLAP_PGSF-APND,DAM,MGHG,LMP_GHG_PRC,SLAP_PGSF-APND,ALL_APNODES,0,0,65
2021-11-13T19:00:00-00:00,2021-11-13T20:00:00-00:00,2021-11-13,12,0,SLAP_PGSF-APND,SLAP_PGSF-APND,SLAP_PGSF-APND,DAM,MGHG,LMP_GHG_PRC,SLAP_PGSF-APND,ALL_APNODES,0,0,65
2021-11-13T14:00:00-00:00,2021-11-13T15:00:00-00:00,2021-11-13,7,0,SLAP_PGSF-APND,SLAP_PGSF-APND,SLAP_PGSF-APND,DAM,MGHG,LMP_GHG_PRC,SLAP_PGSF-APND,ALL_APNODES,0,0,65
2021-11-13T16:00:00-00:00,2021-11-13T17:00:00-00:00,2021-11-13,9,0,SLAP_PGSF-APND,SLAP_PGSF-APND,SLAP_PGSF-APND,DAM,MGHG,LMP_GHG_PRC,SLAP_PGSF-APND,ALL_APNODES,0,0,65
2021-11-13T13:00:00-00:00,2021-11-13T14:00:00-00:00,2021-11-13,6,0,SLAP_PGSF-APND,SLAP_PGSF-APND,SLAP_PGSF-APND,DAM,MGHG,LMP_GHG_PRC,SLAP_PGSF-APND,ALL_APNODES,0,0,65
2021-11-14T07:00:00-00:00,2021-11-14T08:00:00-00:00,2021-11-13,24,0,SLAP_PGSF-APND,SLAP_PGSF-APND,SLAP_PGSF-APND,DAM,MGHG,LMP_GHG_PRC,SLAP_PGSF-APND,ALL_APNODES,0,0,65
2021-11-14T04:00:00-00:00,2021-11-14T05:00:00-00:00,2021-11-13,21,0,SLAP_PGSF-APND,SLAP_PGSF-APND,SLAP_PGSF-APND,DAM,MGHG,LMP_GHG_PRC,SLAP_PGSF-APND,ALL_APNODES,0,0,65
2021-11-14T05:00:00-00:00,2021-11-14T06:00:00-00:00,2021-11-13,22,0,SLAP_PGSF-APND,SLAP_PGSF-APND,SLAP_PGSF-APND,DAM,MGHG,LMP_GHG_PRC,SLAP_PGSF-APND,ALL_APNODES,0,0,65
2021-11-13T12:00:00-00:00,2021-11-13T13:00:00-00:00,2021-11-13,5,0,SLAP_PGSF-APND,SLAP_PGSF-APND,SLAP_PGSF-APND,DAM,MGHG,LMP_GHG_PRC,SLAP_PGSF-APND,ALL_APNODES,0,0,65
2021-11-13T21:00:00-00:00,2021-11-13T22:00:00-00:00,2021-11-13,14,0,SLAP_PGSF-APND,SLAP_PGSF-APND,SLAP_PGSF-APND,DAM,MGHG,LMP_GHG_PRC,SLAP_PGSF-APND,ALL_APNODES,0,0,65
2021-11-13T18:00:00-00:00,2021-11-13T19:00:00-00:00,2021-11-13,11,0,SLAP_PGSF-APND,SLAP_PGSF-APND,SLAP_PGSF-APND,DAM,MGHG,LMP_GHG_PRC,SLAP_PGSF-APND,ALL_APNODES,0,0,65
2021-11-13T22:00:00-00:00,2021-11-13T23:00:00-00:00,2021-11-13,15,0,SLAP_PGSF-APND,SLAP_PGSF-APND,SLAP_PGSF-APND,DAM,MGHG,LMP_GHG_PRC,SLAP_PGSF-APND,ALL_APNODES,0,0,65
2021-11-13T08:00:00-00:00,2021-11-13T09:00:00-00:00,2021-11-13,1,0,SLAP_PGSF-APND,SLAP_PGSF-APND,SLAP_PGSF-APND,DAM,MGHG,LMP_GHG_PRC,SLAP_PGSF-APND,ALL_APNODES,0,0,65
2021-11-14T06:00:00-00:00,2021-11-14T07:00:00-00:00,2021-11-13,23,0,SLAP_PGSF-APND,SLAP_PGSF-APND,SLAP_PGSF-APND,DAM,MGHG,LMP_GHG_PRC,SLAP_PGSF-APND,ALL_APNODES,0,0,65
2021-11-14T01:00:00-00:00,2021-11-14T02:00:00-00:00,2021-11-13,18,0,SLAP_PGSF-APND,SLAP_PGSF-APND,SLAP_PGSF-APND,DAM,MGHG,LMP_GHG_PRC,SLAP_PGSF-APND,ALL_APNODES,0,0,65
2021-11-14T00:00:00-00:00,2021-11-14T01:00:00-00:00,2021-11-13,17,0,SLAP_PGSF-APND,SLAP_PGSF-APND,SLAP_PGSF-APND,DAM,MGHG,LMP_GHG_PRC,SLAP_PGSF-APND,ALL_APNODES,0,0,65
2021-11-13T15:00:00-00:00,2021-11-13T16:00:00-00:00,2021-11-13,8,0,SLAP_PGSF-APND,SLAP_PGSF-APND,SLAP_PGSF-APND,DAM,MGHG,LMP_GHG_PRC,SLAP_PGSF-APND,ALL_APNODES,0,0,65
2021-11-13T23:00:00-00:00,2021-11-14T00:00:00-00:00,2021-11-13,16,0,SLAP_PGSF-APND,SLAP_PGSF-APND,SLAP_PGSF-APND,DAM,MGHG,LMP_GHG_PRC,SLAP_PGSF-APND,ALL_APNODES,0,0,65
2021-11-15T00:00:00-00:00,2021-11-15T01:00:00-00:00,2021-11-14,17,0,SLAP_PGSF-APND,SLAP_PGSF-APND,SLAP_PGSF-APND,DAM,LMP,LMP_PRC,SLAP_PGSF-APND,ALL_APNODES,0,81.08223,66
2021-11-14T23:00:00-00:00,2021-11-15T00:00:00-00:00,2021-11-14,16,0,SLAP_PGSF-APND,SLAP_PGSF-APND,SLAP_PGSF-APND,DAM,LMP,LMP_PRC,SLAP_PGSF-APND,ALL_APNODES,0,62.71013,66
2021-11-14T15:00:00-00:00,2021-11-14T16:00:00-00:00,2021-11-14,8,0,SLAP_PGSF-APND,SLAP_PGSF-APND,SLAP_PGSF-APND,DAM,LMP,LMP_PRC,SLAP_PGSF-APND,ALL_APNODES,0,52.81809,66
2021-11-15T05:00:00-00:00,2021-11-15T06:00:00-00:00,2021-11-14,22,0,SLAP_PGSF-APND,SLAP_PGSF-APND,SLAP_PGSF-APND,DAM,LMP,LMP_PRC,SLAP_PGSF-APND,ALL_APNODES,0,59.51656,66
2021-11-15T06:00:00-00:00,2021-11-15T07:00:00-00:00,2021-11-14,23,0,SLAP_PGSF-APND,SLAP_PGSF-APND,SLAP_PGSF-APND,DAM,LMP,LMP_PRC,SLAP_PGSF-APND,ALL_APNODES,0,55.54445,66
2021-11-15T07:00:00-00:00,2021-11-15T08:00:00-00:00,2021-11-14,24,0,SLAP_PGSF-APND,SLAP_PGSF-APND,SLAP_PGSF-APND,DAM,LMP,LMP_PRC,SLAP_PGSF-APND,ALL_APNODES,0,53.42829,66
2021-11-14T16:00:00-00:00,2021-11-14T17:00:00-00:00,2021-11-14,9,0,SLAP_PGSF-APND,SLAP_PGSF-APND,SLAP_PGSF-APND,DAM,LMP,LMP_PRC,SLAP_PGSF-APND,ALL_APNODES,0,50.72468,66
2021-11-14T18:00:00-00:00,2021-11-14T19:00:00-00:00,2021-11-14,11,0,SLAP_PGSF-APND,SLAP_PGSF-APND,SLAP_PGSF-APND,DAM,LMP,LMP_PRC,SLAP_PGSF-APND,ALL_APNODES,0,37.65102,66
2021-11-14T22:00:00-00:00,2021-11-14T23:00:00-00:00,2021-11-14,15,0,SLAP_PGSF-APND,SLAP_PGSF-APND,SLAP_PGSF-APND,DAM,LMP,LMP_PRC,SLAP_PGSF-APND,ALL_APNODES,0,39.89917,66
2021-11-15T03:00:00-00:00,2021-11-15T04:00:00-00:00,2021-11-14,20,0,SLAP_PGSF-APND,SLAP_PGSF-APND,SLAP_PGSF-APND,DAM,LMP,LMP_PRC,SLAP_PGSF-APND,ALL_APNODES,0,69.13617,66
2021-11-14T17:00:00-00:00,2021-11-14T18:00:00-00:00,2021-11-14,10,0,SLAP_PGSF-APND,SLAP_PGSF-APND,SLAP_PGSF-APND,DAM,LMP,LMP_PRC,SLAP_PGSF-APND,ALL_APNODES,0,46.41574,66
2021-11-14T19:00:00-00:00,2021-11-14T20:00:00-00:00,2021-11-14,12,0,SLAP_PGSF-APND,SLAP_PGSF-APND,SLAP_PGSF-APND,DAM,LMP,LMP_PRC,SLAP_PGSF-APND,ALL_APNODES,0,34.32197,66
2021-11-14T09:00:00-00:00,2021-11-14T10:00:00-00:00,2021-11-14,2,0,SLAP_PGSF-APND,SLAP_PGSF-APND,SLAP_PGSF-APND,DAM,LMP,LMP_PRC,SLAP_PGSF-APND,ALL_APNODES,0,52.99524,66
2021-11-14T11:00:00-00:00,2021-11-14T12:00:00-00:00,2021-11-14,4,0,SLAP_PGSF-APND,SLAP_PGSF-APND,SLAP_PGSF-APND,DAM,LMP,LMP_PRC,SLAP_PGSF-APND,ALL_APNODES,0,53.3425,66
2021-11-15T04:00:00-00:00,2021-11-15T05:00:00-00:00,2021-11-14,21,0,SLAP_PGSF-APND,SLAP_PGSF-APND,SLAP_PGSF-APND,DAM,LMP,LMP_PRC,SLAP_PGSF-APND,ALL_APNODES,0,64.90829,66
2021-11-14T13:00:00-00:00,2021-11-14T14:00:00-00:00,2021-11-14,6,0,SLAP_PGSF-APND,SLAP_PGSF-APND,SLAP_PGSF-APND,DAM,LMP,LMP_PRC,SLAP_PGSF-APND,ALL_APNODES,0,60.70412,66
2021-11-14T21:00:00-00:00,2021-11-14T22:00:00-00:00,2021-11-14,14,0,SLAP_PGSF-APND,SLAP_PGSF-APND,SLAP_PGSF-APND,DAM,LMP,LMP_PRC,SLAP_PGSF-APND,ALL_APNODES,0,35.43671,66
2021-11-14T10:00:00-00:00,2021-11-14T11:00:00-00:00,2021-11-14,3,0,SLAP_PGSF-APND,SLAP_PGSF-APND,SLAP_PGSF-APND,DAM,LMP,LMP_PRC,SLAP_PGSF-APND,ALL_APNODES,0,54.20066,66
2021-11-15T01:00:00-00:00,2021-11-15T02:00:00-00:00,2021-11-14,18,0,SLAP_PGSF-APND,SLAP_PGSF-APND,SLAP_PGSF-APND,DAM,LMP,LMP_PRC,SLAP_PGSF-APND,ALL_APNODES,0,97.30424,66
2021-11-15T02:00:00-00:00,2021-11-15T03:00:00-00:00,2021-11-14,19,0,SLAP_PGSF-APND,SLAP_PGSF-APND,SLAP_PGSF-APND,DAM,LMP,LMP_PRC,SLAP_PGSF-APND,ALL_APNODES,0,72.20888,66
2021-11-14T14:00:00-00:00,2021-11-14T15:00:00-00:00,2021-11-14,7,0,SLAP_PGSF-APND,SLAP_PGSF-APND,SLAP_PGSF-APND,DAM,LMP,LMP_PRC,SLAP_PGSF-APND,ALL_APNODES,0,62.28441,66
2021-11-14T20:00:00-00:00,2021-11-14T21:00:00-00:00,2021-11-14,13,0,SLAP_PGSF-APND,SLAP_PGSF-APND,SLAP_PGSF-APND,DAM,LMP,LMP_PRC,SLAP_PGSF-APND,ALL_APNODES,0,33.15472,66
2021-11-14T08:00:00-00:00,2021-11-14T09:00:00-00:00,2021-11-14,1,0,SLAP_PGSF-APND,SLAP_PGSF-APND,SLAP_PGSF-APND,DAM,LMP,LMP_PRC,SLAP_PGSF-APND,ALL_APNODES,0,53.91494,66
2021-11-14T12:00:00-00:00,2021-11-14T13:00:00-00:00,2021-11-14,5,0,SLAP_PGSF-APND,SLAP_PGSF-APND,SLAP_PGSF-APND,DAM,LMP,LMP_PRC,SLAP_PGSF-APND,ALL_APNODES,0,56.80975,66
2021-11-15T00:00:00-00:00,2021-11-15T01:00:00-00:00,2021-11-14,17,0,SLAP_PGSF-APND,SLAP_PGSF-APND,SLAP_PGSF-APND,DAM,MCC,LMP_CONG_PRC,SLAP_PGSF-APND,ALL_APNODES,0,0,67
2021-11-15T06:00:00-00:00,2021-11-15T07:00:00-00:00,2021-11-14,23,0,SLAP_PGSF-APND,SLAP_PGSF-APND,SLAP_PGSF-APND,DAM,MCC,LMP_CONG_PRC,SLAP_PGSF-APND,ALL_APNODES,0,0,67
2021-11-14T17:00:00-00:00,2021-11-14T18:00:00-00:00,2021-11-14,10,0,SLAP_PGSF-APND,SLAP_PGSF-APND,SLAP_PGSF-APND,DAM,MCC,LMP_CONG_PRC,SLAP_PGSF-APND,ALL_APNODES,0,13.97572,67
2021-11-14T09:00:00-00:00,2021-11-14T10:00:00-00:00,2021-11-14,2,0,SLAP_PGSF-APND,SLAP_PGSF-APND,SLAP_PGSF-APND,DAM,MCC,LMP_CONG_PRC,SLAP_PGSF-APND,ALL_APNODES,0,0,67
2021-11-15T04:00:00-00:00,2021-11-15T05:00:00-00:00,2021-11-14,21,0,SLAP_PGSF-APND,SLAP_PGSF-APND,SLAP_PGSF-APND,DAM,MCC,LMP_CONG_PRC,SLAP_PGSF-APND,ALL_APNODES,0,0,67
2021-11-14T19:00:00-00:00,2021-11-14T20:00:00-00:00,2021-11-14,12,0,SLAP_PGSF-APND,SLAP_PGSF-APND,SLAP_PGSF-APND,DAM,MCC,LMP_CONG_PRC,SLAP_PGSF-APND,ALL_APNODES,0,0.62605,67
2021-11-14T21:00:00-00:00,2021-11-14T22:00:00-00:00,2021-11-14,14,0,SLAP_PGSF-APND,SLAP_PGSF-APND,SLAP_PGSF-APND,DAM,MCC,LMP_CONG_PRC,SLAP_PGSF-APND,ALL_APNODES,0,-0.78524,67
2021-11-15T07:00:00-00:00,2021-11-15T08:00:00-00:00,2021-11-14,24,0,SLAP_PGSF-APND,SLAP_PGSF-APND,SLAP_PGSF-APND,DAM,MCC,LMP_CONG_PRC,SLAP_PGSF-APND,ALL_APNODES,0,0,67
2021-11-14T15:00:00-00:00,2021-11-14T16:00:00-00:00,2021-11-14,8,0,SLAP_PGSF-APND,SLAP_PGSF-APND,SLAP_PGSF-APND,DAM,MCC,LMP_CONG_PRC,SLAP_PGSF-APND,ALL_APNODES,0,3.93098,67
2021-11-14T20:00:00-00:00,2021-11-14T21:00:00-00:00,2021-11-14,13,0,SLAP_PGSF-APND,SLAP_PGSF-APND,SLAP_PGSF-APND,DAM,MCC,LMP_CONG_PRC,SLAP_PGSF-APND,ALL_APNODES,0,-0.47898,67
2021-11-14T11:00:00-00:00,2021-11-14T12:00:00-00:00,2021-11-14,4,0,SLAP_PGSF-APND,SLAP_PGSF-APND,SLAP_PGSF-APND,DAM,MCC,LMP_CONG_PRC,SLAP_PGSF-APND,ALL_APNODES,0,0,67
2021-11-15T02:00:00-00:00,2021-11-15T03:00:00-00:00,2021-11-14,19,0,SLAP_PGSF-APND,SLAP_PGSF-APND,SLAP_PGSF-APND,DAM,MCC,LMP_CONG_PRC,SLAP_PGSF-APND,ALL_APNODES,0,0,67
2021-11-14T22:00:00-00:00,2021-11-14T23:00:00-00:00,2021-11-14,15,0,SLAP_PGSF-APND,SLAP_PGSF-APND,SLAP_PGSF-APND,DAM,MCC,LMP_CONG_PRC,SLAP_PGSF-APND,ALL_APNODES,0,-1.22183,67
2021-11-14T12:00:00-00:00,2021-11-14T13:00:00-00:00,2021-11-14,5,0,SLAP_PGSF-APND,SLAP_PGSF-APND,SLAP_PGSF-APND,DAM,MCC,LMP_CONG_PRC,SLAP_PGSF-APND,ALL_APNODES,0,0,67
2021-11-14T16:00:00-00:00,2021-11-14T17:00:00-00:00,2021-11-14,9,0,SLAP_PGSF-APND,SLAP_PGSF-APND,SLAP_PGSF-APND,DAM,MCC,LMP_CONG_PRC,SLAP_PGSF-APND,ALL_APNODES,0,15.22306,67
2021-11-14T23:00:00-00:00,2021-11-15T00:00:00-00:00,2021-11-14,16,0,SLAP_PGSF-APND,SLAP_PGSF-APND,SLAP_PGSF-APND,DAM,MCC,LMP_CONG_PRC,SLAP_PGSF-APND,ALL_APNODES,0,0,67
2021-11-15T01:00:00-00:00,2021-11-15T02:00:00-00:00,2021-11-14,18,0,SLAP_PGSF-APND,SLAP_PGSF-APND,SLAP_PGSF-APND,DAM,MCC,LMP_CONG_PRC,SLAP_PGSF-APND,ALL_APNODES,0,0,67
2021-11-15T03:00:00-00:00,2021-11-15T04:00:00-00:00,2021-11-14,20,0,SLAP_PGSF-APND,SLAP_PGSF-APND,SLAP_PGSF-APND,DAM,MCC,LMP_CONG_PRC,SLAP_PGSF-APND,ALL_APNODES,0,0,67
2021-11-14T13:00:00-00:00,2021-11-14T14:00:00-00:00,2021-11-14,6,0,SLAP_PGSF-APND,SLAP_PGSF-APND,SLAP_PGSF-APND,DAM,MCC,LMP_CONG_PRC,SLAP_PGSF-APND,ALL_APNODES,0,0,67
2021-11-14T08:00:00-00:00,2021-11-14T09:00:00-00:00,2021-11-14,1,0,SLAP_PGSF-APND,SLAP_PGSF-APND,SLAP_PGSF-APND,DAM,MCC,LMP_CONG_PRC,SLAP_PGSF-APND,ALL_APNODES,0,0,67
2021-11-15T05:00:00-00:00,2021-11-15T06:00:00-00:00,2021-11-14,22,0,SLAP_PGSF-APND,SLAP_PGSF-APND,SLAP_PGSF-APND,DAM,MCC,LMP_CONG_PRC,SLAP_PGSF-APND,ALL_APNODES,0,0,67
2021-11-14T14:00:00-00:00,2021-11-14T15:00:00-00:00,2021-11-14,7,0,SLAP_PGSF-APND,SLAP_PGSF-APND,SLAP_PGSF-APND,DAM,MCC,LMP_CONG_PRC,SLAP_PGSF-APND,ALL_APNODES,0,-0.03109,67
2021-11-14T18:00:00-00:00,2021-11-14T19:00:00-00:00,2021-11-14,11,0,SLAP_PGSF-APND,SLAP_PGSF-APND,SLAP_PGSF-APND,DAM,MCC,LMP_CONG_PRC,SLAP_PGSF-APND,ALL_APNODES,0,7.8159,67
2021-11-14T10:00:00-00:00,2021-11-14T11:00:00-00:00,2021-11-14,3,0,SLAP_PGSF-APND,SLAP_PGSF-APND,SLAP_PGSF-APND,DAM,MCC,LMP_CONG_PRC,SLAP_PGSF-APND,ALL_APNODES,0,0,67
2021-11-14T22:00:00-00:00,2021-11-14T23:00:00-00:00,2021-11-14,15,0,SLAP_PGSF-APND,SLAP_PGSF-APND,SLAP_PGSF-APND,DAM,MCE,LMP_ENE_PRC,SLAP_PGSF-APND,ALL_APNODES,0,38.74223,68
2021-11-14T08:00:00-00:00,2021-11-14T09:00:00-00:00,2021-11-14,1,0,SLAP_PGSF-APND,SLAP_PGSF-APND,SLAP_PGSF-APND,DAM,MCE,LMP_ENE_PRC,SLAP_PGSF-APND,ALL_APNODES,0,51.74675,68
2021-11-14T11:00:00-00:00,2021-11-14T12:00:00-00:00,2021-11-14,4,0,SLAP_PGSF-APND,SLAP_PGSF-APND,SLAP_PGSF-APND,DAM,MCE,LMP_ENE_PRC,SLAP_PGSF-APND,ALL_APNODES,0,51.09924,68
2021-11-14T09:00:00-00:00,2021-11-14T10:00:00-00:00,2021-11-14,2,0,SLAP_PGSF-APND,SLAP_PGSF-APND,SLAP_PGSF-APND,DAM,MCE,LMP_ENE_PRC,SLAP_PGSF-APND,ALL_APNODES,0,50.72771,68
2021-11-14T13:00:00-00:00,2021-11-14T14:00:00-00:00,2021-11-14,6,0,SLAP_PGSF-APND,SLAP_PGSF-APND,SLAP_PGSF-APND,DAM,MCE,LMP_ENE_PRC,SLAP_PGSF-APND,ALL_APNODES,0,57.97357,68
2021-11-15T07:00:00-00:00,2021-11-15T08:00:00-00:00,2021-11-14,24,0,SLAP_PGSF-APND,SLAP_PGSF-APND,SLAP_PGSF-APND,DAM,MCE,LMP_ENE_PRC,SLAP_PGSF-APND,ALL_APNODES,0,51.70647,68
2021-11-15T05:00:00-00:00,2021-11-15T06:00:00-00:00,2021-11-14,22,0,SLAP_PGSF-APND,SLAP_PGSF-APND,SLAP_PGSF-APND,DAM,MCE,LMP_ENE_PRC,SLAP_PGSF-APND,ALL_APNODES,0,57.39302,68
2021-11-15T01:00:00-00:00,2021-11-15T02:00:00-00:00,2021-11-14,18,0,SLAP_PGSF-APND,SLAP_PGSF-APND,SLAP_PGSF-APND,DAM,MCE,LMP_ENE_PRC,SLAP_PGSF-APND,ALL_APNODES,0,93.62479,68
2021-11-15T04:00:00-00:00,2021-11-15T05:00:00-00:00,2021-11-14,21,0,SLAP_PGSF-APND,SLAP_PGSF-APND,SLAP_PGSF-APND,DAM,MCE,LMP_ENE_PRC,SLAP_PGSF-APND,ALL_APNODES,0,62.76184,68
2021-11-15T02:00:00-00:00,2021-11-15T03:00:00-00:00,2021-11-14,19,0,SLAP_PGSF-APND,SLAP_PGSF-APND,SLAP_PGSF-APND,DAM,MCE,LMP_ENE_PRC,SLAP_PGSF-APND,ALL_APNODES,0,69.51182,68
2021-11-15T00:00:00-00:00,2021-11-15T01:00:00-00:00,2021-11-14,17,0,SLAP_PGSF-APND,SLAP_PGSF-APND,SLAP_PGSF-APND,DAM,MCE,LMP_ENE_PRC,SLAP_PGSF-APND,ALL_APNODES,0,78.76649,68
2021-11-14T10:00:00-00:00,2021-11-14T11:00:00-00:00,2021-11-14,3,0,SLAP_PGSF-APND,SLAP_PGSF-APND,SLAP_PGSF-APND,DAM,MCE,LMP_ENE_PRC,SLAP_PGSF-APND,ALL_APNODES,0,52.06096,68
2021-11-14T21:00:00-00:00,2021-11-14T22:00:00-00:00,2021-11-14,14,0,SLAP_PGSF-APND,SLAP_PGSF-APND,SLAP_PGSF-APND,DAM,MCE,LMP_ENE_PRC,SLAP_PGSF-APND,ALL_APNODES,0,33.77022,68
2021-11-14T18:00:00-00:00,2021-11-14T19:00:00-00:00,2021-11-14,11,0,SLAP_PGSF-APND,SLAP_PGSF-APND,SLAP_PGSF-APND,DAM,MCE,LMP_ENE_PRC,SLAP_PGSF-APND,ALL_APNODES,0,27.75102,68
2021-11-14T15:00:00-00:00,2021-11-14T16:00:00-00:00,2021-11-14,8,0,SLAP_PGSF-APND,SLAP_PGSF-APND,SLAP_PGSF-APND,DAM,MCE,LMP_ENE_PRC,SLAP_PGSF-APND,ALL_APNODES,0,45.5654,68
2021-11-14T14:00:00-00:00,2021-11-14T15:00:00-00:00,2021-11-14,7,0,SLAP_PGSF-APND,SLAP_PGSF-APND,SLAP_PGSF-APND,DAM,MCE,LMP_ENE_PRC,SLAP_PGSF-APND,ALL_APNODES,0,58.40801,68
2021-11-15T06:00:00-00:00,2021-11-15T07:00:00-00:00,2021-11-14,23,0,SLAP_PGSF-APND,SLAP_PGSF-APND,SLAP_PGSF-APND,DAM,MCE,LMP_ENE_PRC,SLAP_PGSF-APND,ALL_APNODES,0,53.66613,68
2021-11-14T12:00:00-00:00,2021-11-14T13:00:00-00:00,2021-11-14,5,0,SLAP_PGSF-APND,SLAP_PGSF-APND,SLAP_PGSF-APND,DAM,MCE,LMP_ENE_PRC,SLAP_PGSF-APND,ALL_APNODES,0,54.41026,68
2021-11-14T20:00:00-00:00,2021-11-14T21:00:00-00:00,2021-11-14,13,0,SLAP_PGSF-APND,SLAP_PGSF-APND,SLAP_PGSF-APND,DAM,MCE,LMP_ENE_PRC,SLAP_PGSF-APND,ALL_APNODES,0,31.19431,68
2021-11-14T17:00:00-00:00,2021-11-14T18:00:00-00:00,2021-11-14,10,0,SLAP_PGSF-APND,SLAP_PGSF-APND,SLAP_PGSF-APND,DAM,MCE,LMP_ENE_PRC,SLAP_PGSF-APND,ALL_APNODES,0,30.44582,68
2021-11-14T16:00:00-00:00,2021-11-14T17:00:00-00:00,2021-11-14,9,0,SLAP_PGSF-APND,SLAP_PGSF-APND,SLAP_PGSF-APND,DAM,MCE,LMP_ENE_PRC,SLAP_PGSF-APND,ALL_APNODES,0,33.41644,68
2021-11-15T03:00:00-00:00,2021-11-15T04:00:00-00:00,2021-11-14,20,0,SLAP_PGSF-APND,SLAP_PGSF-APND,SLAP_PGSF-APND,DAM,MCE,LMP_ENE_PRC,SLAP_PGSF-APND,ALL_APNODES,0,66.76597,68
2021-11-14T23:00:00-00:00,2021-11-15T00:00:00-00:00,2021-11-14,16,0,SLAP_PGSF-APND,SLAP_PGSF-APND,SLAP_PGSF-APND,DAM,MCE,LMP_ENE_PRC,SLAP_PGSF-APND,ALL_APNODES,0,60.14784,68
2021-11-14T19:00:00-00:00,2021-11-14T20:00:00-00:00,2021-11-14,12,0,SLAP_PGSF-APND,SLAP_PGSF-APND,SLAP_PGSF-APND,DAM,MCE,LMP_ENE_PRC,SLAP_PGSF-APND,ALL_APNODES,0,31.2086,68
2021-11-14T16:00:00-00:00,2021-11-14T17:00:00-00:00,2021-11-14,9,0,SLAP_PGSF-APND,SLAP_PGSF-APND,SLAP_PGSF-APND,DAM,MCL,LMP_LOSS_PRC,SLAP_PGSF-APND,ALL_APNODES,0,2.08519,69
2021-11-15T06:00:00-00:00,2021-11-15T07:00:00-00:00,2021-11-14,23,0,SLAP_PGSF-APND,SLAP_PGSF-APND,SLAP_PGSF-APND,DAM,MCL,LMP_LOSS_PRC,SLAP_PGSF-APND,ALL_APNODES,0,1.87831,69
2021-11-15T02:00:00-00:00,2021-11-15T03:00:00-00:00,2021-11-14,19,0,SLAP_PGSF-APND,SLAP_PGSF-APND,SLAP_PGSF-APND,DAM,MCL,LMP_LOSS_PRC,SLAP_PGSF-APND,ALL_APNODES,0,2.69706,69
2021-11-15T00:00:00-00:00,2021-11-15T01:00:00-00:00,2021-11-14,17,0,SLAP_PGSF-APND,SLAP_PGSF-APND,SLAP_PGSF-APND,DAM,MCL,LMP_LOSS_PRC,SLAP_PGSF-APND,ALL_APNODES,0,2.31573,69
2021-11-14T08:00:00-00:00,2021-11-14T09:00:00-00:00,2021-11-14,1,0,SLAP_PGSF-APND,SLAP_PGSF-APND,SLAP_PGSF-APND,DAM,MCL,LMP_LOSS_PRC,SLAP_PGSF-APND,ALL_APNODES,0,2.16819,69
2021-11-14T20:00:00-00:00,2021-11-14T21:00:00-00:00,2021-11-14,13,0,SLAP_PGSF-APND,SLAP_PGSF-APND,SLAP_PGSF-APND,DAM,MCL,LMP_LOSS_PRC,SLAP_PGSF-APND,ALL_APNODES,0,2.43939,69
2021-11-14T17:00:00-00:00,2021-11-14T18:00:00-00:00,2021-11-14,10,0,SLAP_PGSF-APND,SLAP_PGSF-APND,SLAP_PGSF-APND,DAM,MCL,LMP_LOSS_PRC,SLAP_PGSF-APND,ALL_APNODES,0,1.9942,69
2021-11-14T15:00:00-00:00,2021-11-14T16:00:00-00:00,2021-11-14,8,0,SLAP_PGSF-APND,SLAP_PGSF-APND,SLAP_PGSF-APND,DAM,MCL,LMP_LOSS_PRC,SLAP_PGSF-APND,ALL_APNODES,0,3.32172,69
2021-11-14T12:00:00-00:00,2021-11-14T13:00:00-00:00,2021-11-14,5,0,SLAP_PGSF-APND,SLAP_PGSF-APND,SLAP_PGSF-APND,DAM,MCL,LMP_LOSS_PRC,SLAP_PGSF-APND,ALL_APNODES,0,2.39949,69
2021-11-14T21:00:00-00:00,2021-11-14T22:00:00-00:00,2021-11-14,14,0,SLAP_PGSF-APND,SLAP_PGSF-APND,SLAP_PGSF-APND,DAM,MCL,LMP_LOSS_PRC,SLAP_PGSF-APND,ALL_APNODES,0,2.45172,69
2021-11-14T18:00:00-00:00,2021-11-14T19:00:00-00:00,2021-11-14,11,0,SLAP_PGSF-APND,SLAP_PGSF-APND,SLAP_PGSF-APND,DAM,MCL,LMP_LOSS_PRC,SLAP_PGSF-APND,ALL_APNODES,0,2.0841,69
2021-11-15T07:00:00-00:00,2021-11-15T08:00:00-00:00,2021-11-14,24,0,SLAP_PGSF-APND,SLAP_PGSF-APND,SLAP_PGSF-APND,DAM,MCL,LMP_LOSS_PRC,SLAP_PGSF-APND,ALL_APNODES,0,1.72183,69
2021-11-14T09:00:00-00:00,2021-11-14T10:00:00-00:00,2021-11-14,2,0,SLAP_PGSF-APND,SLAP_PGSF-APND,SLAP_PGSF-APND,DAM,MCL,LMP_LOSS_PRC,SLAP_PGSF-APND,ALL_APNODES,0,2.26753,69
2021-11-15T05:00:00-00:00,2021-11-15T06:00:00-00:00,2021-11-14,22,0,SLAP_PGSF-APND,SLAP_PGSF-APND,SLAP_PGSF-APND,DAM,MCL,LMP_LOSS_PRC,SLAP_PGSF-APND,ALL_APNODES,0,2.12354,69
2021-11-15T03:00:00-00:00,2021-11-15T04:00:00-00:00,2021-11-14,20,0,SLAP_PGSF-APND,SLAP_PGSF-APND,SLAP_PGSF-APND,DAM,MCL,LMP_LOSS_PRC,SLAP_PGSF-APND,ALL_APNODES,0,2.37019,69
2021-11-14T23:00:00-00:00,2021-11-15T00:00:00-00:00,2021-11-14,16,0,SLAP_PGSF-APND,SLAP_PGSF-APND,SLAP_PGSF-APND,DAM,MCL,LMP_LOSS_PRC,SLAP_PGSF-APND,ALL_APNODES,0,2.5623,69
2021-11-14T14:00:00-00:00,2021-11-14T15:00:00-00:00,2021-11-14,7,0,SLAP_PGSF-APND,SLAP_PGSF-APND,SLAP_PGSF-APND,DAM,MCL,LMP_LOSS_PRC,SLAP_PGSF-APND,ALL_APNODES,0,3.9075,69
2021-11-14T11:00:00-00:00,2021-11-14T12:00:00-00:00,2021-11-14,4,0,SLAP_PGSF-APND,SLAP_PGSF-APND,SLAP_PGSF-APND,DAM,MCL,LMP_LOSS_PRC,SLAP_PGSF-APND,ALL_APNODES,0,2.24326,69
2021-11-14T10:00:00-00:00,2021-11-14T11:00:00-00:00,2021-11-14,3,0,SLAP_PGSF-APND,SLAP_PGSF-APND,SLAP_PGSF-APND,DAM,MCL,LMP_LOSS_PRC,SLAP_PGSF-APND,ALL_APNODES,0,2.13971,69
2021-11-14T22:00:00-00:00,2021-11-14T23:00:00-00:00,2021-11-14,15,0,SLAP_PGSF-APND,SLAP_PGSF-APND,SLAP_PGSF-APND,DAM,MCL,LMP_LOSS_PRC,SLAP_PGSF-APND,ALL_APNODES,0,2.37877,69
2021-11-14T13:00:00-00:00,2021-11-14T14:00:00-00:00,2021-11-14,6,0,SLAP_PGSF-APND,SLAP_PGSF-APND,SLAP_PGSF-APND,DAM,MCL,LMP_LOSS_PRC,SLAP_PGSF-APND,ALL_APNODES,0,2.73056,69
2021-11-14T19:00:00-00:00,2021-11-14T20:00:00-00:00,2021-11-14,12,0,SLAP_PGSF-APND,SLAP_PGSF-APND,SLAP_PGSF-APND,DAM,MCL,LMP_LOSS_PRC,SLAP_PGSF-APND,ALL_APNODES,0,2.48733,69
2021-11-15T04:00:00-00:00,2021-11-15T05:00:00-00:00,2021-11-14,21,0,SLAP_PGSF-APND,SLAP_PGSF-APND,SLAP_PGSF-APND,DAM,MCL,LMP_LOSS_PRC,SLAP_PGSF-APND,ALL_APNODES,0,2.14645,69
2021-11-15T01:00:00-00:00,2021-11-15T02:00:00-00:00,2021-11-14,18,0,SLAP_PGSF-APND,SLAP_PGSF-APND,SLAP_PGSF-APND,DAM,MCL,LMP_LOSS_PRC,SLAP_PGSF-APND,ALL_APNODES,0,3.67945,69
2021-11-15T01:00:00-00:00,2021-11-15T02:00:00-00:00,2021-11-14,18,0,SLAP_PGSF-APND,SLAP_PGSF-APND,SLAP_PGSF-APND,DAM,MGHG,LMP_GHG_PRC,SLAP_PGSF-APND,ALL_APNODES,0,0,70
2021-11-14T08:00:00-00:00,2021-11-14T09:00:00-00:00,2021-11-14,1,0,SLAP_PGSF-APND,SLAP_PGSF-APND,SLAP_PGSF-APND,DAM,MGHG,LMP_GHG_PRC,SLAP_PGSF-APND,ALL_APNODES,0,0,70
2021-11-14T17:00:00-00:00,2021-11-14T18:00:00-00:00,2021-11-14,10,0,SLAP_PGSF-APND,SLAP_PGSF-APND,SLAP_PGSF-APND,DAM,MGHG,LMP_GHG_PRC,SLAP_PGSF-APND,ALL_APNODES,0,0,70
2021-11-15T05:00:00-00:00,2021-11-15T06:00:00-00:00,2021-11-14,22,0,SLAP_PGSF-APND,SLAP_PGSF-APND,SLAP_PGSF-APND,DAM,MGHG,LMP_GHG_PRC,SLAP_PGSF-APND,ALL_APNODES,0,0,70
2021-11-15T06:00:00-00:00,2021-11-15T07:00:00-00:00,2021-11-14,23,0,SLAP_PGSF-APND,SLAP_PGSF-APND,SLAP_PGSF-APND,DAM,MGHG,LMP_GHG_PRC,SLAP_PGSF-APND,ALL_APNODES,0,0,70
2021-11-14T14:00:00-00:00,2021-11-14T15:00:00-00:00,2021-11-14,7,0,SLAP_PGSF-APND,SLAP_PGSF-APND,SLAP_PGSF-APND,DAM,MGHG,LMP_GHG_PRC,SLAP_PGSF-APND,ALL_APNODES,0,0,70
2021-11-14T20:00:00-00:00,2021-11-14T21:00:00-00:00,2021-11-14,13,0,SLAP_PGSF-APND,SLAP_PGSF-APND,SLAP_PGSF-APND,DAM,MGHG,LMP_GHG_PRC,SLAP_PGSF-APND,ALL_APNODES,0,0,70
2021-11-14T09:00:00-00:00,2021-11-14T10:00:00-00:00,2021-11-14,2,0,SLAP_PGSF-APND,SLAP_PGSF-APND,SLAP_PGSF-APND,DAM,MGHG,LMP_GHG_PRC,SLAP_PGSF-APND,ALL_APNODES,0,0,70
2021-11-15T00:00:00-00:00,2021-11-15T01:00:00-00:00,2021-11-14,17,0,SLAP_PGSF-APND,SLAP_PGSF-APND,SLAP_PGSF-APND,DAM,MGHG,LMP_GHG_PRC,SLAP_PGSF-APND,ALL_APNODES,0,0,70
2021-11-15T07:00:00-00:00,2021-11-15T08:00:00-00:00,2021-11-14,24,0,SLAP_PGSF-APND,SLAP_PGSF-APND,SLAP_PGSF-APND,DAM,MGHG,LMP_GHG_PRC,SLAP_PGSF-APND,ALL_APNODES,0,0,70
2021-11-14T12:00:00-00:00,2021-11-14T13:00:00-00:00,2021-11-14,5,0,SLAP_PGSF-APND,SLAP_PGSF-APND,SLAP_PGSF-APND,DAM,MGHG,LMP_GHG_PRC,SLAP_PGSF-APND,ALL_APNODES,0,0,70
2021-11-14T16:00:00-00:00,2021-11-14T17:00:00-00:00,2021-11-14,9,0,SLAP_PGSF-APND,SLAP_PGSF-APND,SLAP_PGSF-APND,DAM,MGHG,LMP_GHG_PRC,SLAP_PGSF-APND,ALL_APNODES,0,0,70
2021-11-14T23:00:00-00:00,2021-11-15T00:00:00-00:00,2021-11-14,16,0,SLAP_PGSF-APND,SLAP_PGSF-APND,SLAP_PGSF-APND,DAM,MGHG,LMP_GHG_PRC,SLAP_PGSF-APND,ALL_APNODES,0,0,70
2021-11-15T02:00:00-00:00,2021-11-15T03:00:00-00:00,2021-11-14,19,0,SLAP_PGSF-APND,SLAP_PGSF-APND,SLAP_PGSF-APND,DAM,MGHG,LMP_GHG_PRC,SLAP_PGSF-APND,ALL_APNODES,0,0,70
2021-11-14T18:00:00-00:00,2021-11-14T19:00:00-00:00,2021-11-14,11,0,SLAP_PGSF-APND,SLAP_PGSF-APND,SLAP_PGSF-APND,DAM,MGHG,LMP_GHG_PRC,SLAP_PGSF-APND,ALL_APNODES,0,0,70
2021-11-14T19:00:00-00:00,2021-11-14T20:00:00-00:00,2021-11-14,12,0,SLAP_PGSF-APND,SLAP_PGSF-APND,SLAP_PGSF-APND,DAM,MGHG,LMP_GHG_PRC,SLAP_PGSF-APND,ALL_APNODES,0,0,70
2021-11-14T11:00:00-00:00,2021-11-14T12:00:00-00:00,2021-11-14,4,0,SLAP_PGSF-APND,SLAP_PGSF-APND,SLAP_PGSF-APND,DAM,MGHG,LMP_GHG_PRC,SLAP_PGSF-APND,ALL_APNODES,0,0,70
2021-11-15T04:00:00-00:00,2021-11-15T05:00:00-00:00,2021-11-14,21,0,SLAP_PGSF-APND,SLAP_PGSF-APND,SLAP_PGSF-APND,DAM,MGHG,LMP_GHG_PRC,SLAP_PGSF-APND,ALL_APNODES,0,0,70
2021-11-14T15:00:00-00:00,2021-11-14T16:00:00-00:00,2021-11-14,8,0,SLAP_PGSF-APND,SLAP_PGSF-APND,SLAP_PGSF-APND,DAM,MGHG,LMP_GHG_PRC,SLAP_PGSF-APND,ALL_APNODES,0,0,70
2021-11-14T10:00:00-00:00,2021-11-14T11:00:00-00:00,2021-11-14,3,0,SLAP_PGSF-APND,SLAP_PGSF-APND,SLAP_PGSF-APND,DAM,MGHG,LMP_GHG_PRC,SLAP_PGSF-APND,ALL_APNODES,0,0,70
2021-11-14T13:00:00-00:00,2021-11-14T14:00:00-00:00,2021-11-14,6,0,SLAP_PGSF-APND,SLAP_PGSF-APND,SLAP_PGSF-APND,DAM,MGHG,LMP_GHG_PRC,SLAP_PGSF-APND,ALL_APNODES,0,0,70
2021-11-14T21:00:00-00:00,2021-11-14T22:00:00-00:00,2021-11-14,14,0,SLAP_PGSF-APND,SLAP_PGSF-APND,SLAP_PGSF-APND,DAM,MGHG,LMP_GHG_PRC,SLAP_PGSF-APND,ALL_APNODES,0,0,70
2021-11-14T22:00:00-00:00,2021-11-14T23:00:00-00:00,2021-11-14,15,0,SLAP_PGSF-APND,SLAP_PGSF-APND,SLAP_PGSF-APND,DAM,MGHG,LMP_GHG_PRC,SLAP_PGSF-APND,ALL_APNODES,0,0,70
2021-11-15T03:00:00-00:00,2021-11-15T04:00:00-00:00,2021-11-14,20,0,SLAP_PGSF-APND,SLAP_PGSF-APND,SLAP_PGSF-APND,DAM,MGHG,LMP_GHG_PRC,SLAP_PGSF-APND,ALL_APNODES,0,0,70
2021-11-15T19:00:00-00:00,2021-11-15T20:00:00-00:00,2021-11-15,12,0,SLAP_PGSF-APND,SLAP_PGSF-APND,SLAP_PGSF-APND,DAM,LMP,LMP_PRC,SLAP_PGSF-APND,ALL_APNODES,0,55.08429,71
2021-11-15T16:00:00-00:00,2021-11-15T17:00:00-00:00,2021-11-15,9,0,SLAP_PGSF-APND,SLAP_PGSF-APND,SLAP_PGSF-APND,DAM,LMP,LMP_PRC,SLAP_PGSF-APND,ALL_APNODES,0,56.31464,71
2021-11-15T15:00:00-00:00,2021-11-15T16:00:00-00:00,2021-11-15,8,0,SLAP_PGSF-APND,SLAP_PGSF-APND,SLAP_PGSF-APND,DAM,LMP,LMP_PRC,SLAP_PGSF-APND,ALL_APNODES,0,60.79252,71
2021-11-15T18:00:00-00:00,2021-11-15T19:00:00-00:00,2021-11-15,11,0,SLAP_PGSF-APND,SLAP_PGSF-APND,SLAP_PGSF-APND,DAM,LMP,LMP_PRC,SLAP_PGSF-APND,ALL_APNODES,0,51.71058,71
2021-11-15T10:00:00-00:00,2021-11-15T11:00:00-00:00,2021-11-15,3,0,SLAP_PGSF-APND,SLAP_PGSF-APND,SLAP_PGSF-APND,DAM,LMP,LMP_PRC,SLAP_PGSF-APND,ALL_APNODES,0,50.50474,71
2021-11-15T11:00:00-00:00,2021-11-15T12:00:00-00:00,2021-11-15,4,0,SLAP_PGSF-APND,SLAP_PGSF-APND,SLAP_PGSF-APND,DAM,LMP,LMP_PRC,SLAP_PGSF-APND,ALL_APNODES,0,50.22909,71
2021-11-16T01:00:00-00:00,2021-11-16T02:00:00-00:00,2021-11-15,18,0,SLAP_PGSF-APND,SLAP_PGSF-APND,SLAP_PGSF-APND,DAM,LMP,LMP_PRC,SLAP_PGSF-APND,ALL_APNODES,0,125.25829,71
2021-11-16T02:00:00-00:00,2021-11-16T03:00:00-00:00,2021-11-15,19,0,SLAP_PGSF-APND,SLAP_PGSF-APND,SLAP_PGSF-APND,DAM,LMP,LMP_PRC,SLAP_PGSF-APND,ALL_APNODES,0,89.01999,71
2021-11-15T14:00:00-00:00,2021-11-15T15:00:00-00:00,2021-11-15,7,0,SLAP_PGSF-APND,SLAP_PGSF-APND,SLAP_PGSF-APND,DAM,LMP,LMP_PRC,SLAP_PGSF-APND,ALL_APNODES,0,74.17474,71
2021-11-16T06:00:00-00:00,2021-11-16T07:00:00-00:00,2021-11-15,23,0,SLAP_PGSF-APND,SLAP_PGSF-APND,SLAP_PGSF-APND,DAM,LMP,LMP_PRC,SLAP_PGSF-APND,ALL_APNODES,0,58.16573,71
2021-11-15T12:00:00-00:00,2021-11-15T13:00:00-00:00,2021-11-15,5,0,SLAP_PGSF-APND,SLAP_PGSF-APND,SLAP_PGSF-APND,DAM,LMP,LMP_PRC,SLAP_PGSF-APND,ALL_APNODES,0,52.79691,71
2021-11-15T21:00:00-00:00,2021-11-15T22:00:00-00:00,2021-11-15,14,0,SLAP_PGSF-APND,SLAP_PGSF-APND,SLAP_PGSF-APND,DAM,LMP,LMP_PRC,SLAP_PGSF-APND,ALL_APNODES,0,54.88702,71
2021-11-16T03:00:00-00:00,2021-11-16T04:00:00-00:00,2021-11-15,20,0,SLAP_PGSF-APND,SLAP_PGSF-APND,SLAP_PGSF-APND,DAM,LMP,LMP_PRC,SLAP_PGSF-APND,ALL_APNODES,0,73.9444,71
2021-11-15T13:00:00-00:00,2021-11-15T14:00:00-00:00,2021-11-15,6,0,SLAP_PGSF-APND,SLAP_PGSF-APND,SLAP_PGSF-APND,DAM,LMP,LMP_PRC,SLAP_PGSF-APND,ALL_APNODES,0,62.24384,71
2021-11-15T17:00:00-00:00,2021-11-15T18:00:00-00:00,2021-11-15,10,0,SLAP_PGSF-APND,SLAP_PGSF-APND,SLAP_PGSF-APND,DAM,LMP,LMP_PRC,SLAP_PGSF-APND,ALL_APNODES,0,52.8036,71
2021-11-16T04:00:00-00:00,2021-11-16T05:00:00-00:00,2021-11-15,21,0,SLAP_PGSF-APND,SLAP_PGSF-APND,SLAP_PGSF-APND,DAM,LMP,LMP_PRC,SLAP_PGSF-APND,ALL_APNODES,0,70.52553,71
2021-11-15T08:00:00-00:00,2021-11-15T09:00:00-00:00,2021-11-15,1,0,SLAP_PGSF-APND,SLAP_PGSF-APND,SLAP_PGSF-APND,DAM,LMP,LMP_PRC,SLAP_PGSF-APND,ALL_APNODES,0,51.57826,71
2021-11-16T07:00:00-00:00,2021-11-16T08:00:00-00:00,2021-11-15,24,0,SLAP_PGSF-APND,SLAP_PGSF-APND,SLAP_PGSF-APND,DAM,LMP,LMP_PRC,SLAP_PGSF-APND,ALL_APNODES,0,56.31354,71
2021-11-15T20:00:00-00:00,2021-11-15T21:00:00-00:00,2021-11-15,13,0,SLAP_PGSF-APND,SLAP_PGSF-APND,SLAP_PGSF-APND,DAM,LMP,LMP_PRC,SLAP_PGSF-APND,ALL_APNODES,0,54.76673,71
2021-11-15T22:00:00-00:00,2021-11-15T23:00:00-00:00,2021-11-15,15,0,SLAP_PGSF-APND,SLAP_PGSF-APND,SLAP_PGSF-APND,DAM,LMP,LMP_PRC,SLAP_PGSF-APND,ALL_APNODES,0,55.53581,71
2021-11-15T09:00:00-00:00,2021-11-15T10:00:00-00:00,2021-11-15,2,0,SLAP_PGSF-APND,SLAP_PGSF-APND,SLAP_PGSF-APND,DAM,LMP,LMP_PRC,SLAP_PGSF-APND,ALL_APNODES,0,51.30138,71
2021-11-16T00:00:00-00:00,2021-11-16T01:00:00-00:00,2021-11-15,17,0,SLAP_PGSF-APND,SLAP_PGSF-APND,SLAP_PGSF-APND,DAM,LMP,LMP_PRC,SLAP_PGSF-APND,ALL_APNODES,0,103.48531,71
2021-11-16T05:00:00-00:00,2021-11-16T06:00:00-00:00,2021-11-15,22,0,SLAP_PGSF-APND,SLAP_PGSF-APND,SLAP_PGSF-APND,DAM,LMP,LMP_PRC,SLAP_PGSF-APND,ALL_APNODES,0,62.83936,71
2021-11-15T23:00:00-00:00,2021-11-16T00:00:00-00:00,2021-11-15,16,0,SLAP_PGSF-APND,SLAP_PGSF-APND,SLAP_PGSF-APND,DAM,LMP,LMP_PRC,SLAP_PGSF-APND,ALL_APNODES,0,71.03919,71
2021-11-16T04:00:00-00:00,2021-11-16T05:00:00-00:00,2021-11-15,21,0,SLAP_PGSF-APND,SLAP_PGSF-APND,SLAP_PGSF-APND,DAM,MCC,LMP_CONG_PRC,SLAP_PGSF-APND,ALL_APNODES,0,0.0799,72
2021-11-16T07:00:00-00:00,2021-11-16T08:00:00-00:00,2021-11-15,24,0,SLAP_PGSF-APND,SLAP_PGSF-APND,SLAP_PGSF-APND,DAM,MCC,LMP_CONG_PRC,SLAP_PGSF-APND,ALL_APNODES,0,0,72
2021-11-15T16:00:00-00:00,2021-11-15T17:00:00-00:00,2021-11-15,9,0,SLAP_PGSF-APND,SLAP_PGSF-APND,SLAP_PGSF-APND,DAM,MCC,LMP_CONG_PRC,SLAP_PGSF-APND,ALL_APNODES,0,0.26935,72
2021-11-15T21:00:00-00:00,2021-11-15T22:00:00-00:00,2021-11-15,14,0,SLAP_PGSF-APND,SLAP_PGSF-APND,SLAP_PGSF-APND,DAM,MCC,LMP_CONG_PRC,SLAP_PGSF-APND,ALL_APNODES,0,0,72
2021-11-15T11:00:00-00:00,2021-11-15T12:00:00-00:00,2021-11-15,4,0,SLAP_PGSF-APND,SLAP_PGSF-APND,SLAP_PGSF-APND,DAM,MCC,LMP_CONG_PRC,SLAP_PGSF-APND,ALL_APNODES,0,0,72
2021-11-16T01:00:00-00:00,2021-11-16T02:00:00-00:00,2021-11-15,18,0,SLAP_PGSF-APND,SLAP_PGSF-APND,SLAP_PGSF-APND,DAM,MCC,LMP_CONG_PRC,SLAP_PGSF-APND,ALL_APNODES,0,10.68793,72
2021-11-16T06:00:00-00:00,2021-11-16T07:00:00-00:00,2021-11-15,23,0,SLAP_PGSF-APND,SLAP_PGSF-APND,SLAP_PGSF-APND,DAM,MCC,LMP_CONG_PRC,SLAP_PGSF-APND,ALL_APNODES,0,0,72
2021-11-15T15:00:00-00:00,2021-11-15T16:00:00-00:00,2021-11-15,8,0,SLAP_PGSF-APND,SLAP_PGSF-APND,SLAP_PGSF-APND,DAM,MCC,LMP_CONG_PRC,SLAP_PGSF-APND,ALL_APNODES,0,0,72
2021-11-15T22:00:00-00:00,2021-11-15T23:00:00-00:00,2021-11-15,15,0,SLAP_PGSF-APND,SLAP_PGSF-APND,SLAP_PGSF-APND,DAM,MCC,LMP_CONG_PRC,SLAP_PGSF-APND,ALL_APNODES,0,-4.24857,72
2021-11-15T08:00:00-00:00,2021-11-15T09:00:00-00:00,2021-11-15,1,0,SLAP_PGSF-APND,SLAP_PGSF-APND,SLAP_PGSF-APND,DAM,MCC,LMP_CONG_PRC,SLAP_PGSF-APND,ALL_APNODES,0,0,72
2021-11-15T10:00:00-00:00,2021-11-15T11:00:00-00:00,2021-11-15,3,0,SLAP_PGSF-APND,SLAP_PGSF-APND,SLAP_PGSF-APND,DAM,MCC,LMP_CONG_PRC,SLAP_PGSF-APND,ALL_APNODES,0,0,72
2021-11-16T02:00:00-00:00,2021-11-16T03:00:00-00:00,2021-11-15,19,0,SLAP_PGSF-APND,SLAP_PGSF-APND,SLAP_PGSF-APND,DAM,MCC,LMP_CONG_PRC,SLAP_PGSF-APND,ALL_APNODES,0,0.45428,72
2021-11-16T05:00:00-00:00,2021-11-16T06:00:00-00:00,2021-11-15,22,0,SLAP_PGSF-APND,SLAP_PGSF-APND,SLAP_PGSF-APND,DAM,MCC,LMP_CONG_PRC,SLAP_PGSF-APND,ALL_APNODES,0,0,72
2021-11-15T18:00:00-00:00,2021-11-15T19:00:00-00:00,2021-11-15,11,0,SLAP_PGSF-APND,SLAP_PGSF-APND,SLAP_PGSF-APND,DAM,MCC,LMP_CONG_PRC,SLAP_PGSF-APND,ALL_APNODES,0,0.41621,72
2021-11-15T19:00:00-00:00,2021-11-15T20:00:00-00:00,2021-11-15,12,0,SLAP_PGSF-APND,SLAP_PGSF-APND,SLAP_PGSF-APND,DAM,MCC,LMP_CONG_PRC,SLAP_PGSF-APND,ALL_APNODES,0,1.60028,72
2021-11-15T20:00:00-00:00,2021-11-15T21:00:00-00:00,2021-11-15,13,0,SLAP_PGSF-APND,SLAP_PGSF-APND,SLAP_PGSF-APND,DAM,MCC,LMP_CONG_PRC,SLAP_PGSF-APND,ALL_APNODES,0,0.40851,72
2021-11-16T00:00:00-00:00,2021-11-16T01:00:00-00:00,2021-11-15,17,0,SLAP_PGSF-APND,SLAP_PGSF-APND,SLAP_PGSF-APND,DAM,MCC,LMP_CONG_PRC,SLAP_PGSF-APND,ALL_APNODES,0,0.53176,72
2021-11-16T03:00:00-00:00,2021-11-16T04:00:00-00:00,2021-11-15,20,0,SLAP_PGSF-APND,SLAP_PGSF-APND,SLAP_PGSF-APND,DAM,MCC,LMP_CONG_PRC,SLAP_PGSF-APND,ALL_APNODES,0,0.11697,72
2021-11-15T12:00:00-00:00,2021-11-15T13:00:00-00:00,2021-11-15,5,0,SLAP_PGSF-APND,SLAP_PGSF-APND,SLAP_PGSF-APND,DAM,MCC,LMP_CONG_PRC,SLAP_PGSF-APND,ALL_APNODES,0,0,72
2021-11-15T09:00:00-00:00,2021-11-15T10:00:00-00:00,2021-11-15,2,0,SLAP_PGSF-APND,SLAP_PGSF-APND,SLAP_PGSF-APND,DAM,MCC,LMP_CONG_PRC,SLAP_PGSF-APND,ALL_APNODES,0,0,72
2021-11-15T23:00:00-00:00,2021-11-16T00:00:00-00:00,2021-11-15,16,0,SLAP_PGSF-APND,SLAP_PGSF-APND,SLAP_PGSF-APND,DAM,MCC,LMP_CONG_PRC,SLAP_PGSF-APND,ALL_APNODES,0,0.42242,72
2021-11-15T14:00:00-00:00,2021-11-15T15:00:00-00:00,2021-11-15,7,0,SLAP_PGSF-APND,SLAP_PGSF-APND,SLAP_PGSF-APND,DAM,MCC,LMP_CONG_PRC,SLAP_PGSF-APND,ALL_APNODES,0,0,72
2021-11-15T13:00:00-00:00,2021-11-15T14:00:00-00:00,2021-11-15,6,0,SLAP_PGSF-APND,SLAP_PGSF-APND,SLAP_PGSF-APND,DAM,MCC,LMP_CONG_PRC,SLAP_PGSF-APND,ALL_APNODES,0,0,72
2021-11-15T17:00:00-00:00,2021-11-15T18:00:00-00:00,2021-11-15,10,0,SLAP_PGSF-APND,SLAP_PGSF-APND,SLAP_PGSF-APND,DAM,MCC,LMP_CONG_PRC,SLAP_PGSF-APND,ALL_APNODES,0,0,72
2021-11-15T19:00:00-00:00,2021-11-15T20:00:00-00:00,2021-11-15,12,0,SLAP_PGSF-APND,SLAP_PGSF-APND,SLAP_PGSF-APND,DAM,MCE,LMP_ENE_PRC,SLAP_PGSF-APND,ALL_APNODES,0,49.20839,73
2021-11-15T22:00:00-00:00,2021-11-15T23:00:00-00:00,2021-11-15,15,0,SLAP_PGSF-APND,SLAP_PGSF-APND,SLAP_PGSF-APND,DAM,MCE,LMP_ENE_PRC,SLAP_PGSF-APND,ALL_APNODES,0,56.91582,73
2021-11-15T09:00:00-00:00,2021-11-15T10:00:00-00:00,2021-11-15,2,0,SLAP_PGSF-APND,SLAP_PGSF-APND,SLAP_PGSF-APND,DAM,MCE,LMP_ENE_PRC,SLAP_PGSF-APND,ALL_APNODES,0,49.8362,73
2021-11-15T08:00:00-00:00,2021-11-15T09:00:00-00:00,2021-11-15,1,0,SLAP_PGSF-APND,SLAP_PGSF-APND,SLAP_PGSF-APND,DAM,MCE,LMP_ENE_PRC,SLAP_PGSF-APND,ALL_APNODES,0,49.92572,73
2021-11-16T02:00:00-00:00,2021-11-16T03:00:00-00:00,2021-11-15,19,0,SLAP_PGSF-APND,SLAP_PGSF-APND,SLAP_PGSF-APND,DAM,MCE,LMP_ENE_PRC,SLAP_PGSF-APND,ALL_APNODES,0,83.67886,73
2021-11-15T13:00:00-00:00,2021-11-15T14:00:00-00:00,2021-11-15,6,0,SLAP_PGSF-APND,SLAP_PGSF-APND,SLAP_PGSF-APND,DAM,MCE,LMP_ENE_PRC,SLAP_PGSF-APND,ALL_APNODES,0,61.08925,73
2021-11-15T12:00:00-00:00,2021-11-15T13:00:00-00:00,2021-11-15,5,0,SLAP_PGSF-APND,SLAP_PGSF-APND,SLAP_PGSF-APND,DAM,MCE,LMP_ENE_PRC,SLAP_PGSF-APND,ALL_APNODES,0,51.64017,73
2021-11-16T04:00:00-00:00,2021-11-16T05:00:00-00:00,2021-11-15,21,0,SLAP_PGSF-APND,SLAP_PGSF-APND,SLAP_PGSF-APND,DAM,MCE,LMP_ENE_PRC,SLAP_PGSF-APND,ALL_APNODES,0,68.34737,73
2021-11-15T23:00:00-00:00,2021-11-16T00:00:00-00:00,2021-11-15,16,0,SLAP_PGSF-APND,SLAP_PGSF-APND,SLAP_PGSF-APND,DAM,MCE,LMP_ENE_PRC,SLAP_PGSF-APND,ALL_APNODES,0,66.57564,73
2021-11-15T21:00:00-00:00,2021-11-15T22:00:00-00:00,2021-11-15,14,0,SLAP_PGSF-APND,SLAP_PGSF-APND,SLAP_PGSF-APND,DAM,MCE,LMP_ENE_PRC,SLAP_PGSF-APND,ALL_APNODES,0,52.03055,73
2021-11-15T18:00:00-00:00,2021-11-15T19:00:00-00:00,2021-11-15,11,0,SLAP_PGSF-APND,SLAP_PGSF-APND,SLAP_PGSF-APND,DAM,MCE,LMP_ENE_PRC,SLAP_PGSF-APND,ALL_APNODES,0,46.9586,73
2021-11-15T14:00:00-00:00,2021-11-15T15:00:00-00:00,2021-11-15,7,0,SLAP_PGSF-APND,SLAP_PGSF-APND,SLAP_PGSF-APND,DAM,MCE,LMP_ENE_PRC,SLAP_PGSF-APND,ALL_APNODES,0,71.60415,73
2021-11-15T17:00:00-00:00,2021-11-15T18:00:00-00:00,2021-11-15,10,0,SLAP_PGSF-APND,SLAP_PGSF-APND,SLAP_PGSF-APND,DAM,MCE,LMP_ENE_PRC,SLAP_PGSF-APND,ALL_APNODES,0,49.46473,73
2021-11-16T01:00:00-00:00,2021-11-16T02:00:00-00:00,2021-11-15,18,0,SLAP_PGSF-APND,SLAP_PGSF-APND,SLAP_PGSF-APND,DAM,MCE,LMP_ENE_PRC,SLAP_PGSF-APND,ALL_APNODES,0,108.04447,73
2021-11-15T10:00:00-00:00,2021-11-15T11:00:00-00:00,2021-11-15,3,0,SLAP_PGSF-APND,SLAP_PGSF-APND,SLAP_PGSF-APND,DAM,MCE,LMP_ENE_PRC,SLAP_PGSF-APND,ALL_APNODES,0,49.29696,73
2021-11-15T20:00:00-00:00,2021-11-15T21:00:00-00:00,2021-11-15,13,0,SLAP_PGSF-APND,SLAP_PGSF-APND,SLAP_PGSF-APND,DAM,MCE,LMP_ENE_PRC,SLAP_PGSF-APND,ALL_APNODES,0,50.53758,73
2021-11-15T16:00:00-00:00,2021-11-15T17:00:00-00:00,2021-11-15,9,0,SLAP_PGSF-APND,SLAP_PGSF-APND,SLAP_PGSF-APND,DAM,MCE,LMP_ENE_PRC,SLAP_PGSF-APND,ALL_APNODES,0,51.98207,73
2021-11-15T15:00:00-00:00,2021-11-15T16:00:00-00:00,2021-11-15,8,0,SLAP_PGSF-APND,SLAP_PGSF-APND,SLAP_PGSF-APND,DAM,MCE,LMP_ENE_PRC,SLAP_PGSF-APND,ALL_APNODES,0,57.70529,73
2021-11-16T07:00:00-00:00,2021-11-16T08:00:00-00:00,2021-11-15,24,0,SLAP_PGSF-APND,SLAP_PGSF-APND,SLAP_PGSF-APND,DAM,MCE,LMP_ENE_PRC,SLAP_PGSF-APND,ALL_APNODES,0,55.50319,73
2021-11-16T06:00:00-00:00,2021-11-16T07:00:00-00:00,2021-11-15,23,0,SLAP_PGSF-APND,SLAP_PGSF-APND,SLAP_PGSF-APND,DAM,MCE,LMP_ENE_PRC,SLAP_PGSF-APND,ALL_APNODES,0,57.72128,73
2021-11-16T05:00:00-00:00,2021-11-16T06:00:00-00:00,2021-11-15,22,0,SLAP_PGSF-APND,SLAP_PGSF-APND,SLAP_PGSF-APND,DAM,MCE,LMP_ENE_PRC,SLAP_PGSF-APND,ALL_APNODES,0,61.82542,73
2021-11-16T00:00:00-00:00,2021-11-16T01:00:00-00:00,2021-11-15,17,0,SLAP_PGSF-APND,SLAP_PGSF-APND,SLAP_PGSF-APND,DAM,MCE,LMP_ENE_PRC,SLAP_PGSF-APND,ALL_APNODES,0,97.83669,73
2021-11-15T11:00:00-00:00,2021-11-15T12:00:00-00:00,2021-11-15,4,0,SLAP_PGSF-APND,SLAP_PGSF-APND,SLAP_PGSF-APND,DAM,MCE,LMP_ENE_PRC,SLAP_PGSF-APND,ALL_APNODES,0,49.14303,73
2021-11-16T03:00:00-00:00,2021-11-16T04:00:00-00:00,2021-11-15,20,0,SLAP_PGSF-APND,SLAP_PGSF-APND,SLAP_PGSF-APND,DAM,MCE,LMP_ENE_PRC,SLAP_PGSF-APND,ALL_APNODES,0,71.49664,73
2021-11-16T04:00:00-00:00,2021-11-16T05:00:00-00:00,2021-11-15,21,0,SLAP_PGSF-APND,SLAP_PGSF-APND,SLAP_PGSF-APND,DAM,MCL,LMP_LOSS_PRC,SLAP_PGSF-APND,ALL_APNODES,0,2.09826,74
2021-11-15T16:00:00-00:00,2021-11-15T17:00:00-00:00,2021-11-15,9,0,SLAP_PGSF-APND,SLAP_PGSF-APND,SLAP_PGSF-APND,DAM,MCL,LMP_LOSS_PRC,SLAP_PGSF-APND,ALL_APNODES,0,4.06323,74
2021-11-15T11:00:00-00:00,2021-11-15T12:00:00-00:00,2021-11-15,4,0,SLAP_PGSF-APND,SLAP_PGSF-APND,SLAP_PGSF-APND,DAM,MCL,LMP_LOSS_PRC,SLAP_PGSF-APND,ALL_APNODES,0,1.08606,74
2021-11-15T10:00:00-00:00,2021-11-15T11:00:00-00:00,2021-11-15,3,0,SLAP_PGSF-APND,SLAP_PGSF-APND,SLAP_PGSF-APND,DAM,MCL,LMP_LOSS_PRC,SLAP_PGSF-APND,ALL_APNODES,0,1.20778,74
2021-11-15T09:00:00-00:00,2021-11-15T10:00:00-00:00,2021-11-15,2,0,SLAP_PGSF-APND,SLAP_PGSF-APND,SLAP_PGSF-APND,DAM,MCL,LMP_LOSS_PRC,SLAP_PGSF-APND,ALL_APNODES,0,1.46518,74
2021-11-15T12:00:00-00:00,2021-11-15T13:00:00-00:00,2021-11-15,5,0,SLAP_PGSF-APND,SLAP_PGSF-APND,SLAP_PGSF-APND,DAM,MCL,LMP_LOSS_PRC,SLAP_PGSF-APND,ALL_APNODES,0,1.15674,74
2021-11-16T06:00:00-00:00,2021-11-16T07:00:00-00:00,2021-11-15,23,0,SLAP_PGSF-APND,SLAP_PGSF-APND,SLAP_PGSF-APND,DAM,MCL,LMP_LOSS_PRC,SLAP_PGSF-APND,ALL_APNODES,0,0.44445,74
2021-11-16T01:00:00-00:00,2021-11-16T02:00:00-00:00,2021-11-15,18,0,SLAP_PGSF-APND,SLAP_PGSF-APND,SLAP_PGSF-APND,DAM,MCL,LMP_LOSS_PRC,SLAP_PGSF-APND,ALL_APNODES,0,6.52589,74
2021-11-15T20:00:00-00:00,2021-11-15T21:00:00-00:00,2021-11-15,13,0,SLAP_PGSF-APND,SLAP_PGSF-APND,SLAP_PGSF-APND,DAM,MCL,LMP_LOSS_PRC,SLAP_PGSF-APND,ALL_APNODES,0,3.82064,74
2021-11-15T17:00:00-00:00,2021-11-15T18:00:00-00:00,2021-11-15,10,0,SLAP_PGSF-APND,SLAP_PGSF-APND,SLAP_PGSF-APND,DAM,MCL,LMP_LOSS_PRC,SLAP_PGSF-APND,ALL_APNODES,0,3.33887,74
2021-11-15T19:00:00-00:00,2021-11-15T20:00:00-00:00,2021-11-15,12,0,SLAP_PGSF-APND,SLAP_PGSF-APND,SLAP_PGSF-APND,DAM,MCL,LMP_LOSS_PRC,SLAP_PGSF-APND,ALL_APNODES,0,4.27562,74
2021-11-15T22:00:00-00:00,2021-11-15T23:00:00-00:00,2021-11-15,15,0,SLAP_PGSF-APND,SLAP_PGSF-APND,SLAP_PGSF-APND,DAM,MCL,LMP_LOSS_PRC,SLAP_PGSF-APND,ALL_APNODES,0,2.86856,74
2021-11-15T18:00:00-00:00,2021-11-15T19:00:00-00:00,2021-11-15,11,0,SLAP_PGSF-APND,SLAP_PGSF-APND,SLAP_PGSF-APND,DAM,MCL,LMP_LOSS_PRC,SLAP_PGSF-APND,ALL_APNODES,0,4.33577,74
2021-11-16T07:00:00-00:00,2021-11-16T08:00:00-00:00,2021-11-15,24,0,SLAP_PGSF-APND,SLAP_PGSF-APND,SLAP_PGSF-APND,DAM,MCL,LMP_LOSS_PRC,SLAP_PGSF-APND,ALL_APNODES,0,0.81035,74
2021-11-15T15:00:00-00:00,2021-11-15T16:00:00-00:00,2021-11-15,8,0,SLAP_PGSF-APND,SLAP_PGSF-APND,SLAP_PGSF-APND,DAM,MCL,LMP_LOSS_PRC,SLAP_PGSF-APND,ALL_APNODES,0,3.08723,74
2021-11-16T03:00:00-00:00,2021-11-16T04:00:00-00:00,2021-11-15,20,0,SLAP_PGSF-APND,SLAP_PGSF-APND,SLAP_PGSF-APND,DAM,MCL,LMP_LOSS_PRC,SLAP_PGSF-APND,ALL_APNODES,0,2.33079,74
2021-11-16T05:00:00-00:00,2021-11-16T06:00:00-00:00,2021-11-15,22,0,SLAP_PGSF-APND,SLAP_PGSF-APND,SLAP_PGSF-APND,DAM,MCL,LMP_LOSS_PRC,SLAP_PGSF-APND,ALL_APNODES,0,1.01394,74
2021-11-15T21:00:00-00:00,2021-11-15T22:00:00-00:00,2021-11-15,14,0,SLAP_PGSF-APND,SLAP_PGSF-APND,SLAP_PGSF-APND,DAM,MCL,LMP_LOSS_PRC,SLAP_PGSF-APND,ALL_APNODES,0,2.85648,74
2021-11-15T14:00:00-00:00,2021-11-15T15:00:00-00:00,2021-11-15,7,0,SLAP_PGSF-APND,SLAP_PGSF-APND,SLAP_PGSF-APND,DAM,MCL,LMP_LOSS_PRC,SLAP_PGSF-APND,ALL_APNODES,0,2.57059,74
2021-11-16T02:00:00-00:00,2021-11-16T03:00:00-00:00,2021-11-15,19,0,SLAP_PGSF-APND,SLAP_PGSF-APND,SLAP_PGSF-APND,DAM,MCL,LMP_LOSS_PRC,SLAP_PGSF-APND,ALL_APNODES,0,4.88685,74
2021-11-15T13:00:00-00:00,2021-11-15T14:00:00-00:00,2021-11-15,6,0,SLAP_PGSF-APND,SLAP_PGSF-APND,SLAP_PGSF-APND,DAM,MCL,LMP_LOSS_PRC,SLAP_PGSF-APND,ALL_APNODES,0,1.15459,74
2021-11-15T23:00:00-00:00,2021-11-16T00:00:00-00:00,2021-11-15,16,0,SLAP_PGSF-APND,SLAP_PGSF-APND,SLAP_PGSF-APND,DAM,MCL,LMP_LOSS_PRC,SLAP_PGSF-APND,ALL_APNODES,0,4.04114,74
2021-11-15T08:00:00-00:00,2021-11-15T09:00:00-00:00,2021-11-15,1,0,SLAP_PGSF-APND,SLAP_PGSF-APND,SLAP_PGSF-APND,DAM,MCL,LMP_LOSS_PRC,SLAP_PGSF-APND,ALL_APNODES,0,1.65254,74
2021-11-16T00:00:00-00:00,2021-11-16T01:00:00-00:00,2021-11-15,17,0,SLAP_PGSF-APND,SLAP_PGSF-APND,SLAP_PGSF-APND,DAM,MCL,LMP_LOSS_PRC,SLAP_PGSF-APND,ALL_APNODES,0,5.11686,74
2021-11-15T16:00:00-00:00,2021-11-15T17:00:00-00:00,2021-11-15,9,0,SLAP_PGSF-APND,SLAP_PGSF-APND,SLAP_PGSF-APND,DAM,MGHG,LMP_GHG_PRC,SLAP_PGSF-APND,ALL_APNODES,0,0,75
2021-11-15T23:00:00-00:00,2021-11-16T00:00:00-00:00,2021-11-15,16,0,SLAP_PGSF-APND,SLAP_PGSF-APND,SLAP_PGSF-APND,DAM,MGHG,LMP_GHG_PRC,SLAP_PGSF-APND,ALL_APNODES,0,0,75
2021-11-15T20:00:00-00:00,2021-11-15T21:00:00-00:00,2021-11-15,13,0,SLAP_PGSF-APND,SLAP_PGSF-APND,SLAP_PGSF-APND,DAM,MGHG,LMP_GHG_PRC,SLAP_PGSF-APND,ALL_APNODES,0,0,75
2021-11-15T08:00:00-00:00,2021-11-15T09:00:00-00:00,2021-11-15,1,0,SLAP_PGSF-APND,SLAP_PGSF-APND,SLAP_PGSF-APND,DAM,MGHG,LMP_GHG_PRC,SLAP_PGSF-APND,ALL_APNODES,0,0,75
2021-11-16T00:00:00-00:00,2021-11-16T01:00:00-00:00,2021-11-15,17,0,SLAP_PGSF-APND,SLAP_PGSF-APND,SLAP_PGSF-APND,DAM,MGHG,LMP_GHG_PRC,SLAP_PGSF-APND,ALL_APNODES,0,0,75
2021-11-16T03:00:00-00:00,2021-11-16T04:00:00-00:00,2021-11-15,20,0,SLAP_PGSF-APND,SLAP_PGSF-APND,SLAP_PGSF-APND,DAM,MGHG,LMP_GHG_PRC,SLAP_PGSF-APND,ALL_APNODES,0,0,75
2021-11-15T17:00:00-00:00,2021-11-15T18:00:00-00:00,2021-11-15,10,0,SLAP_PGSF-APND,SLAP_PGSF-APND,SLAP_PGSF-APND,DAM,MGHG,LMP_GHG_PRC,SLAP_PGSF-APND,ALL_APNODES,0,0,75
2021-11-15T11:00:00-00:00,2021-11-15T12:00:00-00:00,2021-11-15,4,0,SLAP_PGSF-APND,SLAP_PGSF-APND,SLAP_PGSF-APND,DAM,MGHG,LMP_GHG_PRC,SLAP_PGSF-APND,ALL_APNODES,0,0,75
2021-11-16T01:00:00-00:00,2021-11-16T02:00:00-00:00,2021-11-15,18,0,SLAP_PGSF-APND,SLAP_PGSF-APND,SLAP_PGSF-APND,DAM,MGHG,LMP_GHG_PRC,SLAP_PGSF-APND,ALL_APNODES,0,0,75
2021-11-16T02:00:00-00:00,2021-11-16T03:00:00-00:00,2021-11-15,19,0,SLAP_PGSF-APND,SLAP_PGSF-APND,SLAP_PGSF-APND,DAM,MGHG,LMP_GHG_PRC,SLAP_PGSF-APND,ALL_APNODES,0,0,75
2021-11-16T06:00:00-00:00,2021-11-16T07:00:00-00:00,2021-11-15,23,0,SLAP_PGSF-APND,SLAP_PGSF-APND,SLAP_PGSF-APND,DAM,MGHG,LMP_GHG_PRC,SLAP_PGSF-APND,ALL_APNODES,0,0,75
2021-11-15T12:00:00-00:00,2021-11-15T13:00:00-00:00,2021-11-15,5,0,SLAP_PGSF-APND,SLAP_PGSF-APND,SLAP_PGSF-APND,DAM,MGHG,LMP_GHG_PRC,SLAP_PGSF-APND,ALL_APNODES,0,0,75
2021-11-15T13:00:00-00:00,2021-11-15T14:00:00-00:00,2021-11-15,6,0,SLAP_PGSF-APND,SLAP_PGSF-APND,SLAP_PGSF-APND,DAM,MGHG,LMP_GHG_PRC,SLAP_PGSF-APND,ALL_APNODES,0,0,75
2021-11-16T05:00:00-00:00,2021-11-16T06:00:00-00:00,2021-11-15,22,0,SLAP_PGSF-APND,SLAP_PGSF-APND,SLAP_PGSF-APND,DAM,MGHG,LMP_GHG_PRC,SLAP_PGSF-APND,ALL_APNODES,0,0,75
2021-11-16T07:00:00-00:00,2021-11-16T08:00:00-00:00,2021-11-15,24,0,SLAP_PGSF-APND,SLAP_PGSF-APND,SLAP_PGSF-APND,DAM,MGHG,LMP_GHG_PRC,SLAP_PGSF-APND,ALL_APNODES,0,0,75
2021-11-15T15:00:00-00:00,2021-11-15T16:00:00-00:00,2021-11-15,8,0,SLAP_PGSF-APND,SLAP_PGSF-APND,SLAP_PGSF-APND,DAM,MGHG,LMP_GHG_PRC,SLAP_PGSF-APND,ALL_APNODES,0,0,75
2021-11-15T22:00:00-00:00,2021-11-15T23:00:00-00:00,2021-11-15,15,0,SLAP_PGSF-APND,SLAP_PGSF-APND,SLAP_PGSF-APND,DAM,MGHG,LMP_GHG_PRC,SLAP_PGSF-APND,ALL_APNODES,0,0,75
2021-11-15T10:00:00-00:00,2021-11-15T11:00:00-00:00,2021-11-15,3,0,SLAP_PGSF-APND,SLAP_PGSF-APND,SLAP_PGSF-APND,DAM,MGHG,LMP_GHG_PRC,SLAP_PGSF-APND,ALL_APNODES,0,0,75
2021-11-16T04:00:00-00:00,2021-11-16T05:00:00-00:00,2021-11-15,21,0,SLAP_PGSF-APND,SLAP_PGSF-APND,SLAP_PGSF-APND,DAM,MGHG,LMP_GHG_PRC,SLAP_PGSF-APND,ALL_APNODES,0,0,75
2021-11-15T14:00:00-00:00,2021-11-15T15:00:00-00:00,2021-11-15,7,0,SLAP_PGSF-APND,SLAP_PGSF-APND,SLAP_PGSF-APND,DAM,MGHG,LMP_GHG_PRC,SLAP_PGSF-APND,ALL_APNODES,0,0,75
2021-11-15T19:00:00-00:00,2021-11-15T20:00:00-00:00,2021-11-15,12,0,SLAP_PGSF-APND,SLAP_PGSF-APND,SLAP_PGSF-APND,DAM,MGHG,LMP_GHG_PRC,SLAP_PGSF-APND,ALL_APNODES,0,0,75
2021-11-15T21:00:00-00:00,2021-11-15T22:00:00-00:00,2021-11-15,14,0,SLAP_PGSF-APND,SLAP_PGSF-APND,SLAP_PGSF-APND,DAM,MGHG,LMP_GHG_PRC,SLAP_PGSF-APND,ALL_APNODES,0,0,75
2021-11-15T09:00:00-00:00,2021-11-15T10:00:00-00:00,2021-11-15,2,0,SLAP_PGSF-APND,SLAP_PGSF-APND,SLAP_PGSF-APND,DAM,MGHG,LMP_GHG_PRC,SLAP_PGSF-APND,ALL_APNODES,0,0,75
2021-11-15T18:00:00-00:00,2021-11-15T19:00:00-00:00,2021-11-15,11,0,SLAP_PGSF-APND,SLAP_PGSF-APND,SLAP_PGSF-APND,DAM,MGHG,LMP_GHG_PRC,SLAP_PGSF-APND,ALL_APNODES,0,0,75
2021-11-17T07:00:00-00:00,2021-11-17T08:00:00-00:00,2021-11-16,24,0,SLAP_PGSF-APND,SLAP_PGSF-APND,SLAP_PGSF-APND,DAM,LMP,LMP_PRC,SLAP_PGSF-APND,ALL_APNODES,0,59.2496,76
2021-11-16T13:00:00-00:00,2021-11-16T14:00:00-00:00,2021-11-16,6,0,SLAP_PGSF-APND,SLAP_PGSF-APND,SLAP_PGSF-APND,DAM,LMP,LMP_PRC,SLAP_PGSF-APND,ALL_APNODES,0,62.53012,76
2021-11-16T20:00:00-00:00,2021-11-16T21:00:00-00:00,2021-11-16,13,0,SLAP_PGSF-APND,SLAP_PGSF-APND,SLAP_PGSF-APND,DAM,LMP,LMP_PRC,SLAP_PGSF-APND,ALL_APNODES,0,52.83675,76
2021-11-16T14:00:00-00:00,2021-11-16T15:00:00-00:00,2021-11-16,7,0,SLAP_PGSF-APND,SLAP_PGSF-APND,SLAP_PGSF-APND,DAM,LMP,LMP_PRC,SLAP_PGSF-APND,ALL_APNODES,0,72.83102,76
2021-11-16T19:00:00-00:00,2021-11-16T20:00:00-00:00,2021-11-16,12,0,SLAP_PGSF-APND,SLAP_PGSF-APND,SLAP_PGSF-APND,DAM,LMP,LMP_PRC,SLAP_PGSF-APND,ALL_APNODES,0,53.42101,76
2021-11-17T05:00:00-00:00,2021-11-17T06:00:00-00:00,2021-11-16,22,0,SLAP_PGSF-APND,SLAP_PGSF-APND,SLAP_PGSF-APND,DAM,LMP,LMP_PRC,SLAP_PGSF-APND,ALL_APNODES,0,67.97454,76
2021-11-16T21:00:00-00:00,2021-11-16T22:00:00-00:00,2021-11-16,14,0,SLAP_PGSF-APND,SLAP_PGSF-APND,SLAP_PGSF-APND,DAM,LMP,LMP_PRC,SLAP_PGSF-APND,ALL_APNODES,0,47.92622,76
2021-11-16T12:00:00-00:00,2021-11-16T13:00:00-00:00,2021-11-16,5,0,SLAP_PGSF-APND,SLAP_PGSF-APND,SLAP_PGSF-APND,DAM,LMP,LMP_PRC,SLAP_PGSF-APND,ALL_APNODES,0,53.27181,76
2021-11-16T23:00:00-00:00,2021-11-17T00:00:00-00:00,2021-11-16,16,0,SLAP_PGSF-APND,SLAP_PGSF-APND,SLAP_PGSF-APND,DAM,LMP,LMP_PRC,SLAP_PGSF-APND,ALL_APNODES,0,64.33152,76
2021-11-16T11:00:00-00:00,2021-11-16T12:00:00-00:00,2021-11-16,4,0,SLAP_PGSF-APND,SLAP_PGSF-APND,SLAP_PGSF-APND,DAM,LMP,LMP_PRC,SLAP_PGSF-APND,ALL_APNODES,0,50.46684,76
2021-11-16T22:00:00-00:00,2021-11-16T23:00:00-00:00,2021-11-16,15,0,SLAP_PGSF-APND,SLAP_PGSF-APND,SLAP_PGSF-APND,DAM,LMP,LMP_PRC,SLAP_PGSF-APND,ALL_APNODES,0,55.17316,76
2021-11-16T18:00:00-00:00,2021-11-16T19:00:00-00:00,2021-11-16,11,0,SLAP_PGSF-APND,SLAP_PGSF-APND,SLAP_PGSF-APND,DAM,LMP,LMP_PRC,SLAP_PGSF-APND,ALL_APNODES,0,56.14312,76
2021-11-16T08:00:00-00:00,2021-11-16T09:00:00-00:00,2021-11-16,1,0,SLAP_PGSF-APND,SLAP_PGSF-APND,SLAP_PGSF-APND,DAM,LMP,LMP_PRC,SLAP_PGSF-APND,ALL_APNODES,0,52.65849,76
2021-11-16T09:00:00-00:00,2021-11-16T10:00:00-00:00,2021-11-16,2,0,SLAP_PGSF-APND,SLAP_PGSF-APND,SLAP_PGSF-APND,DAM,LMP,LMP_PRC,SLAP_PGSF-APND,ALL_APNODES,0,51.16892,76
2021-11-16T10:00:00-00:00,2021-11-16T11:00:00-00:00,2021-11-16,3,0,SLAP_PGSF-APND,SLAP_PGSF-APND,SLAP_PGSF-APND,DAM,LMP,LMP_PRC,SLAP_PGSF-APND,ALL_APNODES,0,49.213,76
2021-11-17T04:00:00-00:00,2021-11-17T05:00:00-00:00,2021-11-16,21,0,SLAP_PGSF-APND,SLAP_PGSF-APND,SLAP_PGSF-APND,DAM,LMP,LMP_PRC,SLAP_PGSF-APND,ALL_APNODES,0,66.50198,76
2021-11-17T01:00:00-00:00,2021-11-17T02:00:00-00:00,2021-11-16,18,0,SLAP_PGSF-APND,SLAP_PGSF-APND,SLAP_PGSF-APND,DAM,LMP,LMP_PRC,SLAP_PGSF-APND,ALL_APNODES,0,101.86179,76
2021-11-17T03:00:00-00:00,2021-11-17T04:00:00-00:00,2021-11-16,20,0,SLAP_PGSF-APND,SLAP_PGSF-APND,SLAP_PGSF-APND,DAM,LMP,LMP_PRC,SLAP_PGSF-APND,ALL_APNODES,0,78.4482,76
2021-11-17T06:00:00-00:00,2021-11-17T07:00:00-00:00,2021-11-16,23,0,SLAP_PGSF-APND,SLAP_PGSF-APND,SLAP_PGSF-APND,DAM,LMP,LMP_PRC,SLAP_PGSF-APND,ALL_APNODES,0,62.83537,76
2021-11-16T15:00:00-00:00,2021-11-16T16:00:00-00:00,2021-11-16,8,0,SLAP_PGSF-APND,SLAP_PGSF-APND,SLAP_PGSF-APND,DAM,LMP,LMP_PRC,SLAP_PGSF-APND,ALL_APNODES,0,72.70776,76
2021-11-16T17:00:00-00:00,2021-11-16T18:00:00-00:00,2021-11-16,10,0,SLAP_PGSF-APND,SLAP_PGSF-APND,SLAP_PGSF-APND,DAM,LMP,LMP_PRC,SLAP_PGSF-APND,ALL_APNODES,0,59.70806,76
2021-11-17T02:00:00-00:00,2021-11-17T03:00:00-00:00,2021-11-16,19,0,SLAP_PGSF-APND,SLAP_PGSF-APND,SLAP_PGSF-APND,DAM,LMP,LMP_PRC,SLAP_PGSF-APND,ALL_APNODES,0,84.05735,76
2021-11-16T16:00:00-00:00,2021-11-16T17:00:00-00:00,2021-11-16,9,0,SLAP_PGSF-APND,SLAP_PGSF-APND,SLAP_PGSF-APND,DAM,LMP,LMP_PRC,SLAP_PGSF-APND,ALL_APNODES,0,62.98854,76
2021-11-17T00:00:00-00:00,2021-11-17T01:00:00-00:00,2021-11-16,17,0,SLAP_PGSF-APND,SLAP_PGSF-APND,SLAP_PGSF-APND,DAM,LMP,LMP_PRC,SLAP_PGSF-APND,ALL_APNODES,0,86.51442,76
2021-11-16T19:00:00-00:00,2021-11-16T20:00:00-00:00,2021-11-16,12,0,SLAP_PGSF-APND,SLAP_PGSF-APND,SLAP_PGSF-APND,DAM,MCC,LMP_CONG_PRC,SLAP_PGSF-APND,ALL_APNODES,0,0,77
2021-11-16T16:00:00-00:00,2021-11-16T17:00:00-00:00,2021-11-16,9,0,SLAP_PGSF-APND,SLAP_PGSF-APND,SLAP_PGSF-APND,DAM,MCC,LMP_CONG_PRC,SLAP_PGSF-APND,ALL_APNODES,0,0.20844,77
2021-11-17T00:00:00-00:00,2021-11-17T01:00:00-00:00,2021-11-16,17,0,SLAP_PGSF-APND,SLAP_PGSF-APND,SLAP_PGSF-APND,DAM,MCC,LMP_CONG_PRC,SLAP_PGSF-APND,ALL_APNODES,0,-0.47961,77
2021-11-17T01:00:00-00:00,2021-11-17T02:00:00-00:00,2021-11-16,18,0,SLAP_PGSF-APND,SLAP_PGSF-APND,SLAP_PGSF-APND,DAM,MCC,LMP_CONG_PRC,SLAP_PGSF-APND,ALL_APNODES,0,-0.48882,77
2021-11-17T02:00:00-00:00,2021-11-17T03:00:00-00:00,2021-11-16,19,0,SLAP_PGSF-APND,SLAP_PGSF-APND,SLAP_PGSF-APND,DAM,MCC,LMP_CONG_PRC,SLAP_PGSF-APND,ALL_APNODES,0,-0.83805,77
2021-11-17T03:00:00-00:00,2021-11-17T04:00:00-00:00,2021-11-16,20,0,SLAP_PGSF-APND,SLAP_PGSF-APND,SLAP_PGSF-APND,DAM,MCC,LMP_CONG_PRC,SLAP_PGSF-APND,ALL_APNODES,0,0.41323,77
2021-11-16T13:00:00-00:00,2021-11-16T14:00:00-00:00,2021-11-16,6,0,SLAP_PGSF-APND,SLAP_PGSF-APND,SLAP_PGSF-APND,DAM,MCC,LMP_CONG_PRC,SLAP_PGSF-APND,ALL_APNODES,0,0,77
2021-11-16T15:00:00-00:00,2021-11-16T16:00:00-00:00,2021-11-16,8,0,SLAP_PGSF-APND,SLAP_PGSF-APND,SLAP_PGSF-APND,DAM,MCC,LMP_CONG_PRC,SLAP_PGSF-APND,ALL_APNODES,0,1.93231,77
2021-11-16T09:00:00-00:00,2021-11-16T10:00:00-00:00,2021-11-16,2,0,SLAP_PGSF-APND,SLAP_PGSF-APND,SLAP_PGSF-APND,DAM,MCC,LMP_CONG_PRC,SLAP_PGSF-APND,ALL_APNODES,0,0,77
2021-11-16T22:00:00-00:00,2021-11-16T23:00:00-00:00,2021-11-16,15,0,SLAP_PGSF-APND,SLAP_PGSF-APND,SLAP_PGSF-APND,DAM,MCC,LMP_CONG_PRC,SLAP_PGSF-APND,ALL_APNODES,0,-0.3776,77
2021-11-16T12:00:00-00:00,2021-11-16T13:00:00-00:00,2021-11-16,5,0,SLAP_PGSF-APND,SLAP_PGSF-APND,SLAP_PGSF-APND,DAM,MCC,LMP_CONG_PRC,SLAP_PGSF-APND,ALL_APNODES,0,0,77
2021-11-16T14:00:00-00:00,2021-11-16T15:00:00-00:00,2021-11-16,7,0,SLAP_PGSF-APND,SLAP_PGSF-APND,SLAP_PGSF-APND,DAM,MCC,LMP_CONG_PRC,SLAP_PGSF-APND,ALL_APNODES,0,0.15905,77
2021-11-16T23:00:00-00:00,2021-11-17T00:00:00-00:00,2021-11-16,16,0,SLAP_PGSF-APND,SLAP_PGSF-APND,SLAP_PGSF-APND,DAM,MCC,LMP_CONG_PRC,SLAP_PGSF-APND,ALL_APNODES,0,0,77
2021-11-17T05:00:00-00:00,2021-11-17T06:00:00-00:00,2021-11-16,22,0,SLAP_PGSF-APND,SLAP_PGSF-APND,SLAP_PGSF-APND,DAM,MCC,LMP_CONG_PRC,SLAP_PGSF-APND,ALL_APNODES,0,0,77
2021-11-16T20:00:00-00:00,2021-11-16T21:00:00-00:00,2021-11-16,13,0,SLAP_PGSF-APND,SLAP_PGSF-APND,SLAP_PGSF-APND,DAM,MCC,LMP_CONG_PRC,SLAP_PGSF-APND,ALL_APNODES,0,1.03099,77
2021-11-16T08:00:00-00:00,2021-11-16T09:00:00-00:00,2021-11-16,1,0,SLAP_PGSF-APND,SLAP_PGSF-APND,SLAP_PGSF-APND,DAM,MCC,LMP_CONG_PRC,SLAP_PGSF-APND,ALL_APNODES,0,0,77
2021-11-17T07:00:00-00:00,2021-11-17T08:00:00-00:00,2021-11-16,24,0,SLAP_PGSF-APND,SLAP_PGSF-APND,SLAP_PGSF-APND,DAM,MCC,LMP_CONG_PRC,SLAP_PGSF-APND,ALL_APNODES,0,0,77
2021-11-16T17:00:00-00:00,2021-11-16T18:00:00-00:00,2021-11-16,10,0,SLAP_PGSF-APND,SLAP_PGSF-APND,SLAP_PGSF-APND,DAM,MCC,LMP_CONG_PRC,SLAP_PGSF-APND,ALL_APNODES,0,0.29496,77
2021-11-17T06:00:00-00:00,2021-11-17T07:00:00-00:00,2021-11-16,23,0,SLAP_PGSF-APND,SLAP_PGSF-APND,SLAP_PGSF-APND,DAM,MCC,LMP_CONG_PRC,SLAP_PGSF-APND,ALL_APNODES,0,0,77
2021-11-16T18:00:00-00:00,2021-11-16T19:00:00-00:00,2021-11-16,11,0,SLAP_PGSF-APND,SLAP_PGSF-APND,SLAP_PGSF-APND,DAM,MCC,LMP_CONG_PRC,SLAP_PGSF-APND,ALL_APNODES,0,0.39558,77
2021-11-16T21:00:00-00:00,2021-11-16T22:00:00-00:00,2021-11-16,14,0,SLAP_PGSF-APND,SLAP_PGSF-APND,SLAP_PGSF-APND,DAM,MCC,LMP_CONG_PRC,SLAP_PGSF-APND,ALL_APNODES,0,0,77
2021-11-16T10:00:00-00:00,2021-11-16T11:00:00-00:00,2021-11-16,3,0,SLAP_PGSF-APND,SLAP_PGSF-APND,SLAP_PGSF-APND,DAM,MCC,LMP_CONG_PRC,SLAP_PGSF-APND,ALL_APNODES,0,0,77
2021-11-17T04:00:00-00:00,2021-11-17T05:00:00-00:00,2021-11-16,21,0,SLAP_PGSF-APND,SLAP_PGSF-APND,SLAP_PGSF-APND,DAM,MCC,LMP_CONG_PRC,SLAP_PGSF-APND,ALL_APNODES,0,-1.59417,77
2021-11-16T11:00:00-00:00,2021-11-16T12:00:00-00:00,2021-11-16,4,0,SLAP_PGSF-APND,SLAP_PGSF-APND,SLAP_PGSF-APND,DAM,MCC,LMP_CONG_PRC,SLAP_PGSF-APND,ALL_APNODES,0,0,77
2021-11-17T00:00:00-00:00,2021-11-17T01:00:00-00:00,2021-11-16,17,0,SLAP_PGSF-APND,SLAP_PGSF-APND,SLAP_PGSF-APND,DAM,MCE,LMP_ENE_PRC,SLAP_PGSF-APND,ALL_APNODES,0,82.21721,78
2021-11-16T21:00:00-00:00,2021-11-16T22:00:00-00:00,2021-11-16,14,0,SLAP_PGSF-APND,SLAP_PGSF-APND,SLAP_PGSF-APND,DAM,MCE,LMP_ENE_PRC,SLAP_PGSF-APND,ALL_APNODES,0,44.57424,78
2021-11-17T01:00:00-00:00,2021-11-17T02:00:00-00:00,2021-11-16,18,0,SLAP_PGSF-APND,SLAP_PGSF-APND,SLAP_PGSF-APND,DAM,MCE,LMP_ENE_PRC,SLAP_PGSF-APND,ALL_APNODES,0,95.28964,78
2021-11-17T06:00:00-00:00,2021-11-17T07:00:00-00:00,2021-11-16,23,0,SLAP_PGSF-APND,SLAP_PGSF-APND,SLAP_PGSF-APND,DAM,MCE,LMP_ENE_PRC,SLAP_PGSF-APND,ALL_APNODES,0,60.76334,78
2021-11-16T22:00:00-00:00,2021-11-16T23:00:00-00:00,2021-11-16,15,0,SLAP_PGSF-APND,SLAP_PGSF-APND,SLAP_PGSF-APND,DAM,MCE,LMP_ENE_PRC,SLAP_PGSF-APND,ALL_APNODES,0,51.95137,78
2021-11-16T14:00:00-00:00,2021-11-16T15:00:00-00:00,2021-11-16,7,0,SLAP_PGSF-APND,SLAP_PGSF-APND,SLAP_PGSF-APND,DAM,MCE,LMP_ENE_PRC,SLAP_PGSF-APND,ALL_APNODES,0,68.48739,78
2021-11-16T20:00:00-00:00,2021-11-16T21:00:00-00:00,2021-11-16,13,0,SLAP_PGSF-APND,SLAP_PGSF-APND,SLAP_PGSF-APND,DAM,MCE,LMP_ENE_PRC,SLAP_PGSF-APND,ALL_APNODES,0,47.32849,78
2021-11-16T08:00:00-00:00,2021-11-16T09:00:00-00:00,2021-11-16,1,0,SLAP_PGSF-APND,SLAP_PGSF-APND,SLAP_PGSF-APND,DAM,MCE,LMP_ENE_PRC,SLAP_PGSF-APND,ALL_APNODES,0,51.30906,78
2021-11-17T07:00:00-00:00,2021-11-17T08:00:00-00:00,2021-11-16,24,0,SLAP_PGSF-APND,SLAP_PGSF-APND,SLAP_PGSF-APND,DAM,MCE,LMP_ENE_PRC,SLAP_PGSF-APND,ALL_APNODES,0,57.21834,78
2021-11-17T04:00:00-00:00,2021-11-17T05:00:00-00:00,2021-11-16,21,0,SLAP_PGSF-APND,SLAP_PGSF-APND,SLAP_PGSF-APND,DAM,MCE,LMP_ENE_PRC,SLAP_PGSF-APND,ALL_APNODES,0,68.09615,78
2021-11-16T17:00:00-00:00,2021-11-16T18:00:00-00:00,2021-11-16,10,0,SLAP_PGSF-APND,SLAP_PGSF-APND,SLAP_PGSF-APND,DAM,MCE,LMP_ENE_PRC,SLAP_PGSF-APND,ALL_APNODES,0,54.02665,78
2021-11-16T09:00:00-00:00,2021-11-16T10:00:00-00:00,2021-11-16,2,0,SLAP_PGSF-APND,SLAP_PGSF-APND,SLAP_PGSF-APND,DAM,MCE,LMP_ENE_PRC,SLAP_PGSF-APND,ALL_APNODES,0,49.96965,78
2021-11-16T10:00:00-00:00,2021-11-16T11:00:00-00:00,2021-11-16,3,0,SLAP_PGSF-APND,SLAP_PGSF-APND,SLAP_PGSF-APND,DAM,MCE,LMP_ENE_PRC,SLAP_PGSF-APND,ALL_APNODES,0,48.20079,78
2021-11-16T11:00:00-00:00,2021-11-16T12:00:00-00:00,2021-11-16,4,0,SLAP_PGSF-APND,SLAP_PGSF-APND,SLAP_PGSF-APND,DAM,MCE,LMP_ENE_PRC,SLAP_PGSF-APND,ALL_APNODES,0,49.4579,78
2021-11-16T12:00:00-00:00,2021-11-16T13:00:00-00:00,2021-11-16,5,0,SLAP_PGSF-APND,SLAP_PGSF-APND,SLAP_PGSF-APND,DAM,MCE,LMP_ENE_PRC,SLAP_PGSF-APND,ALL_APNODES,0,51.99279,78
2021-11-16T15:00:00-00:00,2021-11-16T16:00:00-00:00,2021-11-16,8,0,SLAP_PGSF-APND,SLAP_PGSF-APND,SLAP_PGSF-APND,DAM,MCE,LMP_ENE_PRC,SLAP_PGSF-APND,ALL_APNODES,0,65.89279,78
2021-11-16T16:00:00-00:00,2021-11-16T17:00:00-00:00,2021-11-16,9,0,SLAP_PGSF-APND,SLAP_PGSF-APND,SLAP_PGSF-APND,DAM,MCE,LMP_ENE_PRC,SLAP_PGSF-APND,ALL_APNODES,0,57.62815,78
2021-11-16T23:00:00-00:00,2021-11-17T00:00:00-00:00,2021-11-16,16,0,SLAP_PGSF-APND,SLAP_PGSF-APND,SLAP_PGSF-APND,DAM,MCE,LMP_ENE_PRC,SLAP_PGSF-APND,ALL_APNODES,0,61.46715,78
2021-11-17T05:00:00-00:00,2021-11-17T06:00:00-00:00,2021-11-16,22,0,SLAP_PGSF-APND,SLAP_PGSF-APND,SLAP_PGSF-APND,DAM,MCE,LMP_ENE_PRC,SLAP_PGSF-APND,ALL_APNODES,0,64.94176,78
2021-11-17T02:00:00-00:00,2021-11-17T03:00:00-00:00,2021-11-16,19,0,SLAP_PGSF-APND,SLAP_PGSF-APND,SLAP_PGSF-APND,DAM,MCE,LMP_ENE_PRC,SLAP_PGSF-APND,ALL_APNODES,0,79.60935,78
2021-11-16T13:00:00-00:00,2021-11-16T14:00:00-00:00,2021-11-16,6,0,SLAP_PGSF-APND,SLAP_PGSF-APND,SLAP_PGSF-APND,DAM,MCE,LMP_ENE_PRC,SLAP_PGSF-APND,ALL_APNODES,0,60.96931,78
2021-11-16T18:00:00-00:00,2021-11-16T19:00:00-00:00,2021-11-16,11,0,SLAP_PGSF-APND,SLAP_PGSF-APND,SLAP_PGSF-APND,DAM,MCE,LMP_ENE_PRC,SLAP_PGSF-APND,ALL_APNODES,0,50.9792,78
2021-11-16T19:00:00-00:00,2021-11-16T20:00:00-00:00,2021-11-16,12,0,SLAP_PGSF-APND,SLAP_PGSF-APND,SLAP_PGSF-APND,DAM,MCE,LMP_ENE_PRC,SLAP_PGSF-APND,ALL_APNODES,0,48.92129,78
2021-11-17T03:00:00-00:00,2021-11-17T04:00:00-00:00,2021-11-16,20,0,SLAP_PGSF-APND,SLAP_PGSF-APND,SLAP_PGSF-APND,DAM,MCE,LMP_ENE_PRC,SLAP_PGSF-APND,ALL_APNODES,0,73.23788,78
2021-11-17T01:00:00-00:00,2021-11-17T02:00:00-00:00,2021-11-16,18,0,SLAP_PGSF-APND,SLAP_PGSF-APND,SLAP_PGSF-APND,DAM,MCL,LMP_LOSS_PRC,SLAP_PGSF-APND,ALL_APNODES,0,7.06096,79
2021-11-16T21:00:00-00:00,2021-11-16T22:00:00-00:00,2021-11-16,14,0,SLAP_PGSF-APND,SLAP_PGSF-APND,SLAP_PGSF-APND,DAM,MCL,LMP_LOSS_PRC,SLAP_PGSF-APND,ALL_APNODES,0,3.35198,79
2021-11-17T07:00:00-00:00,2021-11-17T08:00:00-00:00,2021-11-16,24,0,SLAP_PGSF-APND,SLAP_PGSF-APND,SLAP_PGSF-APND,DAM,MCL,LMP_LOSS_PRC,SLAP_PGSF-APND,ALL_APNODES,0,2.03125,79
2021-11-16T16:00:00-00:00,2021-11-16T17:00:00-00:00,2021-11-16,9,0,SLAP_PGSF-APND,SLAP_PGSF-APND,SLAP_PGSF-APND,DAM,MCL,LMP_LOSS_PRC,SLAP_PGSF-APND,ALL_APNODES,0,5.15196,79
2021-11-16T23:00:00-00:00,2021-11-17T00:00:00-00:00,2021-11-16,16,0,SLAP_PGSF-APND,SLAP_PGSF-APND,SLAP_PGSF-APND,DAM,MCL,LMP_LOSS_PRC,SLAP_PGSF-APND,ALL_APNODES,0,2.86437,79
2021-11-17T02:00:00-00:00,2021-11-17T03:00:00-00:00,2021-11-16,19,0,SLAP_PGSF-APND,SLAP_PGSF-APND,SLAP_PGSF-APND,DAM,MCL,LMP_LOSS_PRC,SLAP_PGSF-APND,ALL_APNODES,0,5.28606,79
2021-11-17T05:00:00-00:00,2021-11-17T06:00:00-00:00,2021-11-16,22,0,SLAP_PGSF-APND,SLAP_PGSF-APND,SLAP_PGSF-APND,DAM,MCL,LMP_LOSS_PRC,SLAP_PGSF-APND,ALL_APNODES,0,3.03278,79
2021-11-16T17:00:00-00:00,2021-11-16T18:00:00-00:00,2021-11-16,10,0,SLAP_PGSF-APND,SLAP_PGSF-APND,SLAP_PGSF-APND,DAM,MCL,LMP_LOSS_PRC,SLAP_PGSF-APND,ALL_APNODES,0,5.38646,79
2021-11-16T11:00:00-00:00,2021-11-16T12:00:00-00:00,2021-11-16,4,0,SLAP_PGSF-APND,SLAP_PGSF-APND,SLAP_PGSF-APND,DAM,MCL,LMP_LOSS_PRC,SLAP_PGSF-APND,ALL_APNODES,0,1.00894,79
2021-11-16T14:00:00-00:00,2021-11-16T15:00:00-00:00,2021-11-16,7,0,SLAP_PGSF-APND,SLAP_PGSF-APND,SLAP_PGSF-APND,DAM,MCL,LMP_LOSS_PRC,SLAP_PGSF-APND,ALL_APNODES,0,4.18458,79
2021-11-16T15:00:00-00:00,2021-11-16T16:00:00-00:00,2021-11-16,8,0,SLAP_PGSF-APND,SLAP_PGSF-APND,SLAP_PGSF-APND,DAM,MCL,LMP_LOSS_PRC,SLAP_PGSF-APND,ALL_APNODES,0,4.88266,79
2021-11-17T00:00:00-00:00,2021-11-17T01:00:00-00:00,2021-11-16,17,0,SLAP_PGSF-APND,SLAP_PGSF-APND,SLAP_PGSF-APND,DAM,MCL,LMP_LOSS_PRC,SLAP_PGSF-APND,ALL_APNODES,0,4.77682,79
2021-11-17T06:00:00-00:00,2021-11-17T07:00:00-00:00,2021-11-16,23,0,SLAP_PGSF-APND,SLAP_PGSF-APND,SLAP_PGSF-APND,DAM,MCL,LMP_LOSS_PRC,SLAP_PGSF-APND,ALL_APNODES,0,2.07203,79
2021-11-16T12:00:00-00:00,2021-11-16T13:00:00-00:00,2021-11-16,5,0,SLAP_PGSF-APND,SLAP_PGSF-APND,SLAP_PGSF-APND,DAM,MCL,LMP_LOSS_PRC,SLAP_PGSF-APND,ALL_APNODES,0,1.27902,79
2021-11-16T18:00:00-00:00,2021-11-16T19:00:00-00:00,2021-11-16,11,0,SLAP_PGSF-APND,SLAP_PGSF-APND,SLAP_PGSF-APND,DAM,MCL,LMP_LOSS_PRC,SLAP_PGSF-APND,ALL_APNODES,0,4.76835,79
2021-11-16T22:00:00-00:00,2021-11-16T23:00:00-00:00,2021-11-16,15,0,SLAP_PGSF-APND,SLAP_PGSF-APND,SLAP_PGSF-APND,DAM,MCL,LMP_LOSS_PRC,SLAP_PGSF-APND,ALL_APNODES,0,3.59939,79
2021-11-16T20:00:00-00:00,2021-11-16T21:00:00-00:00,2021-11-16,13,0,SLAP_PGSF-APND,SLAP_PGSF-APND,SLAP_PGSF-APND,DAM,MCL,LMP_LOSS_PRC,SLAP_PGSF-APND,ALL_APNODES,0,4.47728,79
2021-11-16T19:00:00-00:00,2021-11-16T20:00:00-00:00,2021-11-16,12,0,SLAP_PGSF-APND,SLAP_PGSF-APND,SLAP_PGSF-APND,DAM,MCL,LMP_LOSS_PRC,SLAP_PGSF-APND,ALL_APNODES,0,4.49972,79
2021-11-16T09:00:00-00:00,2021-11-16T10:00:00-00:00,2021-11-16,2,0,SLAP_PGSF-APND,SLAP_PGSF-APND,SLAP_PGSF-APND,DAM,MCL,LMP_LOSS_PRC,SLAP_PGSF-APND,ALL_APNODES,0,1.19927,79
2021-11-16T08:00:00-00:00,2021-11-16T09:00:00-00:00,2021-11-16,1,0,SLAP_PGSF-APND,SLAP_PGSF-APND,SLAP_PGSF-APND,DAM,MCL,LMP_LOSS_PRC,SLAP_PGSF-APND,ALL_APNODES,0,1.34943,79
2021-11-16T10:00:00-00:00,2021-11-16T11:00:00-00:00,2021-11-16,3,0,SLAP_PGSF-APND,SLAP_PGSF-APND,SLAP_PGSF-APND,DAM,MCL,LMP_LOSS_PRC,SLAP_PGSF-APND,ALL_APNODES,0,1.01222,79
2021-11-17T03:00:00-00:00,2021-11-17T04:00:00-00:00,2021-11-16,20,0,SLAP_PGSF-APND,SLAP_PGSF-APND,SLAP_PGSF-APND,DAM,MCL,LMP_LOSS_PRC,SLAP_PGSF-APND,ALL_APNODES,0,4.79708,79
2021-11-16T13:00:00-00:00,2021-11-16T14:00:00-00:00,2021-11-16,6,0,SLAP_PGSF-APND,SLAP_PGSF-APND,SLAP_PGSF-APND,DAM,MCL,LMP_LOSS_PRC,SLAP_PGSF-APND,ALL_APNODES,0,1.56081,79
2021-11-17T04:00:00-00:00,2021-11-17T05:00:00-00:00,2021-11-16,21,0,SLAP_PGSF-APND,SLAP_PGSF-APND,SLAP_PGSF-APND,DAM,MCL,LMP_LOSS_PRC,SLAP_PGSF-APND,ALL_APNODES,0,0,79
2021-11-17T03:00:00-00:00,2021-11-17T04:00:00-00:00,2021-11-16,20,0,SLAP_PGSF-APND,SLAP_PGSF-APND,SLAP_PGSF-APND,DAM,MGHG,LMP_GHG_PRC,SLAP_PGSF-APND,ALL_APNODES,0,0,80
2021-11-17T05:00:00-00:00,2021-11-17T06:00:00-00:00,2021-11-16,22,0,SLAP_PGSF-APND,SLAP_PGSF-APND,SLAP_PGSF-APND,DAM,MGHG,LMP_GHG_PRC,SLAP_PGSF-APND,ALL_APNODES,0,0,80
2021-11-16T22:00:00-00:00,2021-11-16T23:00:00-00:00,2021-11-16,15,0,SLAP_PGSF-APND,SLAP_PGSF-APND,SLAP_PGSF-APND,DAM,MGHG,LMP_GHG_PRC,SLAP_PGSF-APND,ALL_APNODES,0,0,80
2021-11-16T15:00:00-00:00,2021-11-16T16:00:00-00:00,2021-11-16,8,0,SLAP_PGSF-APND,SLAP_PGSF-APND,SLAP_PGSF-APND,DAM,MGHG,LMP_GHG_PRC,SLAP_PGSF-APND,ALL_APNODES,0,0,80
2021-11-16T21:00:00-00:00,2021-11-16T22:00:00-00:00,2021-11-16,14,0,SLAP_PGSF-APND,SLAP_PGSF-APND,SLAP_PGSF-APND,DAM,MGHG,LMP_GHG_PRC,SLAP_PGSF-APND,ALL_APNODES,0,0,80
2021-11-16T09:00:00-00:00,2021-11-16T10:00:00-00:00,2021-11-16,2,0,SLAP_PGSF-APND,SLAP_PGSF-APND,SLAP_PGSF-APND,DAM,MGHG,LMP_GHG_PRC,SLAP_PGSF-APND,ALL_APNODES,0,0,80
2021-11-17T01:00:00-00:00,2021-11-17T02:00:00-00:00,2021-11-16,18,0,SLAP_PGSF-APND,SLAP_PGSF-APND,SLAP_PGSF-APND,DAM,MGHG,LMP_GHG_PRC,SLAP_PGSF-APND,ALL_APNODES,0,0,80
2021-11-17T02:00:00-00:00,2021-11-17T03:00:00-00:00,2021-11-16,19,0,SLAP_PGSF-APND,SLAP_PGSF-APND,SLAP_PGSF-APND,DAM,MGHG,LMP_GHG_PRC,SLAP_PGSF-APND,ALL_APNODES,0,0,80
2021-11-17T06:00:00-00:00,2021-11-17T07:00:00-00:00,2021-11-16,23,0,SLAP_PGSF-APND,SLAP_PGSF-APND,SLAP_PGSF-APND,DAM,MGHG,LMP_GHG_PRC,SLAP_PGSF-APND,ALL_APNODES,0,0,80
2021-11-16T12:00:00-00:00,2021-11-16T13:00:00-00:00,2021-11-16,5,0,SLAP_PGSF-APND,SLAP_PGSF-APND,SLAP_PGSF-APND,DAM,MGHG,LMP_GHG_PRC,SLAP_PGSF-APND,ALL_APNODES,0,0,80
2021-11-16T16:00:00-00:00,2021-11-16T17:00:00-00:00,2021-11-16,9,0,SLAP_PGSF-APND,SLAP_PGSF-APND,SLAP_PGSF-APND,DAM,MGHG,LMP_GHG_PRC,SLAP_PGSF-APND,ALL_APNODES,0,0,80
2021-11-16T19:00:00-00:00,2021-11-16T20:00:00-00:00,2021-11-16,12,0,SLAP_PGSF-APND,SLAP_PGSF-APND,SLAP_PGSF-APND,DAM,MGHG,LMP_GHG_PRC,SLAP_PGSF-APND,ALL_APNODES,0,0,80
2021-11-16T14:00:00-00:00,2021-11-16T15:00:00-00:00,2021-11-16,7,0,SLAP_PGSF-APND,SLAP_PGSF-APND,SLAP_PGSF-APND,DAM,MGHG,LMP_GHG_PRC,SLAP_PGSF-APND,ALL_APNODES,0,0,80
2021-11-16T23:00:00-00:00,2021-11-17T00:00:00-00:00,2021-11-16,16,0,SLAP_PGSF-APND,SLAP_PGSF-APND,SLAP_PGSF-APND,DAM,MGHG,LMP_GHG_PRC,SLAP_PGSF-APND,ALL_APNODES,0,0,80
2021-11-16T10:00:00-00:00,2021-11-16T11:00:00-00:00,2021-11-16,3,0,SLAP_PGSF-APND,SLAP_PGSF-APND,SLAP_PGSF-APND,DAM,MGHG,LMP_GHG_PRC,SLAP_PGSF-APND,ALL_APNODES,0,0,80
2021-11-17T00:00:00-00:00,2021-11-17T01:00:00-00:00,2021-11-16,17,0,SLAP_PGSF-APND,SLAP_PGSF-APND,SLAP_PGSF-APND,DAM,MGHG,LMP_GHG_PRC,SLAP_PGSF-APND,ALL_APNODES,0,0,80
2021-11-17T07:00:00-00:00,2021-11-17T08:00:00-00:00,2021-11-16,24,0,SLAP_PGSF-APND,SLAP_PGSF-APND,SLAP_PGSF-APND,DAM,MGHG,LMP_GHG_PRC,SLAP_PGSF-APND,ALL_APNODES,0,0,80
2021-11-16T20:00:00-00:00,2021-11-16T21:00:00-00:00,2021-11-16,13,0,SLAP_PGSF-APND,SLAP_PGSF-APND,SLAP_PGSF-APND,DAM,MGHG,LMP_GHG_PRC,SLAP_PGSF-APND,ALL_APNODES,0,0,80
2021-11-16T08:00:00-00:00,2021-11-16T09:00:00-00:00,2021-11-16,1,0,SLAP_PGSF-APND,SLAP_PGSF-APND,SLAP_PGSF-APND,DAM,MGHG,LMP_GHG_PRC,SLAP_PGSF-APND,ALL_APNODES,0,0,80
2021-11-16T11:00:00-00:00,2021-11-16T12:00:00-00:00,2021-11-16,4,0,SLAP_PGSF-APND,SLAP_PGSF-APND,SLAP_PGSF-APND,DAM,MGHG,LMP_GHG_PRC,SLAP_PGSF-APND,ALL_APNODES,0,0,80
2021-11-16T18:00:00-00:00,2021-11-16T19:00:00-00:00,2021-11-16,11,0,SLAP_PGSF-APND,SLAP_PGSF-APND,SLAP_PGSF-APND,DAM,MGHG,LMP_GHG_PRC,SLAP_PGSF-APND,ALL_APNODES,0,0,80
2021-11-17T04:00:00-00:00,2021-11-17T05:00:00-00:00,2021-11-16,21,0,SLAP_PGSF-APND,SLAP_PGSF-APND,SLAP_PGSF-APND,DAM,MGHG,LMP_GHG_PRC,SLAP_PGSF-APND,ALL_APNODES,0,0,80
2021-11-16T13:00:00-00:00,2021-11-16T14:00:00-00:00,2021-11-16,6,0,SLAP_PGSF-APND,SLAP_PGSF-APND,SLAP_PGSF-APND,DAM,MGHG,LMP_GHG_PRC,SLAP_PGSF-APND,ALL_APNODES,0,0,80
2021-11-16T17:00:00-00:00,2021-11-16T18:00:00-00:00,2021-11-16,10,0,SLAP_PGSF-APND,SLAP_PGSF-APND,SLAP_PGSF-APND,DAM,MGHG,LMP_GHG_PRC,SLAP_PGSF-APND,ALL_APNODES,0,0,80
2021-11-17T21:00:00-00:00,2021-11-17T22:00:00-00:00,2021-11-17,14,0,SLAP_PGSF-APND,SLAP_PGSF-APND,SLAP_PGSF-APND,DAM,LMP,LMP_PRC,SLAP_PGSF-APND,ALL_APNODES,0,51.43553,81
2021-11-17T16:00:00-00:00,2021-11-17T17:00:00-00:00,2021-11-17,9,0,SLAP_PGSF-APND,SLAP_PGSF-APND,SLAP_PGSF-APND,DAM,LMP,LMP_PRC,SLAP_PGSF-APND,ALL_APNODES,0,57.5,81
2021-11-18T04:00:00-00:00,2021-11-18T05:00:00-00:00,2021-11-17,21,0,SLAP_PGSF-APND,SLAP_PGSF-APND,SLAP_PGSF-APND,DAM,LMP,LMP_PRC,SLAP_PGSF-APND,ALL_APNODES,0,78.61,81
2021-11-18T01:00:00-00:00,2021-11-18T02:00:00-00:00,2021-11-17,18,0,SLAP_PGSF-APND,SLAP_PGSF-APND,SLAP_PGSF-APND,DAM,LMP,LMP_PRC,SLAP_PGSF-APND,ALL_APNODES,0,95.55487,81
2021-11-17T13:00:00-00:00,2021-11-17T14:00:00-00:00,2021-11-17,6,0,SLAP_PGSF-APND,SLAP_PGSF-APND,SLAP_PGSF-APND,DAM,LMP,LMP_PRC,SLAP_PGSF-APND,ALL_APNODES,0,71.766,81
2021-11-18T06:00:00-00:00,2021-11-18T07:00:00-00:00,2021-11-17,23,0,SLAP_PGSF-APND,SLAP_PGSF-APND,SLAP_PGSF-APND,DAM,LMP,LMP_PRC,SLAP_PGSF-APND,ALL_APNODES,0,60.91044,81
2021-11-17T10:00:00-00:00,2021-11-17T11:00:00-00:00,2021-11-17,3,0,SLAP_PGSF-APND,SLAP_PGSF-APND,SLAP_PGSF-APND,DAM,LMP,LMP_PRC,SLAP_PGSF-APND,ALL_APNODES,0,56.74346,81
2021-11-17T23:00:00-00:00,2021-11-18T00:00:00-00:00,2021-11-17,16,0,SLAP_PGSF-APND,SLAP_PGSF-APND,SLAP_PGSF-APND,DAM,LMP,LMP_PRC,SLAP_PGSF-APND,ALL_APNODES,0,63.26156,81
2021-11-17T14:00:00-00:00,2021-11-17T15:00:00-00:00,2021-11-17,7,0,SLAP_PGSF-APND,SLAP_PGSF-APND,SLAP_PGSF-APND,DAM,LMP,LMP_PRC,SLAP_PGSF-APND,ALL_APNODES,0,80.47765,81
2021-11-17T08:00:00-00:00,2021-11-17T09:00:00-00:00,2021-11-17,1,0,SLAP_PGSF-APND,SLAP_PGSF-APND,SLAP_PGSF-APND,DAM,LMP,LMP_PRC,SLAP_PGSF-APND,ALL_APNODES,0,60.95726,81
2021-11-17T15:00:00-00:00,2021-11-17T16:00:00-00:00,2021-11-17,8,0,SLAP_PGSF-APND,SLAP_PGSF-APND,SLAP_PGSF-APND,DAM,LMP,LMP_PRC,SLAP_PGSF-APND,ALL_APNODES,0,69.84574,81
2021-11-17T09:00:00-00:00,2021-11-17T10:00:00-00:00,2021-11-17,2,0,SLAP_PGSF-APND,SLAP_PGSF-APND,SLAP_PGSF-APND,DAM,LMP,LMP_PRC,SLAP_PGSF-APND,ALL_APNODES,0,57.24669,81
2021-11-17T22:00:00-00:00,2021-11-17T23:00:00-00:00,2021-11-17,15,0,SLAP_PGSF-APND,SLAP_PGSF-APND,SLAP_PGSF-APND,DAM,LMP,LMP_PRC,SLAP_PGSF-APND,ALL_APNODES,0,61.20613,81
2021-11-17T19:00:00-00:00,2021-11-17T20:00:00-00:00,2021-11-17,12,0,SLAP_PGSF-APND,SLAP_PGSF-APND,SLAP_PGSF-APND,DAM,LMP,LMP_PRC,SLAP_PGSF-APND,ALL_APNODES,0,49.15745,81
2021-11-17T18:00:00-00:00,2021-11-17T19:00:00-00:00,2021-11-17,11,0,SLAP_PGSF-APND,SLAP_PGSF-APND,SLAP_PGSF-APND,DAM,LMP,LMP_PRC,SLAP_PGSF-APND,ALL_APNODES,0,52.78789,81
2021-11-17T20:00:00-00:00,2021-11-17T21:00:00-00:00,2021-11-17,13,0,SLAP_PGSF-APND,SLAP_PGSF-APND,SLAP_PGSF-APND,DAM,LMP,LMP_PRC,SLAP_PGSF-APND,ALL_APNODES,0,49.5684,81
2021-11-17T17:00:00-00:00,2021-11-17T18:00:00-00:00,2021-11-17,10,0,SLAP_PGSF-APND,SLAP_PGSF-APND,SLAP_PGSF-APND,DAM,LMP,LMP_PRC,SLAP_PGSF-APND,ALL_APNODES,0,57.73545,81
2021-11-18T05:00:00-00:00,2021-11-18T06:00:00-00:00,2021-11-17,22,0,SLAP_PGSF-APND,SLAP_PGSF-APND,SLAP_PGSF-APND,DAM,LMP,LMP_PRC,SLAP_PGSF-APND,ALL_APNODES,0,66.91407,81
2021-11-18T00:00:00-00:00,2021-11-18T01:00:00-00:00,2021-11-17,17,0,SLAP_PGSF-APND,SLAP_PGSF-APND,SLAP_PGSF-APND,DAM,LMP,LMP_PRC,SLAP_PGSF-APND,ALL_APNODES,0,86.47,81
2021-11-18T02:00:00-00:00,2021-11-18T03:00:00-00:00,2021-11-17,19,0,SLAP_PGSF-APND,SLAP_PGSF-APND,SLAP_PGSF-APND,DAM,LMP,LMP_PRC,SLAP_PGSF-APND,ALL_APNODES,0,86.60491,81
2021-11-18T03:00:00-00:00,2021-11-18T04:00:00-00:00,2021-11-17,20,0,SLAP_PGSF-APND,SLAP_PGSF-APND,SLAP_PGSF-APND,DAM,LMP,LMP_PRC,SLAP_PGSF-APND,ALL_APNODES,0,80.34359,81
2021-11-17T11:00:00-00:00,2021-11-17T12:00:00-00:00,2021-11-17,4,0,SLAP_PGSF-APND,SLAP_PGSF-APND,SLAP_PGSF-APND,DAM,LMP,LMP_PRC,SLAP_PGSF-APND,ALL_APNODES,0,56.37304,81
2021-11-17T12:00:00-00:00,2021-11-17T13:00:00-00:00,2021-11-17,5,0,SLAP_PGSF-APND,SLAP_PGSF-APND,SLAP_PGSF-APND,DAM,LMP,LMP_PRC,SLAP_PGSF-APND,ALL_APNODES,0,61.59301,81
2021-11-18T07:00:00-00:00,2021-11-18T08:00:00-00:00,2021-11-17,24,0,SLAP_PGSF-APND,SLAP_PGSF-APND,SLAP_PGSF-APND,DAM,LMP,LMP_PRC,SLAP_PGSF-APND,ALL_APNODES,0,62.119,81
2021-11-18T00:00:00-00:00,2021-11-18T01:00:00-00:00,2021-11-17,17,0,SLAP_PGSF-APND,SLAP_PGSF-APND,SLAP_PGSF-APND,DAM,MCC,LMP_CONG_PRC,SLAP_PGSF-APND,ALL_APNODES,0,0,82
2021-11-18T05:00:00-00:00,2021-11-18T06:00:00-00:00,2021-11-17,22,0,SLAP_PGSF-APND,SLAP_PGSF-APND,SLAP_PGSF-APND,DAM,MCC,LMP_CONG_PRC,SLAP_PGSF-APND,ALL_APNODES,0,0,82
2021-11-17T23:00:00-00:00,2021-11-18T00:00:00-00:00,2021-11-17,16,0,SLAP_PGSF-APND,SLAP_PGSF-APND,SLAP_PGSF-APND,DAM,MCC,LMP_CONG_PRC,SLAP_PGSF-APND,ALL_APNODES,0,-0.76036,82
2021-11-18T07:00:00-00:00,2021-11-18T08:00:00-00:00,2021-11-17,24,0,SLAP_PGSF-APND,SLAP_PGSF-APND,SLAP_PGSF-APND,DAM,MCC,LMP_CONG_PRC,SLAP_PGSF-APND,ALL_APNODES,0,0,82
2021-11-17T18:00:00-00:00,2021-11-17T19:00:00-00:00,2021-11-17,11,0,SLAP_PGSF-APND,SLAP_PGSF-APND,SLAP_PGSF-APND,DAM,MCC,LMP_CONG_PRC,SLAP_PGSF-APND,ALL_APNODES,0,1.72111,82
2021-11-17T14:00:00-00:00,2021-11-17T15:00:00-00:00,2021-11-17,7,0,SLAP_PGSF-APND,SLAP_PGSF-APND,SLAP_PGSF-APND,DAM,MCC,LMP_CONG_PRC,SLAP_PGSF-APND,ALL_APNODES,0,0,82
2021-11-17T09:00:00-00:00,2021-11-17T10:00:00-00:00,2021-11-17,2,0,SLAP_PGSF-APND,SLAP_PGSF-APND,SLAP_PGSF-APND,DAM,MCC,LMP_CONG_PRC,SLAP_PGSF-APND,ALL_APNODES,0,0,82
2021-11-18T04:00:00-00:00,2021-11-18T05:00:00-00:00,2021-11-17,21,0,SLAP_PGSF-APND,SLAP_PGSF-APND,SLAP_PGSF-APND,DAM,MCC,LMP_CONG_PRC,SLAP_PGSF-APND,ALL_APNODES,0,0,82
2021-11-17T11:00:00-00:00,2021-11-17T12:00:00-00:00,2021-11-17,4,0,SLAP_PGSF-APND,SLAP_PGSF-APND,SLAP_PGSF-APND,DAM,MCC,LMP_CONG_PRC,SLAP_PGSF-APND,ALL_APNODES,0,0,82
2021-11-17T10:00:00-00:00,2021-11-17T11:00:00-00:00,2021-11-17,3,0,SLAP_PGSF-APND,SLAP_PGSF-APND,SLAP_PGSF-APND,DAM,MCC,LMP_CONG_PRC,SLAP_PGSF-APND,ALL_APNODES,0,0,82
2021-11-17T08:00:00-00:00,2021-11-17T09:00:00-00:00,2021-11-17,1,0,SLAP_PGSF-APND,SLAP_PGSF-APND,SLAP_PGSF-APND,DAM,MCC,LMP_CONG_PRC,SLAP_PGSF-APND,ALL_APNODES,0,0,82
2021-11-17T21:00:00-00:00,2021-11-17T22:00:00-00:00,2021-11-17,14,0,SLAP_PGSF-APND,SLAP_PGSF-APND,SLAP_PGSF-APND,DAM,MCC,LMP_CONG_PRC,SLAP_PGSF-APND,ALL_APNODES,0,0.31355,82
2021-11-17T16:00:00-00:00,2021-11-17T17:00:00-00:00,2021-11-17,9,0,SLAP_PGSF-APND,SLAP_PGSF-APND,SLAP_PGSF-APND,DAM,MCC,LMP_CONG_PRC,SLAP_PGSF-APND,ALL_APNODES,0,0,82
2021-11-18T02:00:00-00:00,2021-11-18T03:00:00-00:00,2021-11-17,19,0,SLAP_PGSF-APND,SLAP_PGSF-APND,SLAP_PGSF-APND,DAM,MCC,LMP_CONG_PRC,SLAP_PGSF-APND,ALL_APNODES,0,0.13491,82
2021-11-18T06:00:00-00:00,2021-11-18T07:00:00-00:00,2021-11-17,23,0,SLAP_PGSF-APND,SLAP_PGSF-APND,SLAP_PGSF-APND,DAM,MCC,LMP_CONG_PRC,SLAP_PGSF-APND,ALL_APNODES,0,0,82
2021-11-17T22:00:00-00:00,2021-11-17T23:00:00-00:00,2021-11-17,15,0,SLAP_PGSF-APND,SLAP_PGSF-APND,SLAP_PGSF-APND,DAM,MCC,LMP_CONG_PRC,SLAP_PGSF-APND,ALL_APNODES,0,0,82
2021-11-17T20:00:00-00:00,2021-11-17T21:00:00-00:00,2021-11-17,13,0,SLAP_PGSF-APND,SLAP_PGSF-APND,SLAP_PGSF-APND,DAM,MCC,LMP_CONG_PRC,SLAP_PGSF-APND,ALL_APNODES,0,0,82
2021-11-17T19:00:00-00:00,2021-11-17T20:00:00-00:00,2021-11-17,12,0,SLAP_PGSF-APND,SLAP_PGSF-APND,SLAP_PGSF-APND,DAM,MCC,LMP_CONG_PRC,SLAP_PGSF-APND,ALL_APNODES,0,0.06443,82
2021-11-17T17:00:00-00:00,2021-11-17T18:00:00-00:00,2021-11-17,10,0,SLAP_PGSF-APND,SLAP_PGSF-APND,SLAP_PGSF-APND,DAM,MCC,LMP_CONG_PRC,SLAP_PGSF-APND,ALL_APNODES,0,4.0883,82
2021-11-17T15:00:00-00:00,2021-11-17T16:00:00-00:00,2021-11-17,8,0,SLAP_PGSF-APND,SLAP_PGSF-APND,SLAP_PGSF-APND,DAM,MCC,LMP_CONG_PRC,SLAP_PGSF-APND,ALL_APNODES,0,-0.98996,82
2021-11-17T12:00:00-00:00,2021-11-17T13:00:00-00:00,2021-11-17,5,0,SLAP_PGSF-APND,SLAP_PGSF-APND,SLAP_PGSF-APND,DAM,MCC,LMP_CONG_PRC,SLAP_PGSF-APND,ALL_APNODES,0,0,82
2021-11-17T13:00:00-00:00,2021-11-17T14:00:00-00:00,2021-11-17,6,0,SLAP_PGSF-APND,SLAP_PGSF-APND,SLAP_PGSF-APND,DAM,MCC,LMP_CONG_PRC,SLAP_PGSF-APND,ALL_APNODES,0,0,82
2021-11-18T03:00:00-00:00,2021-11-18T04:00:00-00:00,2021-11-17,20,0,SLAP_PGSF-APND,SLAP_PGSF-APND,SLAP_PGSF-APND,DAM,MCC,LMP_CONG_PRC,SLAP_PGSF-APND,ALL_APNODES,0,0,82
2021-11-18T01:00:00-00:00,2021-11-18T02:00:00-00:00,2021-11-17,18,0,SLAP_PGSF-APND,SLAP_PGSF-APND,SLAP_PGSF-APND,DAM,MCC,LMP_CONG_PRC,SLAP_PGSF-APND,ALL_APNODES,0,0,82
2021-11-17T19:00:00-00:00,2021-11-17T20:00:00-00:00,2021-11-17,12,0,SLAP_PGSF-APND,SLAP_PGSF-APND,SLAP_PGSF-APND,DAM,MCE,LMP_ENE_PRC,SLAP_PGSF-APND,ALL_APNODES,0,49.09302,83
2021-11-17T10:00:00-00:00,2021-11-17T11:00:00-00:00,2021-11-17,3,0,SLAP_PGSF-APND,SLAP_PGSF-APND,SLAP_PGSF-APND,DAM,MCE,LMP_ENE_PRC,SLAP_PGSF-APND,ALL_APNODES,0,55.064,83
2021-11-18T03:00:00-00:00,2021-11-18T04:00:00-00:00,2021-11-17,20,0,SLAP_PGSF-APND,SLAP_PGSF-APND,SLAP_PGSF-APND,DAM,MCE,LMP_ENE_PRC,SLAP_PGSF-APND,ALL_APNODES,0,80.34359,83
2021-11-18T00:00:00-00:00,2021-11-18T01:00:00-00:00,2021-11-17,17,0,SLAP_PGSF-APND,SLAP_PGSF-APND,SLAP_PGSF-APND,DAM,MCE,LMP_ENE_PRC,SLAP_PGSF-APND,ALL_APNODES,0,86.47,83
2021-11-17T12:00:00-00:00,2021-11-17T13:00:00-00:00,2021-11-17,5,0,SLAP_PGSF-APND,SLAP_PGSF-APND,SLAP_PGSF-APND,DAM,MCE,LMP_ENE_PRC,SLAP_PGSF-APND,ALL_APNODES,0,60.30253,83
2021-11-17T14:00:00-00:00,2021-11-17T15:00:00-00:00,2021-11-17,7,0,SLAP_PGSF-APND,SLAP_PGSF-APND,SLAP_PGSF-APND,DAM,MCE,LMP_ENE_PRC,SLAP_PGSF-APND,ALL_APNODES,0,80.47765,83
2021-11-17T20:00:00-00:00,2021-11-17T21:00:00-00:00,2021-11-17,13,0,SLAP_PGSF-APND,SLAP_PGSF-APND,SLAP_PGSF-APND,DAM,MCE,LMP_ENE_PRC,SLAP_PGSF-APND,ALL_APNODES,0,49.5684,83
2021-11-17T23:00:00-00:00,2021-11-18T00:00:00-00:00,2021-11-17,16,0,SLAP_PGSF-APND,SLAP_PGSF-APND,SLAP_PGSF-APND,DAM,MCE,LMP_ENE_PRC,SLAP_PGSF-APND,ALL_APNODES,0,64.02193,83
2021-11-18T02:00:00-00:00,2021-11-18T03:00:00-00:00,2021-11-17,19,0,SLAP_PGSF-APND,SLAP_PGSF-APND,SLAP_PGSF-APND,DAM,MCE,LMP_ENE_PRC,SLAP_PGSF-APND,ALL_APNODES,0,86.47,83
2021-11-17T15:00:00-00:00,2021-11-17T16:00:00-00:00,2021-11-17,8,0,SLAP_PGSF-APND,SLAP_PGSF-APND,SLAP_PGSF-APND,DAM,MCE,LMP_ENE_PRC,SLAP_PGSF-APND,ALL_APNODES,0,70.83571,83
2021-11-17T21:00:00-00:00,2021-11-17T22:00:00-00:00,2021-11-17,14,0,SLAP_PGSF-APND,SLAP_PGSF-APND,SLAP_PGSF-APND,DAM,MCE,LMP_ENE_PRC,SLAP_PGSF-APND,ALL_APNODES,0,51.12198,83
2021-11-17T17:00:00-00:00,2021-11-17T18:00:00-00:00,2021-11-17,10,0,SLAP_PGSF-APND,SLAP_PGSF-APND,SLAP_PGSF-APND,DAM,MCE,LMP_ENE_PRC,SLAP_PGSF-APND,ALL_APNODES,0,53.64715,83
2021-11-17T18:00:00-00:00,2021-11-17T19:00:00-00:00,2021-11-17,11,0,SLAP_PGSF-APND,SLAP_PGSF-APND,SLAP_PGSF-APND,DAM,MCE,LMP_ENE_PRC,SLAP_PGSF-APND,ALL_APNODES,0,51.06678,83
2021-11-17T09:00:00-00:00,2021-11-17T10:00:00-00:00,2021-11-17,2,0,SLAP_PGSF-APND,SLAP_PGSF-APND,SLAP_PGSF-APND,DAM,MCE,LMP_ENE_PRC,SLAP_PGSF-APND,ALL_APNODES,0,55.97057,83
2021-11-18T01:00:00-00:00,2021-11-18T02:00:00-00:00,2021-11-17,18,0,SLAP_PGSF-APND,SLAP_PGSF-APND,SLAP_PGSF-APND,DAM,MCE,LMP_ENE_PRC,SLAP_PGSF-APND,ALL_APNODES,0,95.55487,83
2021-11-18T05:00:00-00:00,2021-11-18T06:00:00-00:00,2021-11-17,22,0,SLAP_PGSF-APND,SLAP_PGSF-APND,SLAP_PGSF-APND,DAM,MCE,LMP_ENE_PRC,SLAP_PGSF-APND,ALL_APNODES,0,66.91407,83
2021-11-17T13:00:00-00:00,2021-11-17T14:00:00-00:00,2021-11-17,6,0,SLAP_PGSF-APND,SLAP_PGSF-APND,SLAP_PGSF-APND,DAM,MCE,LMP_ENE_PRC,SLAP_PGSF-APND,ALL_APNODES,0,70.17993,83
2021-11-17T22:00:00-00:00,2021-11-17T23:00:00-00:00,2021-11-17,15,0,SLAP_PGSF-APND,SLAP_PGSF-APND,SLAP_PGSF-APND,DAM,MCE,LMP_ENE_PRC,SLAP_PGSF-APND,ALL_APNODES,0,56.83548,83
2021-11-17T08:00:00-00:00,2021-11-17T09:00:00-00:00,2021-11-17,1,0,SLAP_PGSF-APND,SLAP_PGSF-APND,SLAP_PGSF-APND,DAM,MCE,LMP_ENE_PRC,SLAP_PGSF-APND,ALL_APNODES,0,59.06139,83
2021-11-17T11:00:00-00:00,2021-11-17T12:00:00-00:00,2021-11-17,4,0,SLAP_PGSF-APND,SLAP_PGSF-APND,SLAP_PGSF-APND,DAM,MCE,LMP_ENE_PRC,SLAP_PGSF-APND,ALL_APNODES,0,55.21896,83
2021-11-18T04:00:00-00:00,2021-11-18T05:00:00-00:00,2021-11-17,21,0,SLAP_PGSF-APND,SLAP_PGSF-APND,SLAP_PGSF-APND,DAM,MCE,LMP_ENE_PRC,SLAP_PGSF-APND,ALL_APNODES,0,78.61,83
2021-11-18T06:00:00-00:00,2021-11-18T07:00:00-00:00,2021-11-17,23,0,SLAP_PGSF-APND,SLAP_PGSF-APND,SLAP_PGSF-APND,DAM,MCE,LMP_ENE_PRC,SLAP_PGSF-APND,ALL_APNODES,0,60.91044,83
2021-11-18T07:00:00-00:00,2021-11-18T08:00:00-00:00,2021-11-17,24,0,SLAP_PGSF-APND,SLAP_PGSF-APND,SLAP_PGSF-APND,DAM,MCE,LMP_ENE_PRC,SLAP_PGSF-APND,ALL_APNODES,0,60.68086,83
2021-11-17T16:00:00-00:00,2021-11-17T17:00:00-00:00,2021-11-17,9,0,SLAP_PGSF-APND,SLAP_PGSF-APND,SLAP_PGSF-APND,DAM,MCE,LMP_ENE_PRC,SLAP_PGSF-APND,ALL_APNODES,0,57.5,83
2021-11-17T11:00:00-00:00,2021-11-17T12:00:00-00:00,2021-11-17,4,0,SLAP_PGSF-APND,SLAP_PGSF-APND,SLAP_PGSF-APND,DAM,MCL,LMP_LOSS_PRC,SLAP_PGSF-APND,ALL_APNODES,0,1.15408,84
2021-11-18T02:00:00-00:00,2021-11-18T03:00:00-00:00,2021-11-17,19,0,SLAP_PGSF-APND,SLAP_PGSF-APND,SLAP_PGSF-APND,DAM,MCL,LMP_LOSS_PRC,SLAP_PGSF-APND,ALL_APNODES,0,0,84
2021-11-18T00:00:00-00:00,2021-11-18T01:00:00-00:00,2021-11-17,17,0,SLAP_PGSF-APND,SLAP_PGSF-APND,SLAP_PGSF-APND,DAM,MCL,LMP_LOSS_PRC,SLAP_PGSF-APND,ALL_APNODES,0,0,84
2021-11-17T12:00:00-00:00,2021-11-17T13:00:00-00:00,2021-11-17,5,0,SLAP_PGSF-APND,SLAP_PGSF-APND,SLAP_PGSF-APND,DAM,MCL,LMP_LOSS_PRC,SLAP_PGSF-APND,ALL_APNODES,0,1.29047,84
2021-11-17T18:00:00-00:00,2021-11-17T19:00:00-00:00,2021-11-17,11,0,SLAP_PGSF-APND,SLAP_PGSF-APND,SLAP_PGSF-APND,DAM,MCL,LMP_LOSS_PRC,SLAP_PGSF-APND,ALL_APNODES,0,0,84
2021-11-17T14:00:00-00:00,2021-11-17T15:00:00-00:00,2021-11-17,7,0,SLAP_PGSF-APND,SLAP_PGSF-APND,SLAP_PGSF-APND,DAM,MCL,LMP_LOSS_PRC,SLAP_PGSF-APND,ALL_APNODES,0,0,84
2021-11-17T09:00:00-00:00,2021-11-17T10:00:00-00:00,2021-11-17,2,0,SLAP_PGSF-APND,SLAP_PGSF-APND,SLAP_PGSF-APND,DAM,MCL,LMP_LOSS_PRC,SLAP_PGSF-APND,ALL_APNODES,0,1.27613,84
2021-11-17T16:00:00-00:00,2021-11-17T17:00:00-00:00,2021-11-17,9,0,SLAP_PGSF-APND,SLAP_PGSF-APND,SLAP_PGSF-APND,DAM,MCL,LMP_LOSS_PRC,SLAP_PGSF-APND,ALL_APNODES,0,0,84
2021-11-18T06:00:00-00:00,2021-11-18T07:00:00-00:00,2021-11-17,23,0,SLAP_PGSF-APND,SLAP_PGSF-APND,SLAP_PGSF-APND,DAM,MCL,LMP_LOSS_PRC,SLAP_PGSF-APND,ALL_APNODES,0,0,84
2021-11-17T10:00:00-00:00,2021-11-17T11:00:00-00:00,2021-11-17,3,0,SLAP_PGSF-APND,SLAP_PGSF-APND,SLAP_PGSF-APND,DAM,MCL,LMP_LOSS_PRC,SLAP_PGSF-APND,ALL_APNODES,0,1.67945,84
2021-11-17T08:00:00-00:00,2021-11-17T09:00:00-00:00,2021-11-17,1,0,SLAP_PGSF-APND,SLAP_PGSF-APND,SLAP_PGSF-APND,DAM,MCL,LMP_LOSS_PRC,SLAP_PGSF-APND,ALL_APNODES,0,1.89587,84
2021-11-17T22:00:00-00:00,2021-11-17T23:00:00-00:00,2021-11-17,15,0,SLAP_PGSF-APND,SLAP_PGSF-APND,SLAP_PGSF-APND,DAM,MCL,LMP_LOSS_PRC,SLAP_PGSF-APND,ALL_APNODES,0,4.37065,84
2021-11-17T17:00:00-00:00,2021-11-17T18:00:00-00:00,2021-11-17,10,0,SLAP_PGSF-APND,SLAP_PGSF-APND,SLAP_PGSF-APND,DAM,MCL,LMP_LOSS_PRC,SLAP_PGSF-APND,ALL_APNODES,0,0,84
2021-11-17T21:00:00-00:00,2021-11-17T22:00:00-00:00,2021-11-17,14,0,SLAP_PGSF-APND,SLAP_PGSF-APND,SLAP_PGSF-APND,DAM,MCL,LMP_LOSS_PRC,SLAP_PGSF-APND,ALL_APNODES,0,0,84
2021-11-17T15:00:00-00:00,2021-11-17T16:00:00-00:00,2021-11-17,8,0,SLAP_PGSF-APND,SLAP_PGSF-APND,SLAP_PGSF-APND,DAM,MCL,LMP_LOSS_PRC,SLAP_PGSF-APND,ALL_APNODES,0,0,84
2021-11-18T07:00:00-00:00,2021-11-18T08:00:00-00:00,2021-11-17,24,0,SLAP_PGSF-APND,SLAP_PGSF-APND,SLAP_PGSF-APND,DAM,MCL,LMP_LOSS_PRC,SLAP_PGSF-APND,ALL_APNODES,0,1.43814,84
2021-11-18T01:00:00-00:00,2021-11-18T02:00:00-00:00,2021-11-17,18,0,SLAP_PGSF-APND,SLAP_PGSF-APND,SLAP_PGSF-APND,DAM,MCL,LMP_LOSS_PRC,SLAP_PGSF-APND,ALL_APNODES,0,0,84
2021-11-17T23:00:00-00:00,2021-11-18T00:00:00-00:00,2021-11-17,16,0,SLAP_PGSF-APND,SLAP_PGSF-APND,SLAP_PGSF-APND,DAM,MCL,LMP_LOSS_PRC,SLAP_PGSF-APND,ALL_APNODES,0,0,84
2021-11-17T20:00:00-00:00,2021-11-17T21:00:00-00:00,2021-11-17,13,0,SLAP_PGSF-APND,SLAP_PGSF-APND,SLAP_PGSF-APND,DAM,MCL,LMP_LOSS_PRC,SLAP_PGSF-APND,ALL_APNODES,0,0,84
2021-11-17T19:00:00-00:00,2021-11-17T20:00:00-00:00,2021-11-17,12,0,SLAP_PGSF-APND,SLAP_PGSF-APND,SLAP_PGSF-APND,DAM,MCL,LMP_LOSS_PRC,SLAP_PGSF-APND,ALL_APNODES,0,0,84
2021-11-18T05:00:00-00:00,2021-11-18T06:00:00-00:00,2021-11-17,22,0,SLAP_PGSF-APND,SLAP_PGSF-APND,SLAP_PGSF-APND,DAM,MCL,LMP_LOSS_PRC,SLAP_PGSF-APND,ALL_APNODES,0,0,84
2021-11-18T03:00:00-00:00,2021-11-18T04:00:00-00:00,2021-11-17,20,0,SLAP_PGSF-APND,SLAP_PGSF-APND,SLAP_PGSF-APND,DAM,MCL,LMP_LOSS_PRC,SLAP_PGSF-APND,ALL_APNODES,0,0,84
2021-11-18T04:00:00-00:00,2021-11-18T05:00:00-00:00,2021-11-17,21,0,SLAP_PGSF-APND,SLAP_PGSF-APND,SLAP_PGSF-APND,DAM,MCL,LMP_LOSS_PRC,SLAP_PGSF-APND,ALL_APNODES,0,0,84
2021-11-17T13:00:00-00:00,2021-11-17T14:00:00-00:00,2021-11-17,6,0,SLAP_PGSF-APND,SLAP_PGSF-APND,SLAP_PGSF-APND,DAM,MCL,LMP_LOSS_PRC,SLAP_PGSF-APND,ALL_APNODES,0,1.58607,84
2021-11-17T13:00:00-00:00,2021-11-17T14:00:00-00:00,2021-11-17,6,0,SLAP_PGSF-APND,SLAP_PGSF-APND,SLAP_PGSF-APND,DAM,MGHG,LMP_GHG_PRC,SLAP_PGSF-APND,ALL_APNODES,0,0,85
2021-11-17T17:00:00-00:00,2021-11-17T18:00:00-00:00,2021-11-17,10,0,SLAP_PGSF-APND,SLAP_PGSF-APND,SLAP_PGSF-APND,DAM,MGHG,LMP_GHG_PRC,SLAP_PGSF-APND,ALL_APNODES,0,0,85
2021-11-17T12:00:00-00:00,2021-11-17T13:00:00-00:00,2021-11-17,5,0,SLAP_PGSF-APND,SLAP_PGSF-APND,SLAP_PGSF-APND,DAM,MGHG,LMP_GHG_PRC,SLAP_PGSF-APND,ALL_APNODES,0,0,85
2021-11-18T07:00:00-00:00,2021-11-18T08:00:00-00:00,2021-11-17,24,0,SLAP_PGSF-APND,SLAP_PGSF-APND,SLAP_PGSF-APND,DAM,MGHG,LMP_GHG_PRC,SLAP_PGSF-APND,ALL_APNODES,0,0,85
2021-11-18T00:00:00-00:00,2021-11-18T01:00:00-00:00,2021-11-17,17,0,SLAP_PGSF-APND,SLAP_PGSF-APND,SLAP_PGSF-APND,DAM,MGHG,LMP_GHG_PRC,SLAP_PGSF-APND,ALL_APNODES,0,0,85
2021-11-18T03:00:00-00:00,2021-11-18T04:00:00-00:00,2021-11-17,20,0,SLAP_PGSF-APND,SLAP_PGSF-APND,SLAP_PGSF-APND,DAM,MGHG,LMP_GHG_PRC,SLAP_PGSF-APND,ALL_APNODES,0,0,85
2021-11-17T11:00:00-00:00,2021-11-17T12:00:00-00:00,2021-11-17,4,0,SLAP_PGSF-APND,SLAP_PGSF-APND,SLAP_PGSF-APND,DAM,MGHG,LMP_GHG_PRC,SLAP_PGSF-APND,ALL_APNODES,0,0,85
2021-11-17T10:00:00-00:00,2021-11-17T11:00:00-00:00,2021-11-17,3,0,SLAP_PGSF-APND,SLAP_PGSF-APND,SLAP_PGSF-APND,DAM,MGHG,LMP_GHG_PRC,SLAP_PGSF-APND,ALL_APNODES,0,0,85
2021-11-17T08:00:00-00:00,2021-11-17T09:00:00-00:00,2021-11-17,1,0,SLAP_PGSF-APND,SLAP_PGSF-APND,SLAP_PGSF-APND,DAM,MGHG,LMP_GHG_PRC,SLAP_PGSF-APND,ALL_APNODES,0,0,85
2021-11-17T21:00:00-00:00,2021-11-17T22:00:00-00:00,2021-11-17,14,0,SLAP_PGSF-APND,SLAP_PGSF-APND,SLAP_PGSF-APND,DAM,MGHG,LMP_GHG_PRC,SLAP_PGSF-APND,ALL_APNODES,0,0,85
2021-11-17T23:00:00-00:00,2021-11-18T00:00:00-00:00,2021-11-17,16,0,SLAP_PGSF-APND,SLAP_PGSF-APND,SLAP_PGSF-APND,DAM,MGHG,LMP_GHG_PRC,SLAP_PGSF-APND,ALL_APNODES,0,0,85
2021-11-17T20:00:00-00:00,2021-11-17T21:00:00-00:00,2021-11-17,13,0,SLAP_PGSF-APND,SLAP_PGSF-APND,SLAP_PGSF-APND,DAM,MGHG,LMP_GHG_PRC,SLAP_PGSF-APND,ALL_APNODES,0,0,85
2021-11-17T18:00:00-00:00,2021-11-17T19:00:00-00:00,2021-11-17,11,0,SLAP_PGSF-APND,SLAP_PGSF-APND,SLAP_PGSF-APND,DAM,MGHG,LMP_GHG_PRC,SLAP_PGSF-APND,ALL_APNODES,0,0,85
2021-11-17T15:00:00-00:00,2021-11-17T16:00:00-00:00,2021-11-17,8,0,SLAP_PGSF-APND,SLAP_PGSF-APND,SLAP_PGSF-APND,DAM,MGHG,LMP_GHG_PRC,SLAP_PGSF-APND,ALL_APNODES,0,0,85
2021-11-17T19:00:00-00:00,2021-11-17T20:00:00-00:00,2021-11-17,12,0,SLAP_PGSF-APND,SLAP_PGSF-APND,SLAP_PGSF-APND,DAM,MGHG,LMP_GHG_PRC,SLAP_PGSF-APND,ALL_APNODES,0,0,85
2021-11-18T02:00:00-00:00,2021-11-18T03:00:00-00:00,2021-11-17,19,0,SLAP_PGSF-APND,SLAP_PGSF-APND,SLAP_PGSF-APND,DAM,MGHG,LMP_GHG_PRC,SLAP_PGSF-APND,ALL_APNODES,0,0,85
2021-11-17T22:00:00-00:00,2021-11-17T23:00:00-00:00,2021-11-17,15,0,SLAP_PGSF-APND,SLAP_PGSF-APND,SLAP_PGSF-APND,DAM,MGHG,LMP_GHG_PRC,SLAP_PGSF-APND,ALL_APNODES,0,0,85
2021-11-17T09:00:00-00:00,2021-11-17T10:00:00-00:00,2021-11-17,2,0,SLAP_PGSF-APND,SLAP_PGSF-APND,SLAP_PGSF-APND,DAM,MGHG,LMP_GHG_PRC,SLAP_PGSF-APND,ALL_APNODES,0,0,85
2021-11-17T14:00:00-00:00,2021-11-17T15:00:00-00:00,2021-11-17,7,0,SLAP_PGSF-APND,SLAP_PGSF-APND,SLAP_PGSF-APND,DAM,MGHG,LMP_GHG_PRC,SLAP_PGSF-APND,ALL_APNODES,0,0,85
2021-11-18T05:00:00-00:00,2021-11-18T06:00:00-00:00,2021-11-17,22,0,SLAP_PGSF-APND,SLAP_PGSF-APND,SLAP_PGSF-APND,DAM,MGHG,LMP_GHG_PRC,SLAP_PGSF-APND,ALL_APNODES,0,0,85
2021-11-18T04:00:00-00:00,2021-11-18T05:00:00-00:00,2021-11-17,21,0,SLAP_PGSF-APND,SLAP_PGSF-APND,SLAP_PGSF-APND,DAM,MGHG,LMP_GHG_PRC,SLAP_PGSF-APND,ALL_APNODES,0,0,85
2021-11-17T16:00:00-00:00,2021-11-17T17:00:00-00:00,2021-11-17,9,0,SLAP_PGSF-APND,SLAP_PGSF-APND,SLAP_PGSF-APND,DAM,MGHG,LMP_GHG_PRC,SLAP_PGSF-APND,ALL_APNODES,0,0,85
2021-11-18T01:00:00-00:00,2021-11-18T02:00:00-00:00,2021-11-17,18,0,SLAP_PGSF-APND,SLAP_PGSF-APND,SLAP_PGSF-APND,DAM,MGHG,LMP_GHG_PRC,SLAP_PGSF-APND,ALL_APNODES,0,0,85
2021-11-18T06:00:00-00:00,2021-11-18T07:00:00-00:00,2021-11-17,23,0,SLAP_PGSF-APND,SLAP_PGSF-APND,SLAP_PGSF-APND,DAM,MGHG,LMP_GHG_PRC,SLAP_PGSF-APND,ALL_APNODES,0,0,85
2021-11-19T03:00:00-00:00,2021-11-19T04:00:00-00:00,2021-11-18,20,0,SLAP_PGSF-APND,SLAP_PGSF-APND,SLAP_PGSF-APND,DAM,LMP,LMP_PRC,SLAP_PGSF-APND,ALL_APNODES,0,81.13,86
2021-11-19T01:00:00-00:00,2021-11-19T02:00:00-00:00,2021-11-18,18,0,SLAP_PGSF-APND,SLAP_PGSF-APND,SLAP_PGSF-APND,DAM,LMP,LMP_PRC,SLAP_PGSF-APND,ALL_APNODES,0,101.98809,86
2021-11-18T14:00:00-00:00,2021-11-18T15:00:00-00:00,2021-11-18,7,0,SLAP_PGSF-APND,SLAP_PGSF-APND,SLAP_PGSF-APND,DAM,LMP,LMP_PRC,SLAP_PGSF-APND,ALL_APNODES,0,81.80472,86
2021-11-18T17:00:00-00:00,2021-11-18T18:00:00-00:00,2021-11-18,10,0,SLAP_PGSF-APND,SLAP_PGSF-APND,SLAP_PGSF-APND,DAM,LMP,LMP_PRC,SLAP_PGSF-APND,ALL_APNODES,0,57.14738,86
2021-11-18T23:00:00-00:00,2021-11-19T00:00:00-00:00,2021-11-18,16,0,SLAP_PGSF-APND,SLAP_PGSF-APND,SLAP_PGSF-APND,DAM,LMP,LMP_PRC,SLAP_PGSF-APND,ALL_APNODES,0,74.79284,86
2021-11-19T07:00:00-00:00,2021-11-19T08:00:00-00:00,2021-11-18,24,0,SLAP_PGSF-APND,SLAP_PGSF-APND,SLAP_PGSF-APND,DAM,LMP,LMP_PRC,SLAP_PGSF-APND,ALL_APNODES,0,63.86855,86
2021-11-18T19:00:00-00:00,2021-11-18T20:00:00-00:00,2021-11-18,12,0,SLAP_PGSF-APND,SLAP_PGSF-APND,SLAP_PGSF-APND,DAM,LMP,LMP_PRC,SLAP_PGSF-APND,ALL_APNODES,0,70.10838,86
2021-11-18T08:00:00-00:00,2021-11-18T09:00:00-00:00,2021-11-18,1,0,SLAP_PGSF-APND,SLAP_PGSF-APND,SLAP_PGSF-APND,DAM,LMP,LMP_PRC,SLAP_PGSF-APND,ALL_APNODES,0,61.65107,86
2021-11-18T16:00:00-00:00,2021-11-18T17:00:00-00:00,2021-11-18,9,0,SLAP_PGSF-APND,SLAP_PGSF-APND,SLAP_PGSF-APND,DAM,LMP,LMP_PRC,SLAP_PGSF-APND,ALL_APNODES,0,58.88,86
2021-11-18T15:00:00-00:00,2021-11-18T16:00:00-00:00,2021-11-18,8,0,SLAP_PGSF-APND,SLAP_PGSF-APND,SLAP_PGSF-APND,DAM,LMP,LMP_PRC,SLAP_PGSF-APND,ALL_APNODES,0,70.04594,86
2021-11-18T13:00:00-00:00,2021-11-18T14:00:00-00:00,2021-11-18,6,0,SLAP_PGSF-APND,SLAP_PGSF-APND,SLAP_PGSF-APND,DAM,LMP,LMP_PRC,SLAP_PGSF-APND,ALL_APNODES,0,78.32604,86
2021-11-18T20:00:00-00:00,2021-11-18T21:00:00-00:00,2021-11-18,13,0,SLAP_PGSF-APND,SLAP_PGSF-APND,SLAP_PGSF-APND,DAM,LMP,LMP_PRC,SLAP_PGSF-APND,ALL_APNODES,0,77.5781,86
2021-11-18T11:00:00-00:00,2021-11-18T12:00:00-00:00,2021-11-18,4,0,SLAP_PGSF-APND,SLAP_PGSF-APND,SLAP_PGSF-APND,DAM,LMP,LMP_PRC,SLAP_PGSF-APND,ALL_APNODES,0,58.39859,86
2021-11-19T06:00:00-00:00,2021-11-19T07:00:00-00:00,2021-11-18,23,0,SLAP_PGSF-APND,SLAP_PGSF-APND,SLAP_PGSF-APND,DAM,LMP,LMP_PRC,SLAP_PGSF-APND,ALL_APNODES,0,69.38225,86
2021-11-19T00:00:00-00:00,2021-11-19T01:00:00-00:00,2021-11-18,17,0,SLAP_PGSF-APND,SLAP_PGSF-APND,SLAP_PGSF-APND,DAM,LMP,LMP_PRC,SLAP_PGSF-APND,ALL_APNODES,0,89.49106,86
2021-11-19T02:00:00-00:00,2021-11-19T03:00:00-00:00,2021-11-18,19,0,SLAP_PGSF-APND,SLAP_PGSF-APND,SLAP_PGSF-APND,DAM,LMP,LMP_PRC,SLAP_PGSF-APND,ALL_APNODES,0,97.30771,86
2021-11-18T12:00:00-00:00,2021-11-18T13:00:00-00:00,2021-11-18,5,0,SLAP_PGSF-APND,SLAP_PGSF-APND,SLAP_PGSF-APND,DAM,LMP,LMP_PRC,SLAP_PGSF-APND,ALL_APNODES,0,60,86
2021-11-18T10:00:00-00:00,2021-11-18T11:00:00-00:00,2021-11-18,3,0,SLAP_PGSF-APND,SLAP_PGSF-APND,SLAP_PGSF-APND,DAM,LMP,LMP_PRC,SLAP_PGSF-APND,ALL_APNODES,0,58.90746,86
2021-11-18T09:00:00-00:00,2021-11-18T10:00:00-00:00,2021-11-18,2,0,SLAP_PGSF-APND,SLAP_PGSF-APND,SLAP_PGSF-APND,DAM,LMP,LMP_PRC,SLAP_PGSF-APND,ALL_APNODES,0,57,86
2021-11-18T21:00:00-00:00,2021-11-18T22:00:00-00:00,2021-11-18,14,0,SLAP_PGSF-APND,SLAP_PGSF-APND,SLAP_PGSF-APND,DAM,LMP,LMP_PRC,SLAP_PGSF-APND,ALL_APNODES,0,54.54183,86
2021-11-18T18:00:00-00:00,2021-11-18T19:00:00-00:00,2021-11-18,11,0,SLAP_PGSF-APND,SLAP_PGSF-APND,SLAP_PGSF-APND,DAM,LMP,LMP_PRC,SLAP_PGSF-APND,ALL_APNODES,0,56.38554,86
2021-11-19T05:00:00-00:00,2021-11-19T06:00:00-00:00,2021-11-18,22,0,SLAP_PGSF-APND,SLAP_PGSF-APND,SLAP_PGSF-APND,DAM,LMP,LMP_PRC,SLAP_PGSF-APND,ALL_APNODES,0,76.98537,86
2021-11-19T04:00:00-00:00,2021-11-19T05:00:00-00:00,2021-11-18,21,0,SLAP_PGSF-APND,SLAP_PGSF-APND,SLAP_PGSF-APND,DAM,LMP,LMP_PRC,SLAP_PGSF-APND,ALL_APNODES,0,76.71,86
2021-11-18T22:00:00-00:00,2021-11-18T23:00:00-00:00,2021-11-18,15,0,SLAP_PGSF-APND,SLAP_PGSF-APND,SLAP_PGSF-APND,DAM,LMP,LMP_PRC,SLAP_PGSF-APND,ALL_APNODES,0,202.3178,86
2021-11-19T00:00:00-00:00,2021-11-19T01:00:00-00:00,2021-11-18,17,0,SLAP_PGSF-APND,SLAP_PGSF-APND,SLAP_PGSF-APND,DAM,MCC,LMP_CONG_PRC,SLAP_PGSF-APND,ALL_APNODES,0,0,87
2021-11-18T21:00:00-00:00,2021-11-18T22:00:00-00:00,2021-11-18,14,0,SLAP_PGSF-APND,SLAP_PGSF-APND,SLAP_PGSF-APND,DAM,MCC,LMP_CONG_PRC,SLAP_PGSF-APND,ALL_APNODES,0,0,87
2021-11-18T10:00:00-00:00,2021-11-18T11:00:00-00:00,2021-11-18,3,0,SLAP_PGSF-APND,SLAP_PGSF-APND,SLAP_PGSF-APND,DAM,MCC,LMP_CONG_PRC,SLAP_PGSF-APND,ALL_APNODES,0,0,87
2021-11-18T13:00:00-00:00,2021-11-18T14:00:00-00:00,2021-11-18,6,0,SLAP_PGSF-APND,SLAP_PGSF-APND,SLAP_PGSF-APND,DAM,MCC,LMP_CONG_PRC,SLAP_PGSF-APND,ALL_APNODES,0,0,87
2021-11-19T07:00:00-00:00,2021-11-19T08:00:00-00:00,2021-11-18,24,0,SLAP_PGSF-APND,SLAP_PGSF-APND,SLAP_PGSF-APND,DAM,MCC,LMP_CONG_PRC,SLAP_PGSF-APND,ALL_APNODES,0,0,87
2021-11-19T04:00:00-00:00,2021-11-19T05:00:00-00:00,2021-11-18,21,0,SLAP_PGSF-APND,SLAP_PGSF-APND,SLAP_PGSF-APND,DAM,MCC,LMP_CONG_PRC,SLAP_PGSF-APND,ALL_APNODES,0,0,87
2021-11-19T06:00:00-00:00,2021-11-19T07:00:00-00:00,2021-11-18,23,0,SLAP_PGSF-APND,SLAP_PGSF-APND,SLAP_PGSF-APND,DAM,MCC,LMP_CONG_PRC,SLAP_PGSF-APND,ALL_APNODES,0,0,87
2021-11-18T12:00:00-00:00,2021-11-18T13:00:00-00:00,2021-11-18,5,0,SLAP_PGSF-APND,SLAP_PGSF-APND,SLAP_PGSF-APND,DAM,MCC,LMP_CONG_PRC,SLAP_PGSF-APND,ALL_APNODES,0,0,87
2021-11-18T14:00:00-00:00,2021-11-18T15:00:00-00:00,2021-11-18,7,0,SLAP_PGSF-APND,SLAP_PGSF-APND,SLAP_PGSF-APND,DAM,MCC,LMP_CONG_PRC,SLAP_PGSF-APND,ALL_APNODES,0,0,87
2021-11-19T03:00:00-00:00,2021-11-19T04:00:00-00:00,2021-11-18,20,0,SLAP_PGSF-APND,SLAP_PGSF-APND,SLAP_PGSF-APND,DAM,MCC,LMP_CONG_PRC,SLAP_PGSF-APND,ALL_APNODES,0,0,87
2021-11-19T02:00:00-00:00,2021-11-19T03:00:00-00:00,2021-11-18,19,0,SLAP_PGSF-APND,SLAP_PGSF-APND,SLAP_PGSF-APND,DAM,MCC,LMP_CONG_PRC,SLAP_PGSF-APND,ALL_APNODES,0,3.72553,87
2021-11-19T01:00:00-00:00,2021-11-19T02:00:00-00:00,2021-11-18,18,0,SLAP_PGSF-APND,SLAP_PGSF-APND,SLAP_PGSF-APND,DAM,MCC,LMP_CONG_PRC,SLAP_PGSF-APND,ALL_APNODES,0,0,87
2021-11-18T16:00:00-00:00,2021-11-18T17:00:00-00:00,2021-11-18,9,0,SLAP_PGSF-APND,SLAP_PGSF-APND,SLAP_PGSF-APND,DAM,MCC,LMP_CONG_PRC,SLAP_PGSF-APND,ALL_APNODES,0,0,87
2021-11-18T18:00:00-00:00,2021-11-18T19:00:00-00:00,2021-11-18,11,0,SLAP_PGSF-APND,SLAP_PGSF-APND,SLAP_PGSF-APND,DAM,MCC,LMP_CONG_PRC,SLAP_PGSF-APND,ALL_APNODES,0,0,87
2021-11-18T17:00:00-00:00,2021-11-18T18:00:00-00:00,2021-11-18,10,0,SLAP_PGSF-APND,SLAP_PGSF-APND,SLAP_PGSF-APND,DAM,MCC,LMP_CONG_PRC,SLAP_PGSF-APND,ALL_APNODES,0,0.81418,87
2021-11-18T20:00:00-00:00,2021-11-18T21:00:00-00:00,2021-11-18,13,0,SLAP_PGSF-APND,SLAP_PGSF-APND,SLAP_PGSF-APND,DAM,MCC,LMP_CONG_PRC,SLAP_PGSF-APND,ALL_APNODES,0,16.47039,87
2021-11-18T11:00:00-00:00,2021-11-18T12:00:00-00:00,2021-11-18,4,0,SLAP_PGSF-APND,SLAP_PGSF-APND,SLAP_PGSF-APND,DAM,MCC,LMP_CONG_PRC,SLAP_PGSF-APND,ALL_APNODES,0,0,87
2021-11-18T09:00:00-00:00,2021-11-18T10:00:00-00:00,2021-11-18,2,0,SLAP_PGSF-APND,SLAP_PGSF-APND,SLAP_PGSF-APND,DAM,MCC,LMP_CONG_PRC,SLAP_PGSF-APND,ALL_APNODES,0,0,87
2021-11-18T08:00:00-00:00,2021-11-18T09:00:00-00:00,2021-11-18,1,0,SLAP_PGSF-APND,SLAP_PGSF-APND,SLAP_PGSF-APND,DAM,MCC,LMP_CONG_PRC,SLAP_PGSF-APND,ALL_APNODES,0,0,87
2021-11-18T15:00:00-00:00,2021-11-18T16:00:00-00:00,2021-11-18,8,0,SLAP_PGSF-APND,SLAP_PGSF-APND,SLAP_PGSF-APND,DAM,MCC,LMP_CONG_PRC,SLAP_PGSF-APND,ALL_APNODES,0,0,87
2021-11-19T05:00:00-00:00,2021-11-19T06:00:00-00:00,2021-11-18,22,0,SLAP_PGSF-APND,SLAP_PGSF-APND,SLAP_PGSF-APND,DAM,MCC,LMP_CONG_PRC,SLAP_PGSF-APND,ALL_APNODES,0,0,87
2021-11-18T22:00:00-00:00,2021-11-18T23:00:00-00:00,2021-11-18,15,0,SLAP_PGSF-APND,SLAP_PGSF-APND,SLAP_PGSF-APND,DAM,MCC,LMP_CONG_PRC,SLAP_PGSF-APND,ALL_APNODES,0,138.84436,87
2021-11-18T23:00:00-00:00,2021-11-19T00:00:00-00:00,2021-11-18,16,0,SLAP_PGSF-APND,SLAP_PGSF-APND,SLAP_PGSF-APND,DAM,MCC,LMP_CONG_PRC,SLAP_PGSF-APND,ALL_APNODES,0,0,87
2021-11-18T19:00:00-00:00,2021-11-18T20:00:00-00:00,2021-11-18,12,0,SLAP_PGSF-APND,SLAP_PGSF-APND,SLAP_PGSF-APND,DAM,MCC,LMP_CONG_PRC,SLAP_PGSF-APND,ALL_APNODES,0,9.15366,87
2021-11-19T01:00:00-00:00,2021-11-19T02:00:00-00:00,2021-11-18,18,0,SLAP_PGSF-APND,SLAP_PGSF-APND,SLAP_PGSF-APND,DAM,MCE,LMP_ENE_PRC,SLAP_PGSF-APND,ALL_APNODES,0,101.98809,88
2021-11-18T18:00:00-00:00,2021-11-18T19:00:00-00:00,2021-11-18,11,0,SLAP_PGSF-APND,SLAP_PGSF-APND,SLAP_PGSF-APND,DAM,MCE,LMP_ENE_PRC,SLAP_PGSF-APND,ALL_APNODES,0,56.38554,88
2021-11-18T22:00:00-00:00,2021-11-18T23:00:00-00:00,2021-11-18,15,0,SLAP_PGSF-APND,SLAP_PGSF-APND,SLAP_PGSF-APND,DAM,MCE,LMP_ENE_PRC,SLAP_PGSF-APND,ALL_APNODES,0,59.30577,88
2021-11-18T09:00:00-00:00,2021-11-18T10:00:00-00:00,2021-11-18,2,0,SLAP_PGSF-APND,SLAP_PGSF-APND,SLAP_PGSF-APND,DAM,MCE,LMP_ENE_PRC,SLAP_PGSF-APND,ALL_APNODES,0,57,88
2021-11-18T10:00:00-00:00,2021-11-18T11:00:00-00:00,2021-11-18,3,0,SLAP_PGSF-APND,SLAP_PGSF-APND,SLAP_PGSF-APND,DAM,MCE,LMP_ENE_PRC,SLAP_PGSF-APND,ALL_APNODES,0,57.01458,88
2021-11-19T05:00:00-00:00,2021-11-19T06:00:00-00:00,2021-11-18,22,0,SLAP_PGSF-APND,SLAP_PGSF-APND,SLAP_PGSF-APND,DAM,MCE,LMP_ENE_PRC,SLAP_PGSF-APND,ALL_APNODES,0,73.14525,88
2021-11-18T11:00:00-00:00,2021-11-18T12:00:00-00:00,2021-11-18,4,0,SLAP_PGSF-APND,SLAP_PGSF-APND,SLAP_PGSF-APND,DAM,MCE,LMP_ENE_PRC,SLAP_PGSF-APND,ALL_APNODES,0,57.20304,88
2021-11-19T03:00:00-00:00,2021-11-19T04:00:00-00:00,2021-11-18,20,0,SLAP_PGSF-APND,SLAP_PGSF-APND,SLAP_PGSF-APND,DAM,MCE,LMP_ENE_PRC,SLAP_PGSF-APND,ALL_APNODES,0,81.13,88
2021-11-19T02:00:00-00:00,2021-11-19T03:00:00-00:00,2021-11-18,19,0,SLAP_PGSF-APND,SLAP_PGSF-APND,SLAP_PGSF-APND,DAM,MCE,LMP_ENE_PRC,SLAP_PGSF-APND,ALL_APNODES,0,87.50905,88
2021-11-19T04:00:00-00:00,2021-11-19T05:00:00-00:00,2021-11-18,21,0,SLAP_PGSF-APND,SLAP_PGSF-APND,SLAP_PGSF-APND,DAM,MCE,LMP_ENE_PRC,SLAP_PGSF-APND,ALL_APNODES,0,76.71,88
2021-11-18T13:00:00-00:00,2021-11-18T14:00:00-00:00,2021-11-18,6,0,SLAP_PGSF-APND,SLAP_PGSF-APND,SLAP_PGSF-APND,DAM,MCE,LMP_ENE_PRC,SLAP_PGSF-APND,ALL_APNODES,0,75.91204,88
2021-11-19T00:00:00-00:00,2021-11-19T01:00:00-00:00,2021-11-18,17,0,SLAP_PGSF-APND,SLAP_PGSF-APND,SLAP_PGSF-APND,DAM,MCE,LMP_ENE_PRC,SLAP_PGSF-APND,ALL_APNODES,0,89.49106,88
2021-11-18T23:00:00-00:00,2021-11-19T00:00:00-00:00,2021-11-18,16,0,SLAP_PGSF-APND,SLAP_PGSF-APND,SLAP_PGSF-APND,DAM,MCE,LMP_ENE_PRC,SLAP_PGSF-APND,ALL_APNODES,0,70.77963,88
2021-11-18T20:00:00-00:00,2021-11-18T21:00:00-00:00,2021-11-18,13,0,SLAP_PGSF-APND,SLAP_PGSF-APND,SLAP_PGSF-APND,DAM,MCE,LMP_ENE_PRC,SLAP_PGSF-APND,ALL_APNODES,0,55.62541,88
2021-11-18T14:00:00-00:00,2021-11-18T15:00:00-00:00,2021-11-18,7,0,SLAP_PGSF-APND,SLAP_PGSF-APND,SLAP_PGSF-APND,DAM,MCE,LMP_ENE_PRC,SLAP_PGSF-APND,ALL_APNODES,0,81.80472,88
2021-11-18T15:00:00-00:00,2021-11-18T16:00:00-00:00,2021-11-18,8,0,SLAP_PGSF-APND,SLAP_PGSF-APND,SLAP_PGSF-APND,DAM,MCE,LMP_ENE_PRC,SLAP_PGSF-APND,ALL_APNODES,0,70.04594,88
2021-11-18T21:00:00-00:00,2021-11-18T22:00:00-00:00,2021-11-18,14,0,SLAP_PGSF-APND,SLAP_PGSF-APND,SLAP_PGSF-APND,DAM,MCE,LMP_ENE_PRC,SLAP_PGSF-APND,ALL_APNODES,0,54.54183,88
2021-11-18T12:00:00-00:00,2021-11-18T13:00:00-00:00,2021-11-18,5,0,SLAP_PGSF-APND,SLAP_PGSF-APND,SLAP_PGSF-APND,DAM,MCE,LMP_ENE_PRC,SLAP_PGSF-APND,ALL_APNODES,0,60,88
2021-11-18T17:00:00-00:00,2021-11-18T18:00:00-00:00,2021-11-18,10,0,SLAP_PGSF-APND,SLAP_PGSF-APND,SLAP_PGSF-APND,DAM,MCE,LMP_ENE_PRC,SLAP_PGSF-APND,ALL_APNODES,0,56.3332,88
2021-11-19T06:00:00-00:00,2021-11-19T07:00:00-00:00,2021-11-18,23,0,SLAP_PGSF-APND,SLAP_PGSF-APND,SLAP_PGSF-APND,DAM,MCE,LMP_ENE_PRC,SLAP_PGSF-APND,ALL_APNODES,0,66.14132,88
2021-11-19T07:00:00-00:00,2021-11-19T08:00:00-00:00,2021-11-18,24,0,SLAP_PGSF-APND,SLAP_PGSF-APND,SLAP_PGSF-APND,DAM,MCE,LMP_ENE_PRC,SLAP_PGSF-APND,ALL_APNODES,0,62.22579,88
2021-11-18T16:00:00-00:00,2021-11-18T17:00:00-00:00,2021-11-18,9,0,SLAP_PGSF-APND,SLAP_PGSF-APND,SLAP_PGSF-APND,DAM,MCE,LMP_ENE_PRC,SLAP_PGSF-APND,ALL_APNODES,0,58.88,88
2021-11-18T08:00:00-00:00,2021-11-18T09:00:00-00:00,2021-11-18,1,0,SLAP_PGSF-APND,SLAP_PGSF-APND,SLAP_PGSF-APND,DAM,MCE,LMP_ENE_PRC,SLAP_PGSF-APND,ALL_APNODES,0,59.76836,88
2021-11-18T19:00:00-00:00,2021-11-18T20:00:00-00:00,2021-11-18,12,0,SLAP_PGSF-APND,SLAP_PGSF-APND,SLAP_PGSF-APND,DAM,MCE,LMP_ENE_PRC,SLAP_PGSF-APND,ALL_APNODES,0,55.30399,88
2021-11-18T21:00:00-00:00,2021-11-18T22:00:00-00:00,2021-11-18,14,0,SLAP_PGSF-APND,SLAP_PGSF-APND,SLAP_PGSF-APND,DAM,MCL,LMP_LOSS_PRC,SLAP_PGSF-APND,ALL_APNODES,0,0,89
2021-11-19T00:00:00-00:00,2021-11-19T01:00:00-00:00,2021-11-18,17,0,SLAP_PGSF-APND,SLAP_PGSF-APND,SLAP_PGSF-APND,DAM,MCL,LMP_LOSS_PRC,SLAP_PGSF-APND,ALL_APNODES,0,0,89
2021-11-19T05:00:00-00:00,2021-11-19T06:00:00-00:00,2021-11-18,22,0,SLAP_PGSF-APND,SLAP_PGSF-APND,SLAP_PGSF-APND,DAM,MCL,LMP_LOSS_PRC,SLAP_PGSF-APND,ALL_APNODES,0,3.84013,89
2021-11-18T23:00:00-00:00,2021-11-19T00:00:00-00:00,2021-11-18,16,0,SLAP_PGSF-APND,SLAP_PGSF-APND,SLAP_PGSF-APND,DAM,MCL,LMP_LOSS_PRC,SLAP_PGSF-APND,ALL_APNODES,0,4.01321,89
2021-11-19T04:00:00-00:00,2021-11-19T05:00:00-00:00,2021-11-18,21,0,SLAP_PGSF-APND,SLAP_PGSF-APND,SLAP_PGSF-APND,DAM,MCL,LMP_LOSS_PRC,SLAP_PGSF-APND,ALL_APNODES,0,0,89
2021-11-19T01:00:00-00:00,2021-11-19T02:00:00-00:00,2021-11-18,18,0,SLAP_PGSF-APND,SLAP_PGSF-APND,SLAP_PGSF-APND,DAM,MCL,LMP_LOSS_PRC,SLAP_PGSF-APND,ALL_APNODES,0,0,89
2021-11-19T07:00:00-00:00,2021-11-19T08:00:00-00:00,2021-11-18,24,0,SLAP_PGSF-APND,SLAP_PGSF-APND,SLAP_PGSF-APND,DAM,MCL,LMP_LOSS_PRC,SLAP_PGSF-APND,ALL_APNODES,0,1.64276,89
2021-11-18T11:00:00-00:00,2021-11-18T12:00:00-00:00,2021-11-18,4,0,SLAP_PGSF-APND,SLAP_PGSF-APND,SLAP_PGSF-APND,DAM,MCL,LMP_LOSS_PRC,SLAP_PGSF-APND,ALL_APNODES,0,1.19554,89
2021-11-18T18:00:00-00:00,2021-11-18T19:00:00-00:00,2021-11-18,11,0,SLAP_PGSF-APND,SLAP_PGSF-APND,SLAP_PGSF-APND,DAM,MCL,LMP_LOSS_PRC,SLAP_PGSF-APND,ALL_APNODES,0,0,89
2021-11-19T06:00:00-00:00,2021-11-19T07:00:00-00:00,2021-11-18,23,0,SLAP_PGSF-APND,SLAP_PGSF-APND,SLAP_PGSF-APND,DAM,MCL,LMP_LOSS_PRC,SLAP_PGSF-APND,ALL_APNODES,0,3.24092,89
2021-11-18T15:00:00-00:00,2021-11-18T16:00:00-00:00,2021-11-18,8,0,SLAP_PGSF-APND,SLAP_PGSF-APND,SLAP_PGSF-APND,DAM,MCL,LMP_LOSS_PRC,SLAP_PGSF-APND,ALL_APNODES,0,0,89
2021-11-18T13:00:00-00:00,2021-11-18T14:00:00-00:00,2021-11-18,6,0,SLAP_PGSF-APND,SLAP_PGSF-APND,SLAP_PGSF-APND,DAM,MCL,LMP_LOSS_PRC,SLAP_PGSF-APND,ALL_APNODES,0,2.414,89
2021-11-18T09:00:00-00:00,2021-11-18T10:00:00-00:00,2021-11-18,2,0,SLAP_PGSF-APND,SLAP_PGSF-APND,SLAP_PGSF-APND,DAM,MCL,LMP_LOSS_PRC,SLAP_PGSF-APND,ALL_APNODES,0,0,89
2021-11-18T12:00:00-00:00,2021-11-18T13:00:00-00:00,2021-11-18,5,0,SLAP_PGSF-APND,SLAP_PGSF-APND,SLAP_PGSF-APND,DAM,MCL,LMP_LOSS_PRC,SLAP_PGSF-APND,ALL_APNODES,0,0,89
2021-11-18T16:00:00-00:00,2021-11-18T17:00:00-00:00,2021-11-18,9,0,SLAP_PGSF-APND,SLAP_PGSF-APND,SLAP_PGSF-APND,DAM,MCL,LMP_LOSS_PRC,SLAP_PGSF-APND,ALL_APNODES,0,0,89
2021-11-18T19:00:00-00:00,2021-11-18T20:00:00-00:00,2021-11-18,12,0,SLAP_PGSF-APND,SLAP_PGSF-APND,SLAP_PGSF-APND,DAM,MCL,LMP_LOSS_PRC,SLAP_PGSF-APND,ALL_APNODES,0,5.65072,89
2021-11-18T14:00:00-00:00,2021-11-18T15:00:00-00:00,2021-11-18,7,0,SLAP_PGSF-APND,SLAP_PGSF-APND,SLAP_PGSF-APND,DAM,MCL,LMP_LOSS_PRC,SLAP_PGSF-APND,ALL_APNODES,0,0,89
2021-11-18T10:00:00-00:00,2021-11-18T11:00:00-00:00,2021-11-18,3,0,SLAP_PGSF-APND,SLAP_PGSF-APND,SLAP_PGSF-APND,DAM,MCL,LMP_LOSS_PRC,SLAP_PGSF-APND,ALL_APNODES,0,1.89288,89
2021-11-19T03:00:00-00:00,2021-11-19T04:00:00-00:00,2021-11-18,20,0,SLAP_PGSF-APND,SLAP_PGSF-APND,SLAP_PGSF-APND,DAM,MCL,LMP_LOSS_PRC,SLAP_PGSF-APND,ALL_APNODES,0,0,89
2021-11-19T02:00:00-00:00,2021-11-19T03:00:00-00:00,2021-11-18,19,0,SLAP_PGSF-APND,SLAP_PGSF-APND,SLAP_PGSF-APND,DAM,MCL,LMP_LOSS_PRC,SLAP_PGSF-APND,ALL_APNODES,0,6.07313,89
2021-11-18T17:00:00-00:00,2021-11-18T18:00:00-00:00,2021-11-18,10,0,SLAP_PGSF-APND,SLAP_PGSF-APND,SLAP_PGSF-APND,DAM,MCL,LMP_LOSS_PRC,SLAP_PGSF-APND,ALL_APNODES,0,0,89
2021-11-18T20:00:00-00:00,2021-11-18T21:00:00-00:00,2021-11-18,13,0,SLAP_PGSF-APND,SLAP_PGSF-APND,SLAP_PGSF-APND,DAM,MCL,LMP_LOSS_PRC,SLAP_PGSF-APND,ALL_APNODES,0,5.4823,89
2021-11-18T22:00:00-00:00,2021-11-18T23:00:00-00:00,2021-11-18,15,0,SLAP_PGSF-APND,SLAP_PGSF-APND,SLAP_PGSF-APND,DAM,MCL,LMP_LOSS_PRC,SLAP_PGSF-APND,ALL_APNODES,0,4.16766,89
2021-11-18T08:00:00-00:00,2021-11-18T09:00:00-00:00,2021-11-18,1,0,SLAP_PGSF-APND,SLAP_PGSF-APND,SLAP_PGSF-APND,DAM,MCL,LMP_LOSS_PRC,SLAP_PGSF-APND,ALL_APNODES,0,1.8827,89
2021-11-18T11:00:00-00:00,2021-11-18T12:00:00-00:00,2021-11-18,4,0,SLAP_PGSF-APND,SLAP_PGSF-APND,SLAP_PGSF-APND,DAM,MGHG,LMP_GHG_PRC,SLAP_PGSF-APND,ALL_APNODES,0,0,90
2021-11-18T22:00:00-00:00,2021-11-18T23:00:00-00:00,2021-11-18,15,0,SLAP_PGSF-APND,SLAP_PGSF-APND,SLAP_PGSF-APND,DAM,MGHG,LMP_GHG_PRC,SLAP_PGSF-APND,ALL_APNODES,0,0,90
2021-11-19T07:00:00-00:00,2021-11-19T08:00:00-00:00,2021-11-18,24,0,SLAP_PGSF-APND,SLAP_PGSF-APND,SLAP_PGSF-APND,DAM,MGHG,LMP_GHG_PRC,SLAP_PGSF-APND,ALL_APNODES,0,0,90
2021-11-19T06:00:00-00:00,2021-11-19T07:00:00-00:00,2021-11-18,23,0,SLAP_PGSF-APND,SLAP_PGSF-APND,SLAP_PGSF-APND,DAM,MGHG,LMP_GHG_PRC,SLAP_PGSF-APND,ALL_APNODES,0,0,90
2021-11-19T05:00:00-00:00,2021-11-19T06:00:00-00:00,2021-11-18,22,0,SLAP_PGSF-APND,SLAP_PGSF-APND,SLAP_PGSF-APND,DAM,MGHG,LMP_GHG_PRC,SLAP_PGSF-APND,ALL_APNODES,0,0,90
2021-11-18T17:00:00-00:00,2021-11-18T18:00:00-00:00,2021-11-18,10,0,SLAP_PGSF-APND,SLAP_PGSF-APND,SLAP_PGSF-APND,DAM,MGHG,LMP_GHG_PRC,SLAP_PGSF-APND,ALL_APNODES,0,0,90
2021-11-18T14:00:00-00:00,2021-11-18T15:00:00-00:00,2021-11-18,7,0,SLAP_PGSF-APND,SLAP_PGSF-APND,SLAP_PGSF-APND,DAM,MGHG,LMP_GHG_PRC,SLAP_PGSF-APND,ALL_APNODES,0,0,90
2021-11-19T02:00:00-00:00,2021-11-19T03:00:00-00:00,2021-11-18,19,0,SLAP_PGSF-APND,SLAP_PGSF-APND,SLAP_PGSF-APND,DAM,MGHG,LMP_GHG_PRC,SLAP_PGSF-APND,ALL_APNODES,0,0,90
2021-11-18T20:00:00-00:00,2021-11-18T21:00:00-00:00,2021-11-18,13,0,SLAP_PGSF-APND,SLAP_PGSF-APND,SLAP_PGSF-APND,DAM,MGHG,LMP_GHG_PRC,SLAP_PGSF-APND,ALL_APNODES,0,0,90
2021-11-18T12:00:00-00:00,2021-11-18T13:00:00-00:00,2021-11-18,5,0,SLAP_PGSF-APND,SLAP_PGSF-APND,SLAP_PGSF-APND,DAM,MGHG,LMP_GHG_PRC,SLAP_PGSF-APND,ALL_APNODES,0,0,90
2021-11-19T04:00:00-00:00,2021-11-19T05:00:00-00:00,2021-11-18,21,0,SLAP_PGSF-APND,SLAP_PGSF-APND,SLAP_PGSF-APND,DAM,MGHG,LMP_GHG_PRC,SLAP_PGSF-APND,ALL_APNODES,0,0,90
2021-11-18T19:00:00-00:00,2021-11-18T20:00:00-00:00,2021-11-18,12,0,SLAP_PGSF-APND,SLAP_PGSF-APND,SLAP_PGSF-APND,DAM,MGHG,LMP_GHG_PRC,SLAP_PGSF-APND,ALL_APNODES,0,0,90
2021-11-18T10:00:00-00:00,2021-11-18T11:00:00-00:00,2021-11-18,3,0,SLAP_PGSF-APND,SLAP_PGSF-APND,SLAP_PGSF-APND,DAM,MGHG,LMP_GHG_PRC,SLAP_PGSF-APND,ALL_APNODES,0,0,90
2021-11-18T09:00:00-00:00,2021-11-18T10:00:00-00:00,2021-11-18,2,0,SLAP_PGSF-APND,SLAP_PGSF-APND,SLAP_PGSF-APND,DAM,MGHG,LMP_GHG_PRC,SLAP_PGSF-APND,ALL_APNODES,0,0,90
2021-11-18T23:00:00-00:00,2021-11-19T00:00:00-00:00,2021-11-18,16,0,SLAP_PGSF-APND,SLAP_PGSF-APND,SLAP_PGSF-APND,DAM,MGHG,LMP_GHG_PRC,SLAP_PGSF-APND,ALL_APNODES,0,0,90
2021-11-18T21:00:00-00:00,2021-11-18T22:00:00-00:00,2021-11-18,14,0,SLAP_PGSF-APND,SLAP_PGSF-APND,SLAP_PGSF-APND,DAM,MGHG,LMP_GHG_PRC,SLAP_PGSF-APND,ALL_APNODES,0,0,90
2021-11-18T18:00:00-00:00,2021-11-18T19:00:00-00:00,2021-11-18,11,0,SLAP_PGSF-APND,SLAP_PGSF-APND,SLAP_PGSF-APND,DAM,MGHG,LMP_GHG_PRC,SLAP_PGSF-APND,ALL_APNODES,0,0,90
2021-11-18T13:00:00-00:00,2021-11-18T14:00:00-00:00,2021-11-18,6,0,SLAP_PGSF-APND,SLAP_PGSF-APND,SLAP_PGSF-APND,DAM,MGHG,LMP_GHG_PRC,SLAP_PGSF-APND,ALL_APNODES,0,0,90
2021-11-19T01:00:00-00:00,2021-11-19T02:00:00-00:00,2021-11-18,18,0,SLAP_PGSF-APND,SLAP_PGSF-APND,SLAP_PGSF-APND,DAM,MGHG,LMP_GHG_PRC,SLAP_PGSF-APND,ALL_APNODES,0,0,90
2021-11-18T08:00:00-00:00,2021-11-18T09:00:00-00:00,2021-11-18,1,0,SLAP_PGSF-APND,SLAP_PGSF-APND,SLAP_PGSF-APND,DAM,MGHG,LMP_GHG_PRC,SLAP_PGSF-APND,ALL_APNODES,0,0,90
2021-11-18T16:00:00-00:00,2021-11-18T17:00:00-00:00,2021-11-18,9,0,SLAP_PGSF-APND,SLAP_PGSF-APND,SLAP_PGSF-APND,DAM,MGHG,LMP_GHG_PRC,SLAP_PGSF-APND,ALL_APNODES,0,0,90
2021-11-18T15:00:00-00:00,2021-11-18T16:00:00-00:00,2021-11-18,8,0,SLAP_PGSF-APND,SLAP_PGSF-APND,SLAP_PGSF-APND,DAM,MGHG,LMP_GHG_PRC,SLAP_PGSF-APND,ALL_APNODES,0,0,90
2021-11-19T03:00:00-00:00,2021-11-19T04:00:00-00:00,2021-11-18,20,0,SLAP_PGSF-APND,SLAP_PGSF-APND,SLAP_PGSF-APND,DAM,MGHG,LMP_GHG_PRC,SLAP_PGSF-APND,ALL_APNODES,0,0,90
2021-11-19T00:00:00-00:00,2021-11-19T01:00:00-00:00,2021-11-18,17,0,SLAP_PGSF-APND,SLAP_PGSF-APND,SLAP_PGSF-APND,DAM,MGHG,LMP_GHG_PRC,SLAP_PGSF-APND,ALL_APNODES,0,0,90
2021-11-19T08:00:00-00:00,2021-11-19T09:00:00-00:00,2021-11-19,1,0,SLAP_PGSF-APND,SLAP_PGSF-APND,SLAP_PGSF-APND,DAM,LMP,LMP_PRC,SLAP_PGSF-APND,ALL_APNODES,0,61.81986,91
2021-11-19T11:00:00-00:00,2021-11-19T12:00:00-00:00,2021-11-19,4,0,SLAP_PGSF-APND,SLAP_PGSF-APND,SLAP_PGSF-APND,DAM,LMP,LMP_PRC,SLAP_PGSF-APND,ALL_APNODES,0,58.64842,91
2021-11-20T07:00:00-00:00,2021-11-20T08:00:00-00:00,2021-11-19,24,0,SLAP_PGSF-APND,SLAP_PGSF-APND,SLAP_PGSF-APND,DAM,LMP,LMP_PRC,SLAP_PGSF-APND,ALL_APNODES,0,62.83287,91
2021-11-20T02:00:00-00:00,2021-11-20T03:00:00-00:00,2021-11-19,19,0,SLAP_PGSF-APND,SLAP_PGSF-APND,SLAP_PGSF-APND,DAM,LMP,LMP_PRC,SLAP_PGSF-APND,ALL_APNODES,0,85.55489,91
2021-11-20T01:00:00-00:00,2021-11-20T02:00:00-00:00,2021-11-19,18,0,SLAP_PGSF-APND,SLAP_PGSF-APND,SLAP_PGSF-APND,DAM,LMP,LMP_PRC,SLAP_PGSF-APND,ALL_APNODES,0,99.36407,91
2021-11-19T10:00:00-00:00,2021-11-19T11:00:00-00:00,2021-11-19,3,0,SLAP_PGSF-APND,SLAP_PGSF-APND,SLAP_PGSF-APND,DAM,LMP,LMP_PRC,SLAP_PGSF-APND,ALL_APNODES,0,59.77939,91
2021-11-20T00:00:00-00:00,2021-11-20T01:00:00-00:00,2021-11-19,17,0,SLAP_PGSF-APND,SLAP_PGSF-APND,SLAP_PGSF-APND,DAM,LMP,LMP_PRC,SLAP_PGSF-APND,ALL_APNODES,0,80,91
2021-11-19T19:00:00-00:00,2021-11-19T20:00:00-00:00,2021-11-19,12,0,SLAP_PGSF-APND,SLAP_PGSF-APND,SLAP_PGSF-APND,DAM,LMP,LMP_PRC,SLAP_PGSF-APND,ALL_APNODES,0,83.49138,91
2021-11-19T18:00:00-00:00,2021-11-19T19:00:00-00:00,2021-11-19,11,0,SLAP_PGSF-APND,SLAP_PGSF-APND,SLAP_PGSF-APND,DAM,LMP,LMP_PRC,SLAP_PGSF-APND,ALL_APNODES,0,58.46413,91
2021-11-19T22:00:00-00:00,2021-11-19T23:00:00-00:00,2021-11-19,15,0,SLAP_PGSF-APND,SLAP_PGSF-APND,SLAP_PGSF-APND,DAM,LMP,LMP_PRC,SLAP_PGSF-APND,ALL_APNODES,0,56.74206,91
2021-11-19T20:00:00-00:00,2021-11-19T21:00:00-00:00,2021-11-19,13,0,SLAP_PGSF-APND,SLAP_PGSF-APND,SLAP_PGSF-APND,DAM,LMP,LMP_PRC,SLAP_PGSF-APND,ALL_APNODES,0,96.90761,91
2021-11-19T17:00:00-00:00,2021-11-19T18:00:00-00:00,2021-11-19,10,0,SLAP_PGSF-APND,SLAP_PGSF-APND,SLAP_PGSF-APND,DAM,LMP,LMP_PRC,SLAP_PGSF-APND,ALL_APNODES,0,55.01141,91
2021-11-19T16:00:00-00:00,2021-11-19T17:00:00-00:00,2021-11-19,9,0,SLAP_PGSF-APND,SLAP_PGSF-APND,SLAP_PGSF-APND,DAM,LMP,LMP_PRC,SLAP_PGSF-APND,ALL_APNODES,0,59.55746,91
2021-11-19T15:00:00-00:00,2021-11-19T16:00:00-00:00,2021-11-19,8,0,SLAP_PGSF-APND,SLAP_PGSF-APND,SLAP_PGSF-APND,DAM,LMP,LMP_PRC,SLAP_PGSF-APND,ALL_APNODES,0,67.02175,91
2021-11-19T23:00:00-00:00,2021-11-20T00:00:00-00:00,2021-11-19,16,0,SLAP_PGSF-APND,SLAP_PGSF-APND,SLAP_PGSF-APND,DAM,LMP,LMP_PRC,SLAP_PGSF-APND,ALL_APNODES,0,62,91
2021-11-19T21:00:00-00:00,2021-11-19T22:00:00-00:00,2021-11-19,14,0,SLAP_PGSF-APND,SLAP_PGSF-APND,SLAP_PGSF-APND,DAM,LMP,LMP_PRC,SLAP_PGSF-APND,ALL_APNODES,0,54.12795,91
2021-11-19T13:00:00-00:00,2021-11-19T14:00:00-00:00,2021-11-19,6,0,SLAP_PGSF-APND,SLAP_PGSF-APND,SLAP_PGSF-APND,DAM,LMP,LMP_PRC,SLAP_PGSF-APND,ALL_APNODES,0,66.81,91
2021-11-19T14:00:00-00:00,2021-11-19T15:00:00-00:00,2021-11-19,7,0,SLAP_PGSF-APND,SLAP_PGSF-APND,SLAP_PGSF-APND,DAM,LMP,LMP_PRC,SLAP_PGSF-APND,ALL_APNODES,0,75.54198,91
2021-11-20T03:00:00-00:00,2021-11-20T04:00:00-00:00,2021-11-19,20,0,SLAP_PGSF-APND,SLAP_PGSF-APND,SLAP_PGSF-APND,DAM,LMP,LMP_PRC,SLAP_PGSF-APND,ALL_APNODES,0,81.10949,91
2021-11-19T12:00:00-00:00,2021-11-19T13:00:00-00:00,2021-11-19,5,0,SLAP_PGSF-APND,SLAP_PGSF-APND,SLAP_PGSF-APND,DAM,LMP,LMP_PRC,SLAP_PGSF-APND,ALL_APNODES,0,60.64339,91
2021-11-19T09:00:00-00:00,2021-11-19T10:00:00-00:00,2021-11-19,2,0,SLAP_PGSF-APND,SLAP_PGSF-APND,SLAP_PGSF-APND,DAM,LMP,LMP_PRC,SLAP_PGSF-APND,ALL_APNODES,0,59.39175,91
2021-11-20T06:00:00-00:00,2021-11-20T07:00:00-00:00,2021-11-19,23,0,SLAP_PGSF-APND,SLAP_PGSF-APND,SLAP_PGSF-APND,DAM,LMP,LMP_PRC,SLAP_PGSF-APND,ALL_APNODES,0,65.26018,91
2021-11-20T05:00:00-00:00,2021-11-20T06:00:00-00:00,2021-11-19,22,0,SLAP_PGSF-APND,SLAP_PGSF-APND,SLAP_PGSF-APND,DAM,LMP,LMP_PRC,SLAP_PGSF-APND,ALL_APNODES,0,70.3898,91
2021-11-20T04:00:00-00:00,2021-11-20T05:00:00-00:00,2021-11-19,21,0,SLAP_PGSF-APND,SLAP_PGSF-APND,SLAP_PGSF-APND,DAM,LMP,LMP_PRC,SLAP_PGSF-APND,ALL_APNODES,0,75.76333,91
2021-11-19T11:00:00-00:00,2021-11-19T12:00:00-00:00,2021-11-19,4,0,SLAP_PGSF-APND,SLAP_PGSF-APND,SLAP_PGSF-APND,DAM,MCC,LMP_CONG_PRC,SLAP_PGSF-APND,ALL_APNODES,0,0,92
2021-11-19T22:00:00-00:00,2021-11-19T23:00:00-00:00,2021-11-19,15,0,SLAP_PGSF-APND,SLAP_PGSF-APND,SLAP_PGSF-APND,DAM,MCC,LMP_CONG_PRC,SLAP_PGSF-APND,ALL_APNODES,0,0.1091,92
2021-11-19T10:00:00-00:00,2021-11-19T11:00:00-00:00,2021-11-19,3,0,SLAP_PGSF-APND,SLAP_PGSF-APND,SLAP_PGSF-APND,DAM,MCC,LMP_CONG_PRC,SLAP_PGSF-APND,ALL_APNODES,0,0.08752,92
2021-11-20T05:00:00-00:00,2021-11-20T06:00:00-00:00,2021-11-19,22,0,SLAP_PGSF-APND,SLAP_PGSF-APND,SLAP_PGSF-APND,DAM,MCC,LMP_CONG_PRC,SLAP_PGSF-APND,ALL_APNODES,0,0.02282,92
2021-11-20T01:00:00-00:00,2021-11-20T02:00:00-00:00,2021-11-19,18,0,SLAP_PGSF-APND,SLAP_PGSF-APND,SLAP_PGSF-APND,DAM,MCC,LMP_CONG_PRC,SLAP_PGSF-APND,ALL_APNODES,0,0.82518,92
2021-11-20T00:00:00-00:00,2021-11-20T01:00:00-00:00,2021-11-19,17,0,SLAP_PGSF-APND,SLAP_PGSF-APND,SLAP_PGSF-APND,DAM,MCC,LMP_CONG_PRC,SLAP_PGSF-APND,ALL_APNODES,0,0,92
2021-11-19T21:00:00-00:00,2021-11-19T22:00:00-00:00,2021-11-19,14,0,SLAP_PGSF-APND,SLAP_PGSF-APND,SLAP_PGSF-APND,DAM,MCC,LMP_CONG_PRC,SLAP_PGSF-APND,ALL_APNODES,0,0.24786,92
2021-11-19T14:00:00-00:00,2021-11-19T15:00:00-00:00,2021-11-19,7,0,SLAP_PGSF-APND,SLAP_PGSF-APND,SLAP_PGSF-APND,DAM,MCC,LMP_CONG_PRC,SLAP_PGSF-APND,ALL_APNODES,0,0,92
2021-11-19T20:00:00-00:00,2021-11-19T21:00:00-00:00,2021-11-19,13,0,SLAP_PGSF-APND,SLAP_PGSF-APND,SLAP_PGSF-APND,DAM,MCC,LMP_CONG_PRC,SLAP_PGSF-APND,ALL_APNODES,0,43.28541,92
2021-11-19T13:00:00-00:00,2021-11-19T14:00:00-00:00,2021-11-19,6,0,SLAP_PGSF-APND,SLAP_PGSF-APND,SLAP_PGSF-APND,DAM,MCC,LMP_CONG_PRC,SLAP_PGSF-APND,ALL_APNODES,0,0,92
2021-11-19T19:00:00-00:00,2021-11-19T20:00:00-00:00,2021-11-19,12,0,SLAP_PGSF-APND,SLAP_PGSF-APND,SLAP_PGSF-APND,DAM,MCC,LMP_CONG_PRC,SLAP_PGSF-APND,ALL_APNODES,0,28.10889,92
2021-11-19T08:00:00-00:00,2021-11-19T09:00:00-00:00,2021-11-19,1,0,SLAP_PGSF-APND,SLAP_PGSF-APND,SLAP_PGSF-APND,DAM,MCC,LMP_CONG_PRC,SLAP_PGSF-APND,ALL_APNODES,0,0.10334,92
2021-11-19T18:00:00-00:00,2021-11-19T19:00:00-00:00,2021-11-19,11,0,SLAP_PGSF-APND,SLAP_PGSF-APND,SLAP_PGSF-APND,DAM,MCC,LMP_CONG_PRC,SLAP_PGSF-APND,ALL_APNODES,0,0.42226,92
2021-11-19T15:00:00-00:00,2021-11-19T16:00:00-00:00,2021-11-19,8,0,SLAP_PGSF-APND,SLAP_PGSF-APND,SLAP_PGSF-APND,DAM,MCC,LMP_CONG_PRC,SLAP_PGSF-APND,ALL_APNODES,0,0,92
2021-11-20T02:00:00-00:00,2021-11-20T03:00:00-00:00,2021-11-19,19,0,SLAP_PGSF-APND,SLAP_PGSF-APND,SLAP_PGSF-APND,DAM,MCC,LMP_CONG_PRC,SLAP_PGSF-APND,ALL_APNODES,0,0.62985,92
2021-11-20T04:00:00-00:00,2021-11-20T05:00:00-00:00,2021-11-19,21,0,SLAP_PGSF-APND,SLAP_PGSF-APND,SLAP_PGSF-APND,DAM,MCC,LMP_CONG_PRC,SLAP_PGSF-APND,ALL_APNODES,0,0.47919,92
2021-11-19T16:00:00-00:00,2021-11-19T17:00:00-00:00,2021-11-19,9,0,SLAP_PGSF-APND,SLAP_PGSF-APND,SLAP_PGSF-APND,DAM,MCC,LMP_CONG_PRC,SLAP_PGSF-APND,ALL_APNODES,0,0.00288,92
2021-11-19T17:00:00-00:00,2021-11-19T18:00:00-00:00,2021-11-19,10,0,SLAP_PGSF-APND,SLAP_PGSF-APND,SLAP_PGSF-APND,DAM,MCC,LMP_CONG_PRC,SLAP_PGSF-APND,ALL_APNODES,0,0.01141,92
2021-11-20T06:00:00-00:00,2021-11-20T07:00:00-00:00,2021-11-19,23,0,SLAP_PGSF-APND,SLAP_PGSF-APND,SLAP_PGSF-APND,DAM,MCC,LMP_CONG_PRC,SLAP_PGSF-APND,ALL_APNODES,0,0,92
2021-11-19T09:00:00-00:00,2021-11-19T10:00:00-00:00,2021-11-19,2,0,SLAP_PGSF-APND,SLAP_PGSF-APND,SLAP_PGSF-APND,DAM,MCC,LMP_CONG_PRC,SLAP_PGSF-APND,ALL_APNODES,0,0,92
2021-11-19T12:00:00-00:00,2021-11-19T13:00:00-00:00,2021-11-19,5,0,SLAP_PGSF-APND,SLAP_PGSF-APND,SLAP_PGSF-APND,DAM,MCC,LMP_CONG_PRC,SLAP_PGSF-APND,ALL_APNODES,0,0,92
2021-11-20T03:00:00-00:00,2021-11-20T04:00:00-00:00,2021-11-19,20,0,SLAP_PGSF-APND,SLAP_PGSF-APND,SLAP_PGSF-APND,DAM,MCC,LMP_CONG_PRC,SLAP_PGSF-APND,ALL_APNODES,0,0.55586,92
2021-11-20T07:00:00-00:00,2021-11-20T08:00:00-00:00,2021-11-19,24,0,SLAP_PGSF-APND,SLAP_PGSF-APND,SLAP_PGSF-APND,DAM,MCC,LMP_CONG_PRC,SLAP_PGSF-APND,ALL_APNODES,0,0,92
2021-11-19T23:00:00-00:00,2021-11-20T00:00:00-00:00,2021-11-19,16,0,SLAP_PGSF-APND,SLAP_PGSF-APND,SLAP_PGSF-APND,DAM,MCC,LMP_CONG_PRC,SLAP_PGSF-APND,ALL_APNODES,0,0,92
2021-11-19T23:00:00-00:00,2021-11-20T00:00:00-00:00,2021-11-19,16,0,SLAP_PGSF-APND,SLAP_PGSF-APND,SLAP_PGSF-APND,DAM,MCE,LMP_ENE_PRC,SLAP_PGSF-APND,ALL_APNODES,0,62,93
2021-11-20T03:00:00-00:00,2021-11-20T04:00:00-00:00,2021-11-19,20,0,SLAP_PGSF-APND,SLAP_PGSF-APND,SLAP_PGSF-APND,DAM,MCE,LMP_ENE_PRC,SLAP_PGSF-APND,ALL_APNODES,0,76.73966,93
2021-11-20T06:00:00-00:00,2021-11-20T07:00:00-00:00,2021-11-19,23,0,SLAP_PGSF-APND,SLAP_PGSF-APND,SLAP_PGSF-APND,DAM,MCE,LMP_ENE_PRC,SLAP_PGSF-APND,ALL_APNODES,0,63.64984,93
2021-11-19T12:00:00-00:00,2021-11-19T13:00:00-00:00,2021-11-19,5,0,SLAP_PGSF-APND,SLAP_PGSF-APND,SLAP_PGSF-APND,DAM,MCE,LMP_ENE_PRC,SLAP_PGSF-APND,ALL_APNODES,0,59.17006,93
2021-11-19T18:00:00-00:00,2021-11-19T19:00:00-00:00,2021-11-19,11,0,SLAP_PGSF-APND,SLAP_PGSF-APND,SLAP_PGSF-APND,DAM,MCE,LMP_ENE_PRC,SLAP_PGSF-APND,ALL_APNODES,0,53.19086,93
2021-11-19T19:00:00-00:00,2021-11-19T20:00:00-00:00,2021-11-19,12,0,SLAP_PGSF-APND,SLAP_PGSF-APND,SLAP_PGSF-APND,DAM,MCE,LMP_ENE_PRC,SLAP_PGSF-APND,ALL_APNODES,0,50.81895,93
2021-11-19T22:00:00-00:00,2021-11-19T23:00:00-00:00,2021-11-19,15,0,SLAP_PGSF-APND,SLAP_PGSF-APND,SLAP_PGSF-APND,DAM,MCE,LMP_ENE_PRC,SLAP_PGSF-APND,ALL_APNODES,0,53.24148,93
2021-11-19T15:00:00-00:00,2021-11-19T16:00:00-00:00,2021-11-19,8,0,SLAP_PGSF-APND,SLAP_PGSF-APND,SLAP_PGSF-APND,DAM,MCE,LMP_ENE_PRC,SLAP_PGSF-APND,ALL_APNODES,0,67.02175,93
2021-11-19T17:00:00-00:00,2021-11-19T18:00:00-00:00,2021-11-19,10,0,SLAP_PGSF-APND,SLAP_PGSF-APND,SLAP_PGSF-APND,DAM,MCE,LMP_ENE_PRC,SLAP_PGSF-APND,ALL_APNODES,0,55,93
2021-11-19T21:00:00-00:00,2021-11-19T22:00:00-00:00,2021-11-19,14,0,SLAP_PGSF-APND,SLAP_PGSF-APND,SLAP_PGSF-APND,DAM,MCE,LMP_ENE_PRC,SLAP_PGSF-APND,ALL_APNODES,0,49.15169,93
2021-11-20T00:00:00-00:00,2021-11-20T01:00:00-00:00,2021-11-19,17,0,SLAP_PGSF-APND,SLAP_PGSF-APND,SLAP_PGSF-APND,DAM,MCE,LMP_ENE_PRC,SLAP_PGSF-APND,ALL_APNODES,0,80,93
2021-11-19T10:00:00-00:00,2021-11-19T11:00:00-00:00,2021-11-19,3,0,SLAP_PGSF-APND,SLAP_PGSF-APND,SLAP_PGSF-APND,DAM,MCE,LMP_ENE_PRC,SLAP_PGSF-APND,ALL_APNODES,0,57.85217,93
2021-11-19T11:00:00-00:00,2021-11-19T12:00:00-00:00,2021-11-19,4,0,SLAP_PGSF-APND,SLAP_PGSF-APND,SLAP_PGSF-APND,DAM,MCE,LMP_ENE_PRC,SLAP_PGSF-APND,ALL_APNODES,0,57.61141,93
2021-11-20T05:00:00-00:00,2021-11-20T06:00:00-00:00,2021-11-19,22,0,SLAP_PGSF-APND,SLAP_PGSF-APND,SLAP_PGSF-APND,DAM,MCE,LMP_ENE_PRC,SLAP_PGSF-APND,ALL_APNODES,0,68.23133,93
2021-11-19T09:00:00-00:00,2021-11-19T10:00:00-00:00,2021-11-19,2,0,SLAP_PGSF-APND,SLAP_PGSF-APND,SLAP_PGSF-APND,DAM,MCE,LMP_ENE_PRC,SLAP_PGSF-APND,ALL_APNODES,0,58.15309,93
2021-11-19T16:00:00-00:00,2021-11-19T17:00:00-00:00,2021-11-19,9,0,SLAP_PGSF-APND,SLAP_PGSF-APND,SLAP_PGSF-APND,DAM,MCE,LMP_ENE_PRC,SLAP_PGSF-APND,ALL_APNODES,0,59.55458,93
2021-11-20T01:00:00-00:00,2021-11-20T02:00:00-00:00,2021-11-19,18,0,SLAP_PGSF-APND,SLAP_PGSF-APND,SLAP_PGSF-APND,DAM,MCE,LMP_ENE_PRC,SLAP_PGSF-APND,ALL_APNODES,0,93.68596,93
2021-11-20T04:00:00-00:00,2021-11-20T05:00:00-00:00,2021-11-19,21,0,SLAP_PGSF-APND,SLAP_PGSF-APND,SLAP_PGSF-APND,DAM,MCE,LMP_ENE_PRC,SLAP_PGSF-APND,ALL_APNODES,0,71.59008,93
2021-11-19T13:00:00-00:00,2021-11-19T14:00:00-00:00,2021-11-19,6,0,SLAP_PGSF-APND,SLAP_PGSF-APND,SLAP_PGSF-APND,DAM,MCE,LMP_ENE_PRC,SLAP_PGSF-APND,ALL_APNODES,0,66.81,93
2021-11-19T08:00:00-00:00,2021-11-19T09:00:00-00:00,2021-11-19,1,0,SLAP_PGSF-APND,SLAP_PGSF-APND,SLAP_PGSF-APND,DAM,MCE,LMP_ENE_PRC,SLAP_PGSF-APND,ALL_APNODES,0,59.18347,93
2021-11-19T20:00:00-00:00,2021-11-19T21:00:00-00:00,2021-11-19,13,0,SLAP_PGSF-APND,SLAP_PGSF-APND,SLAP_PGSF-APND,DAM,MCE,LMP_ENE_PRC,SLAP_PGSF-APND,ALL_APNODES,0,49.00585,93
2021-11-20T02:00:00-00:00,2021-11-20T03:00:00-00:00,2021-11-19,19,0,SLAP_PGSF-APND,SLAP_PGSF-APND,SLAP_PGSF-APND,DAM,MCE,LMP_ENE_PRC,SLAP_PGSF-APND,ALL_APNODES,0,80.36816,93
2021-11-20T07:00:00-00:00,2021-11-20T08:00:00-00:00,2021-11-19,24,0,SLAP_PGSF-APND,SLAP_PGSF-APND,SLAP_PGSF-APND,DAM,MCE,LMP_ENE_PRC,SLAP_PGSF-APND,ALL_APNODES,0,61.67947,93
2021-11-19T14:00:00-00:00,2021-11-19T15:00:00-00:00,2021-11-19,7,0,SLAP_PGSF-APND,SLAP_PGSF-APND,SLAP_PGSF-APND,DAM,MCE,LMP_ENE_PRC,SLAP_PGSF-APND,ALL_APNODES,0,75.54198,93
2021-11-19T08:00:00-00:00,2021-11-19T09:00:00-00:00,2021-11-19,1,0,SLAP_PGSF-APND,SLAP_PGSF-APND,SLAP_PGSF-APND,DAM,MCL,LMP_LOSS_PRC,SLAP_PGSF-APND,ALL_APNODES,0,2.53305,94
2021-11-20T06:00:00-00:00,2021-11-20T07:00:00-00:00,2021-11-19,23,0,SLAP_PGSF-APND,SLAP_PGSF-APND,SLAP_PGSF-APND,DAM,MCL,LMP_LOSS_PRC,SLAP_PGSF-APND,ALL_APNODES,0,1.61034,94
2021-11-19T14:00:00-00:00,2021-11-19T15:00:00-00:00,2021-11-19,7,0,SLAP_PGSF-APND,SLAP_PGSF-APND,SLAP_PGSF-APND,DAM,MCL,LMP_LOSS_PRC,SLAP_PGSF-APND,ALL_APNODES,0,0,94
2021-11-19T12:00:00-00:00,2021-11-19T13:00:00-00:00,2021-11-19,5,0,SLAP_PGSF-APND,SLAP_PGSF-APND,SLAP_PGSF-APND,DAM,MCL,LMP_LOSS_PRC,SLAP_PGSF-APND,ALL_APNODES,0,1.47333,94
2021-11-19T19:00:00-00:00,2021-11-19T20:00:00-00:00,2021-11-19,12,0,SLAP_PGSF-APND,SLAP_PGSF-APND,SLAP_PGSF-APND,DAM,MCL,LMP_LOSS_PRC,SLAP_PGSF-APND,ALL_APNODES,0,4.56354,94
2021-11-20T02:00:00-00:00,2021-11-20T03:00:00-00:00,2021-11-19,19,0,SLAP_PGSF-APND,SLAP_PGSF-APND,SLAP_PGSF-APND,DAM,MCL,LMP_LOSS_PRC,SLAP_PGSF-APND,ALL_APNODES,0,4.55687,94
2021-11-20T00:00:00-00:00,2021-11-20T01:00:00-00:00,2021-11-19,17,0,SLAP_PGSF-APND,SLAP_PGSF-APND,SLAP_PGSF-APND,DAM,MCL,LMP_LOSS_PRC,SLAP_PGSF-APND,ALL_APNODES,0,0,94
2021-11-19T17:00:00-00:00,2021-11-19T18:00:00-00:00,2021-11-19,10,0,SLAP_PGSF-APND,SLAP_PGSF-APND,SLAP_PGSF-APND,DAM,MCL,LMP_LOSS_PRC,SLAP_PGSF-APND,ALL_APNODES,0,0,94
2021-11-19T13:00:00-00:00,2021-11-19T14:00:00-00:00,2021-11-19,6,0,SLAP_PGSF-APND,SLAP_PGSF-APND,SLAP_PGSF-APND,DAM,MCL,LMP_LOSS_PRC,SLAP_PGSF-APND,ALL_APNODES,0,0,94
2021-11-20T01:00:00-00:00,2021-11-20T02:00:00-00:00,2021-11-19,18,0,SLAP_PGSF-APND,SLAP_PGSF-APND,SLAP_PGSF-APND,DAM,MCL,LMP_LOSS_PRC,SLAP_PGSF-APND,ALL_APNODES,0,4.85293,94
2021-11-19T10:00:00-00:00,2021-11-19T11:00:00-00:00,2021-11-19,3,0,SLAP_PGSF-APND,SLAP_PGSF-APND,SLAP_PGSF-APND,DAM,MCL,LMP_LOSS_PRC,SLAP_PGSF-APND,ALL_APNODES,0,1.8397,94
2021-11-19T15:00:00-00:00,2021-11-19T16:00:00-00:00,2021-11-19,8,0,SLAP_PGSF-APND,SLAP_PGSF-APND,SLAP_PGSF-APND,DAM,MCL,LMP_LOSS_PRC,SLAP_PGSF-APND,ALL_APNODES,0,0,94
2021-11-19T18:00:00-00:00,2021-11-19T19:00:00-00:00,2021-11-19,11,0,SLAP_PGSF-APND,SLAP_PGSF-APND,SLAP_PGSF-APND,DAM,MCL,LMP_LOSS_PRC,SLAP_PGSF-APND,ALL_APNODES,0,4.85101,94
2021-11-19T22:00:00-00:00,2021-11-19T23:00:00-00:00,2021-11-19,15,0,SLAP_PGSF-APND,SLAP_PGSF-APND,SLAP_PGSF-APND,DAM,MCL,LMP_LOSS_PRC,SLAP_PGSF-APND,ALL_APNODES,0,3.39148,94
2021-11-20T07:00:00-00:00,2021-11-20T08:00:00-00:00,2021-11-19,24,0,SLAP_PGSF-APND,SLAP_PGSF-APND,SLAP_PGSF-APND,DAM,MCL,LMP_LOSS_PRC,SLAP_PGSF-APND,ALL_APNODES,0,1.15341,94
2021-11-19T11:00:00-00:00,2021-11-19T12:00:00-00:00,2021-11-19,4,0,SLAP_PGSF-APND,SLAP_PGSF-APND,SLAP_PGSF-APND,DAM,MCL,LMP_LOSS_PRC,SLAP_PGSF-APND,ALL_APNODES,0,1.03701,94
2021-11-19T09:00:00-00:00,2021-11-19T10:00:00-00:00,2021-11-19,2,0,SLAP_PGSF-APND,SLAP_PGSF-APND,SLAP_PGSF-APND,DAM,MCL,LMP_LOSS_PRC,SLAP_PGSF-APND,ALL_APNODES,0,1.23866,94
2021-11-19T23:00:00-00:00,2021-11-20T00:00:00-00:00,2021-11-19,16,0,SLAP_PGSF-APND,SLAP_PGSF-APND,SLAP_PGSF-APND,DAM,MCL,LMP_LOSS_PRC,SLAP_PGSF-APND,ALL_APNODES,0,0,94
2021-11-19T20:00:00-00:00,2021-11-19T21:00:00-00:00,2021-11-19,13,0,SLAP_PGSF-APND,SLAP_PGSF-APND,SLAP_PGSF-APND,DAM,MCL,LMP_LOSS_PRC,SLAP_PGSF-APND,ALL_APNODES,0,4.61635,94
2021-11-19T21:00:00-00:00,2021-11-19T22:00:00-00:00,2021-11-19,14,0,SLAP_PGSF-APND,SLAP_PGSF-APND,SLAP_PGSF-APND,DAM,MCL,LMP_LOSS_PRC,SLAP_PGSF-APND,ALL_APNODES,0,4.72839,94
2021-11-19T16:00:00-00:00,2021-11-19T17:00:00-00:00,2021-11-19,9,0,SLAP_PGSF-APND,SLAP_PGSF-APND,SLAP_PGSF-APND,DAM,MCL,LMP_LOSS_PRC,SLAP_PGSF-APND,ALL_APNODES,0,0,94
2021-11-20T05:00:00-00:00,2021-11-20T06:00:00-00:00,2021-11-19,22,0,SLAP_PGSF-APND,SLAP_PGSF-APND,SLAP_PGSF-APND,DAM,MCL,LMP_LOSS_PRC,SLAP_PGSF-APND,ALL_APNODES,0,2.13564,94
2021-11-20T04:00:00-00:00,2021-11-20T05:00:00-00:00,2021-11-19,21,0,SLAP_PGSF-APND,SLAP_PGSF-APND,SLAP_PGSF-APND,DAM,MCL,LMP_LOSS_PRC,SLAP_PGSF-APND,ALL_APNODES,0,3.69405,94
2021-11-20T03:00:00-00:00,2021-11-20T04:00:00-00:00,2021-11-19,20,0,SLAP_PGSF-APND,SLAP_PGSF-APND,SLAP_PGSF-APND,DAM,MCL,LMP_LOSS_PRC,SLAP_PGSF-APND,ALL_APNODES,0,3.81396,94
2021-11-20T07:00:00-00:00,2021-11-20T08:00:00-00:00,2021-11-19,24,0,SLAP_PGSF-APND,SLAP_PGSF-APND,SLAP_PGSF-APND,DAM,MGHG,LMP_GHG_PRC,SLAP_PGSF-APND,ALL_APNODES,0,0,95
2021-11-19T08:00:00-00:00,2021-11-19T09:00:00-00:00,2021-11-19,1,0,SLAP_PGSF-APND,SLAP_PGSF-APND,SLAP_PGSF-APND,DAM,MGHG,LMP_GHG_PRC,SLAP_PGSF-APND,ALL_APNODES,0,0,95
2021-11-19T10:00:00-00:00,2021-11-19T11:00:00-00:00,2021-11-19,3,0,SLAP_PGSF-APND,SLAP_PGSF-APND,SLAP_PGSF-APND,DAM,MGHG,LMP_GHG_PRC,SLAP_PGSF-APND,ALL_APNODES,0,0,95
2021-11-19T22:00:00-00:00,2021-11-19T23:00:00-00:00,2021-11-19,15,0,SLAP_PGSF-APND,SLAP_PGSF-APND,SLAP_PGSF-APND,DAM,MGHG,LMP_GHG_PRC,SLAP_PGSF-APND,ALL_APNODES,0,0,95
2021-11-19T13:00:00-00:00,2021-11-19T14:00:00-00:00,2021-11-19,6,0,SLAP_PGSF-APND,SLAP_PGSF-APND,SLAP_PGSF-APND,DAM,MGHG,LMP_GHG_PRC,SLAP_PGSF-APND,ALL_APNODES,0,0,95
2021-11-19T15:00:00-00:00,2021-11-19T16:00:00-00:00,2021-11-19,8,0,SLAP_PGSF-APND,SLAP_PGSF-APND,SLAP_PGSF-APND,DAM,MGHG,LMP_GHG_PRC,SLAP_PGSF-APND,ALL_APNODES,0,0,95
2021-11-19T17:00:00-00:00,2021-11-19T18:00:00-00:00,2021-11-19,10,0,SLAP_PGSF-APND,SLAP_PGSF-APND,SLAP_PGSF-APND,DAM,MGHG,LMP_GHG_PRC,SLAP_PGSF-APND,ALL_APNODES,0,0,95
2021-11-19T19:00:00-00:00,2021-11-19T20:00:00-00:00,2021-11-19,12,0,SLAP_PGSF-APND,SLAP_PGSF-APND,SLAP_PGSF-APND,DAM,MGHG,LMP_GHG_PRC,SLAP_PGSF-APND,ALL_APNODES,0,0,95
2021-11-19T16:00:00-00:00,2021-11-19T17:00:00-00:00,2021-11-19,9,0,SLAP_PGSF-APND,SLAP_PGSF-APND,SLAP_PGSF-APND,DAM,MGHG,LMP_GHG_PRC,SLAP_PGSF-APND,ALL_APNODES,0,0,95
2021-11-19T18:00:00-00:00,2021-11-19T19:00:00-00:00,2021-11-19,11,0,SLAP_PGSF-APND,SLAP_PGSF-APND,SLAP_PGSF-APND,DAM,MGHG,LMP_GHG_PRC,SLAP_PGSF-APND,ALL_APNODES,0,0,95
2021-11-19T12:00:00-00:00,2021-11-19T13:00:00-00:00,2021-11-19,5,0,SLAP_PGSF-APND,SLAP_PGSF-APND,SLAP_PGSF-APND,DAM,MGHG,LMP_GHG_PRC,SLAP_PGSF-APND,ALL_APNODES,0,0,95
2021-11-20T06:00:00-00:00,2021-11-20T07:00:00-00:00,2021-11-19,23,0,SLAP_PGSF-APND,SLAP_PGSF-APND,SLAP_PGSF-APND,DAM,MGHG,LMP_GHG_PRC,SLAP_PGSF-APND,ALL_APNODES,0,0,95
2021-11-20T01:00:00-00:00,2021-11-20T02:00:00-00:00,2021-11-19,18,0,SLAP_PGSF-APND,SLAP_PGSF-APND,SLAP_PGSF-APND,DAM,MGHG,LMP_GHG_PRC,SLAP_PGSF-APND,ALL_APNODES,0,0,95
2021-11-19T21:00:00-00:00,2021-11-19T22:00:00-00:00,2021-11-19,14,0,SLAP_PGSF-APND,SLAP_PGSF-APND,SLAP_PGSF-APND,DAM,MGHG,LMP_GHG_PRC,SLAP_PGSF-APND,ALL_APNODES,0,0,95
2021-11-20T02:00:00-00:00,2021-11-20T03:00:00-00:00,2021-11-19,19,0,SLAP_PGSF-APND,SLAP_PGSF-APND,SLAP_PGSF-APND,DAM,MGHG,LMP_GHG_PRC,SLAP_PGSF-APND,ALL_APNODES,0,0,95
2021-11-19T11:00:00-00:00,2021-11-19T12:00:00-00:00,2021-11-19,4,0,SLAP_PGSF-APND,SLAP_PGSF-APND,SLAP_PGSF-APND,DAM,MGHG,LMP_GHG_PRC,SLAP_PGSF-APND,ALL_APNODES,0,0,95
2021-11-20T05:00:00-00:00,2021-11-20T06:00:00-00:00,2021-11-19,22,0,SLAP_PGSF-APND,SLAP_PGSF-APND,SLAP_PGSF-APND,DAM,MGHG,LMP_GHG_PRC,SLAP_PGSF-APND,ALL_APNODES,0,0,95
2021-11-19T23:00:00-00:00,2021-11-20T00:00:00-00:00,2021-11-19,16,0,SLAP_PGSF-APND,SLAP_PGSF-APND,SLAP_PGSF-APND,DAM,MGHG,LMP_GHG_PRC,SLAP_PGSF-APND,ALL_APNODES,0,0,95
2021-11-20T04:00:00-00:00,2021-11-20T05:00:00-00:00,2021-11-19,21,0,SLAP_PGSF-APND,SLAP_PGSF-APND,SLAP_PGSF-APND,DAM,MGHG,LMP_GHG_PRC,SLAP_PGSF-APND,ALL_APNODES,0,0,95
2021-11-20T00:00:00-00:00,2021-11-20T01:00:00-00:00,2021-11-19,17,0,SLAP_PGSF-APND,SLAP_PGSF-APND,SLAP_PGSF-APND,DAM,MGHG,LMP_GHG_PRC,SLAP_PGSF-APND,ALL_APNODES,0,0,95
2021-11-20T03:00:00-00:00,2021-11-20T04:00:00-00:00,2021-11-19,20,0,SLAP_PGSF-APND,SLAP_PGSF-APND,SLAP_PGSF-APND,DAM,MGHG,LMP_GHG_PRC,SLAP_PGSF-APND,ALL_APNODES,0,0,95
2021-11-19T14:00:00-00:00,2021-11-19T15:00:00-00:00,2021-11-19,7,0,SLAP_PGSF-APND,SLAP_PGSF-APND,SLAP_PGSF-APND,DAM,MGHG,LMP_GHG_PRC,SLAP_PGSF-APND,ALL_APNODES,0,0,95
2021-11-19T09:00:00-00:00,2021-11-19T10:00:00-00:00,2021-11-19,2,0,SLAP_PGSF-APND,SLAP_PGSF-APND,SLAP_PGSF-APND,DAM,MGHG,LMP_GHG_PRC,SLAP_PGSF-APND,ALL_APNODES,0,0,95
2021-11-19T20:00:00-00:00,2021-11-19T21:00:00-00:00,2021-11-19,13,0,SLAP_PGSF-APND,SLAP_PGSF-APND,SLAP_PGSF-APND,DAM,MGHG,LMP_GHG_PRC,SLAP_PGSF-APND,ALL_APNODES,0,0,95
2021-11-20T23:00:00-00:00,2021-11-21T00:00:00-00:00,2021-11-20,16,0,SLAP_PGSF-APND,SLAP_PGSF-APND,SLAP_PGSF-APND,DAM,LMP,LMP_PRC,SLAP_PGSF-APND,ALL_APNODES,0,59.06068,96
2021-11-20T17:00:00-00:00,2021-11-20T18:00:00-00:00,2021-11-20,10,0,SLAP_PGSF-APND,SLAP_PGSF-APND,SLAP_PGSF-APND,DAM,LMP,LMP_PRC,SLAP_PGSF-APND,ALL_APNODES,0,48.6745,96
2021-11-20T15:00:00-00:00,2021-11-20T16:00:00-00:00,2021-11-20,8,0,SLAP_PGSF-APND,SLAP_PGSF-APND,SLAP_PGSF-APND,DAM,LMP,LMP_PRC,SLAP_PGSF-APND,ALL_APNODES,0,56.65074,96
2021-11-20T12:00:00-00:00,2021-11-20T13:00:00-00:00,2021-11-20,5,0,SLAP_PGSF-APND,SLAP_PGSF-APND,SLAP_PGSF-APND,DAM,LMP,LMP_PRC,SLAP_PGSF-APND,ALL_APNODES,0,56.64579,96
2021-11-21T04:00:00-00:00,2021-11-21T05:00:00-00:00,2021-11-20,21,0,SLAP_PGSF-APND,SLAP_PGSF-APND,SLAP_PGSF-APND,DAM,LMP,LMP_PRC,SLAP_PGSF-APND,ALL_APNODES,0,74.5243,96
2021-11-20T20:00:00-00:00,2021-11-20T21:00:00-00:00,2021-11-20,13,0,SLAP_PGSF-APND,SLAP_PGSF-APND,SLAP_PGSF-APND,DAM,LMP,LMP_PRC,SLAP_PGSF-APND,ALL_APNODES,0,41.38707,96
2021-11-20T22:00:00-00:00,2021-11-20T23:00:00-00:00,2021-11-20,15,0,SLAP_PGSF-APND,SLAP_PGSF-APND,SLAP_PGSF-APND,DAM,LMP,LMP_PRC,SLAP_PGSF-APND,ALL_APNODES,0,45.43644,96
2021-11-20T09:00:00-00:00,2021-11-20T10:00:00-00:00,2021-11-20,2,0,SLAP_PGSF-APND,SLAP_PGSF-APND,SLAP_PGSF-APND,DAM,LMP,LMP_PRC,SLAP_PGSF-APND,ALL_APNODES,0,53.41431,96
2021-11-20T13:00:00-00:00,2021-11-20T14:00:00-00:00,2021-11-20,6,0,SLAP_PGSF-APND,SLAP_PGSF-APND,SLAP_PGSF-APND,DAM,LMP,LMP_PRC,SLAP_PGSF-APND,ALL_APNODES,0,59.70314,96
2021-11-21T02:00:00-00:00,2021-11-21T03:00:00-00:00,2021-11-20,19,0,SLAP_PGSF-APND,SLAP_PGSF-APND,SLAP_PGSF-APND,DAM,LMP,LMP_PRC,SLAP_PGSF-APND,ALL_APNODES,0,81.06333,96
2021-11-21T03:00:00-00:00,2021-11-21T04:00:00-00:00,2021-11-20,20,0,SLAP_PGSF-APND,SLAP_PGSF-APND,SLAP_PGSF-APND,DAM,LMP,LMP_PRC,SLAP_PGSF-APND,ALL_APNODES,0,76.72453,96
2021-11-21T05:00:00-00:00,2021-11-21T06:00:00-00:00,2021-11-20,22,0,SLAP_PGSF-APND,SLAP_PGSF-APND,SLAP_PGSF-APND,DAM,LMP,LMP_PRC,SLAP_PGSF-APND,ALL_APNODES,0,63.57113,96
2021-11-21T06:00:00-00:00,2021-11-21T07:00:00-00:00,2021-11-20,23,0,SLAP_PGSF-APND,SLAP_PGSF-APND,SLAP_PGSF-APND,DAM,LMP,LMP_PRC,SLAP_PGSF-APND,ALL_APNODES,0,60.9361,96
2021-11-21T07:00:00-00:00,2021-11-21T08:00:00-00:00,2021-11-20,24,0,SLAP_PGSF-APND,SLAP_PGSF-APND,SLAP_PGSF-APND,DAM,LMP,LMP_PRC,SLAP_PGSF-APND,ALL_APNODES,0,57.43401,96
2021-11-20T19:00:00-00:00,2021-11-20T20:00:00-00:00,2021-11-20,12,0,SLAP_PGSF-APND,SLAP_PGSF-APND,SLAP_PGSF-APND,DAM,LMP,LMP_PRC,SLAP_PGSF-APND,ALL_APNODES,0,41.2453,96
2021-11-21T01:00:00-00:00,2021-11-21T02:00:00-00:00,2021-11-20,18,0,SLAP_PGSF-APND,SLAP_PGSF-APND,SLAP_PGSF-APND,DAM,LMP,LMP_PRC,SLAP_PGSF-APND,ALL_APNODES,0,88.83146,96
2021-11-20T16:00:00-00:00,2021-11-20T17:00:00-00:00,2021-11-20,9,0,SLAP_PGSF-APND,SLAP_PGSF-APND,SLAP_PGSF-APND,DAM,LMP,LMP_PRC,SLAP_PGSF-APND,ALL_APNODES,0,53.13759,96
2021-11-20T21:00:00-00:00,2021-11-20T22:00:00-00:00,2021-11-20,14,0,SLAP_PGSF-APND,SLAP_PGSF-APND,SLAP_PGSF-APND,DAM,LMP,LMP_PRC,SLAP_PGSF-APND,ALL_APNODES,0,40.83369,96
2021-11-21T00:00:00-00:00,2021-11-21T01:00:00-00:00,2021-11-20,17,0,SLAP_PGSF-APND,SLAP_PGSF-APND,SLAP_PGSF-APND,DAM,LMP,LMP_PRC,SLAP_PGSF-APND,ALL_APNODES,0,72.45025,96
2021-11-20T08:00:00-00:00,2021-11-20T09:00:00-00:00,2021-11-20,1,0,SLAP_PGSF-APND,SLAP_PGSF-APND,SLAP_PGSF-APND,DAM,LMP,LMP_PRC,SLAP_PGSF-APND,ALL_APNODES,0,54.12921,96
2021-11-20T10:00:00-00:00,2021-11-20T11:00:00-00:00,2021-11-20,3,0,SLAP_PGSF-APND,SLAP_PGSF-APND,SLAP_PGSF-APND,DAM,LMP,LMP_PRC,SLAP_PGSF-APND,ALL_APNODES,0,52.52074,96
2021-11-20T18:00:00-00:00,2021-11-20T19:00:00-00:00,2021-11-20,11,0,SLAP_PGSF-APND,SLAP_PGSF-APND,SLAP_PGSF-APND,DAM,LMP,LMP_PRC,SLAP_PGSF-APND,ALL_APNODES,0,48.44115,96
2021-11-20T11:00:00-00:00,2021-11-20T12:00:00-00:00,2021-11-20,4,0,SLAP_PGSF-APND,SLAP_PGSF-APND,SLAP_PGSF-APND,DAM,LMP,LMP_PRC,SLAP_PGSF-APND,ALL_APNODES,0,53.33252,96
2021-11-20T14:00:00-00:00,2021-11-20T15:00:00-00:00,2021-11-20,7,0,SLAP_PGSF-APND,SLAP_PGSF-APND,SLAP_PGSF-APND,DAM,LMP,LMP_PRC,SLAP_PGSF-APND,ALL_APNODES,0,61.68444,96
2021-11-20T09:00:00-00:00,2021-11-20T10:00:00-00:00,2021-11-20,2,0,SLAP_PGSF-APND,SLAP_PGSF-APND,SLAP_PGSF-APND,DAM,MCC,LMP_CONG_PRC,SLAP_PGSF-APND,ALL_APNODES,0,0,97
2021-11-21T03:00:00-00:00,2021-11-21T04:00:00-00:00,2021-11-20,20,0,SLAP_PGSF-APND,SLAP_PGSF-APND,SLAP_PGSF-APND,DAM,MCC,LMP_CONG_PRC,SLAP_PGSF-APND,ALL_APNODES,0,0.53273,97
2021-11-20T12:00:00-00:00,2021-11-20T13:00:00-00:00,2021-11-20,5,0,SLAP_PGSF-APND,SLAP_PGSF-APND,SLAP_PGSF-APND,DAM,MCC,LMP_CONG_PRC,SLAP_PGSF-APND,ALL_APNODES,0,0,97
2021-11-20T14:00:00-00:00,2021-11-20T15:00:00-00:00,2021-11-20,7,0,SLAP_PGSF-APND,SLAP_PGSF-APND,SLAP_PGSF-APND,DAM,MCC,LMP_CONG_PRC,SLAP_PGSF-APND,ALL_APNODES,0,0,97
2021-11-20T15:00:00-00:00,2021-11-20T16:00:00-00:00,2021-11-20,8,0,SLAP_PGSF-APND,SLAP_PGSF-APND,SLAP_PGSF-APND,DAM,MCC,LMP_CONG_PRC,SLAP_PGSF-APND,ALL_APNODES,0,0,97
2021-11-20T18:00:00-00:00,2021-11-20T19:00:00-00:00,2021-11-20,11,0,SLAP_PGSF-APND,SLAP_PGSF-APND,SLAP_PGSF-APND,DAM,MCC,LMP_CONG_PRC,SLAP_PGSF-APND,ALL_APNODES,0,0,97
2021-11-20T22:00:00-00:00,2021-11-20T23:00:00-00:00,2021-11-20,15,0,SLAP_PGSF-APND,SLAP_PGSF-APND,SLAP_PGSF-APND,DAM,MCC,LMP_CONG_PRC,SLAP_PGSF-APND,ALL_APNODES,0,0,97
2021-11-20T08:00:00-00:00,2021-11-20T09:00:00-00:00,2021-11-20,1,0,SLAP_PGSF-APND,SLAP_PGSF-APND,SLAP_PGSF-APND,DAM,MCC,LMP_CONG_PRC,SLAP_PGSF-APND,ALL_APNODES,0,0,97
2021-11-21T07:00:00-00:00,2021-11-21T08:00:00-00:00,2021-11-20,24,0,SLAP_PGSF-APND,SLAP_PGSF-APND,SLAP_PGSF-APND,DAM,MCC,LMP_CONG_PRC,SLAP_PGSF-APND,ALL_APNODES,0,0,97
2021-11-20T16:00:00-00:00,2021-11-20T17:00:00-00:00,2021-11-20,9,0,SLAP_PGSF-APND,SLAP_PGSF-APND,SLAP_PGSF-APND,DAM,MCC,LMP_CONG_PRC,SLAP_PGSF-APND,ALL_APNODES,0,0,97
2021-11-21T06:00:00-00:00,2021-11-21T07:00:00-00:00,2021-11-20,23,0,SLAP_PGSF-APND,SLAP_PGSF-APND,SLAP_PGSF-APND,DAM,MCC,LMP_CONG_PRC,SLAP_PGSF-APND,ALL_APNODES,0,0,97
2021-11-20T20:00:00-00:00,2021-11-20T21:00:00-00:00,2021-11-20,13,0,SLAP_PGSF-APND,SLAP_PGSF-APND,SLAP_PGSF-APND,DAM,MCC,LMP_CONG_PRC,SLAP_PGSF-APND,ALL_APNODES,0,0,97
2021-11-21T04:00:00-00:00,2021-11-21T05:00:00-00:00,2021-11-20,21,0,SLAP_PGSF-APND,SLAP_PGSF-APND,SLAP_PGSF-APND,DAM,MCC,LMP_CONG_PRC,SLAP_PGSF-APND,ALL_APNODES,0,0.36142,97
2021-11-21T05:00:00-00:00,2021-11-21T06:00:00-00:00,2021-11-20,22,0,SLAP_PGSF-APND,SLAP_PGSF-APND,SLAP_PGSF-APND,DAM,MCC,LMP_CONG_PRC,SLAP_PGSF-APND,ALL_APNODES,0,0,97
2021-11-20T11:00:00-00:00,2021-11-20T12:00:00-00:00,2021-11-20,4,0,SLAP_PGSF-APND,SLAP_PGSF-APND,SLAP_PGSF-APND,DAM,MCC,LMP_CONG_PRC,SLAP_PGSF-APND,ALL_APNODES,0,0,97
2021-11-21T01:00:00-00:00,2021-11-21T02:00:00-00:00,2021-11-20,18,0,SLAP_PGSF-APND,SLAP_PGSF-APND,SLAP_PGSF-APND,DAM,MCC,LMP_CONG_PRC,SLAP_PGSF-APND,ALL_APNODES,0,2.8534,97
2021-11-20T17:00:00-00:00,2021-11-20T18:00:00-00:00,2021-11-20,10,0,SLAP_PGSF-APND,SLAP_PGSF-APND,SLAP_PGSF-APND,DAM,MCC,LMP_CONG_PRC,SLAP_PGSF-APND,ALL_APNODES,0,0,97
2021-11-20T23:00:00-00:00,2021-11-21T00:00:00-00:00,2021-11-20,16,0,SLAP_PGSF-APND,SLAP_PGSF-APND,SLAP_PGSF-APND,DAM,MCC,LMP_CONG_PRC,SLAP_PGSF-APND,ALL_APNODES,0,0,97
2021-11-21T02:00:00-00:00,2021-11-21T03:00:00-00:00,2021-11-20,19,0,SLAP_PGSF-APND,SLAP_PGSF-APND,SLAP_PGSF-APND,DAM,MCC,LMP_CONG_PRC,SLAP_PGSF-APND,ALL_APNODES,0,0.72459,97
2021-11-20T19:00:00-00:00,2021-11-20T20:00:00-00:00,2021-11-20,12,0,SLAP_PGSF-APND,SLAP_PGSF-APND,SLAP_PGSF-APND,DAM,MCC,LMP_CONG_PRC,SLAP_PGSF-APND,ALL_APNODES,0,0,97
2021-11-20T21:00:00-00:00,2021-11-20T22:00:00-00:00,2021-11-20,14,0,SLAP_PGSF-APND,SLAP_PGSF-APND,SLAP_PGSF-APND,DAM,MCC,LMP_CONG_PRC,SLAP_PGSF-APND,ALL_APNODES,0,0,97
2021-11-21T00:00:00-00:00,2021-11-21T01:00:00-00:00,2021-11-20,17,0,SLAP_PGSF-APND,SLAP_PGSF-APND,SLAP_PGSF-APND,DAM,MCC,LMP_CONG_PRC,SLAP_PGSF-APND,ALL_APNODES,0,0.01388,97
2021-11-20T13:00:00-00:00,2021-11-20T14:00:00-00:00,2021-11-20,6,0,SLAP_PGSF-APND,SLAP_PGSF-APND,SLAP_PGSF-APND,DAM,MCC,LMP_CONG_PRC,SLAP_PGSF-APND,ALL_APNODES,0,0,97
2021-11-20T10:00:00-00:00,2021-11-20T11:00:00-00:00,2021-11-20,3,0,SLAP_PGSF-APND,SLAP_PGSF-APND,SLAP_PGSF-APND,DAM,MCC,LMP_CONG_PRC,SLAP_PGSF-APND,ALL_APNODES,0,0,97
2021-11-21T06:00:00-00:00,2021-11-21T07:00:00-00:00,2021-11-20,23,0,SLAP_PGSF-APND,SLAP_PGSF-APND,SLAP_PGSF-APND,DAM,MCE,LMP_ENE_PRC,SLAP_PGSF-APND,ALL_APNODES,0,59.67692,98
2021-11-20T14:00:00-00:00,2021-11-20T15:00:00-00:00,2021-11-20,7,0,SLAP_PGSF-APND,SLAP_PGSF-APND,SLAP_PGSF-APND,DAM,MCE,LMP_ENE_PRC,SLAP_PGSF-APND,ALL_APNODES,0,60.12129,98
2021-11-20T23:00:00-00:00,2021-11-21T00:00:00-00:00,2021-11-20,16,0,SLAP_PGSF-APND,SLAP_PGSF-APND,SLAP_PGSF-APND,DAM,MCE,LMP_ENE_PRC,SLAP_PGSF-APND,ALL_APNODES,0,57.30152,98
2021-11-20T13:00:00-00:00,2021-11-20T14:00:00-00:00,2021-11-20,6,0,SLAP_PGSF-APND,SLAP_PGSF-APND,SLAP_PGSF-APND,DAM,MCE,LMP_ENE_PRC,SLAP_PGSF-APND,ALL_APNODES,0,58.50955,98
2021-11-21T00:00:00-00:00,2021-11-21T01:00:00-00:00,2021-11-20,17,0,SLAP_PGSF-APND,SLAP_PGSF-APND,SLAP_PGSF-APND,DAM,MCE,LMP_ENE_PRC,SLAP_PGSF-APND,ALL_APNODES,0,70.72483,98
2021-11-21T03:00:00-00:00,2021-11-21T04:00:00-00:00,2021-11-20,20,0,SLAP_PGSF-APND,SLAP_PGSF-APND,SLAP_PGSF-APND,DAM,MCE,LMP_ENE_PRC,SLAP_PGSF-APND,ALL_APNODES,0,72.07625,98
2021-11-20T17:00:00-00:00,2021-11-20T18:00:00-00:00,2021-11-20,10,0,SLAP_PGSF-APND,SLAP_PGSF-APND,SLAP_PGSF-APND,DAM,MCE,LMP_ENE_PRC,SLAP_PGSF-APND,ALL_APNODES,0,45.78975,98
2021-11-20T21:00:00-00:00,2021-11-20T22:00:00-00:00,2021-11-20,14,0,SLAP_PGSF-APND,SLAP_PGSF-APND,SLAP_PGSF-APND,DAM,MCE,LMP_ENE_PRC,SLAP_PGSF-APND,ALL_APNODES,0,39.11647,98
2021-11-20T09:00:00-00:00,2021-11-20T10:00:00-00:00,2021-11-20,2,0,SLAP_PGSF-APND,SLAP_PGSF-APND,SLAP_PGSF-APND,DAM,MCE,LMP_ENE_PRC,SLAP_PGSF-APND,ALL_APNODES,0,51.74301,98
2021-11-20T12:00:00-00:00,2021-11-20T13:00:00-00:00,2021-11-20,5,0,SLAP_PGSF-APND,SLAP_PGSF-APND,SLAP_PGSF-APND,DAM,MCE,LMP_ENE_PRC,SLAP_PGSF-APND,ALL_APNODES,0,55.58413,98
2021-11-21T01:00:00-00:00,2021-11-21T02:00:00-00:00,2021-11-20,18,0,SLAP_PGSF-APND,SLAP_PGSF-APND,SLAP_PGSF-APND,DAM,MCE,LMP_ENE_PRC,SLAP_PGSF-APND,ALL_APNODES,0,82.81455,98
2021-11-21T02:00:00-00:00,2021-11-21T03:00:00-00:00,2021-11-20,19,0,SLAP_PGSF-APND,SLAP_PGSF-APND,SLAP_PGSF-APND,DAM,MCE,LMP_ENE_PRC,SLAP_PGSF-APND,ALL_APNODES,0,75.91302,98
2021-11-20T18:00:00-00:00,2021-11-20T19:00:00-00:00,2021-11-20,11,0,SLAP_PGSF-APND,SLAP_PGSF-APND,SLAP_PGSF-APND,DAM,MCE,LMP_ENE_PRC,SLAP_PGSF-APND,ALL_APNODES,0,45.75099,98
2021-11-20T22:00:00-00:00,2021-11-20T23:00:00-00:00,2021-11-20,15,0,SLAP_PGSF-APND,SLAP_PGSF-APND,SLAP_PGSF-APND,DAM,MCE,LMP_ENE_PRC,SLAP_PGSF-APND,ALL_APNODES,0,43.67209,98
2021-11-20T19:00:00-00:00,2021-11-20T20:00:00-00:00,2021-11-20,12,0,SLAP_PGSF-APND,SLAP_PGSF-APND,SLAP_PGSF-APND,DAM,MCE,LMP_ENE_PRC,SLAP_PGSF-APND,ALL_APNODES,0,39.19166,98
2021-11-20T10:00:00-00:00,2021-11-20T11:00:00-00:00,2021-11-20,3,0,SLAP_PGSF-APND,SLAP_PGSF-APND,SLAP_PGSF-APND,DAM,MCE,LMP_ENE_PRC,SLAP_PGSF-APND,ALL_APNODES,0,50.95144,98
2021-11-21T04:00:00-00:00,2021-11-21T05:00:00-00:00,2021-11-20,21,0,SLAP_PGSF-APND,SLAP_PGSF-APND,SLAP_PGSF-APND,DAM,MCE,LMP_ENE_PRC,SLAP_PGSF-APND,ALL_APNODES,0,70.3299,98
2021-11-21T07:00:00-00:00,2021-11-21T08:00:00-00:00,2021-11-20,24,0,SLAP_PGSF-APND,SLAP_PGSF-APND,SLAP_PGSF-APND,DAM,MCE,LMP_ENE_PRC,SLAP_PGSF-APND,ALL_APNODES,0,56.28026,98
2021-11-20T15:00:00-00:00,2021-11-20T16:00:00-00:00,2021-11-20,8,0,SLAP_PGSF-APND,SLAP_PGSF-APND,SLAP_PGSF-APND,DAM,MCE,LMP_ENE_PRC,SLAP_PGSF-APND,ALL_APNODES,0,54.46663,98
2021-11-20T11:00:00-00:00,2021-11-20T12:00:00-00:00,2021-11-20,4,0,SLAP_PGSF-APND,SLAP_PGSF-APND,SLAP_PGSF-APND,DAM,MCE,LMP_ENE_PRC,SLAP_PGSF-APND,ALL_APNODES,0,51.94051,98
2021-11-21T05:00:00-00:00,2021-11-21T06:00:00-00:00,2021-11-20,22,0,SLAP_PGSF-APND,SLAP_PGSF-APND,SLAP_PGSF-APND,DAM,MCE,LMP_ENE_PRC,SLAP_PGSF-APND,ALL_APNODES,0,62.21485,98
2021-11-20T16:00:00-00:00,2021-11-20T17:00:00-00:00,2021-11-20,9,0,SLAP_PGSF-APND,SLAP_PGSF-APND,SLAP_PGSF-APND,DAM,MCE,LMP_ENE_PRC,SLAP_PGSF-APND,ALL_APNODES,0,50.36261,98
2021-11-20T20:00:00-00:00,2021-11-20T21:00:00-00:00,2021-11-20,13,0,SLAP_PGSF-APND,SLAP_PGSF-APND,SLAP_PGSF-APND,DAM,MCE,LMP_ENE_PRC,SLAP_PGSF-APND,ALL_APNODES,0,39.1923,98
2021-11-20T08:00:00-00:00,2021-11-20T09:00:00-00:00,2021-11-20,1,0,SLAP_PGSF-APND,SLAP_PGSF-APND,SLAP_PGSF-APND,DAM,MCE,LMP_ENE_PRC,SLAP_PGSF-APND,ALL_APNODES,0,52.26845,98
2021-11-21T05:00:00-00:00,2021-11-21T06:00:00-00:00,2021-11-20,22,0,SLAP_PGSF-APND,SLAP_PGSF-APND,SLAP_PGSF-APND,DAM,MCL,LMP_LOSS_PRC,SLAP_PGSF-APND,ALL_APNODES,0,1.35628,99
2021-11-21T00:00:00-00:00,2021-11-21T01:00:00-00:00,2021-11-20,17,0,SLAP_PGSF-APND,SLAP_PGSF-APND,SLAP_PGSF-APND,DAM,MCL,LMP_LOSS_PRC,SLAP_PGSF-APND,ALL_APNODES,0,1.71154,99
2021-11-21T01:00:00-00:00,2021-11-21T02:00:00-00:00,2021-11-20,18,0,SLAP_PGSF-APND,SLAP_PGSF-APND,SLAP_PGSF-APND,DAM,MCL,LMP_LOSS_PRC,SLAP_PGSF-APND,ALL_APNODES,0,3.16352,99
2021-11-20T18:00:00-00:00,2021-11-20T19:00:00-00:00,2021-11-20,11,0,SLAP_PGSF-APND,SLAP_PGSF-APND,SLAP_PGSF-APND,DAM,MCL,LMP_LOSS_PRC,SLAP_PGSF-APND,ALL_APNODES,0,2.69016,99
2021-11-20T19:00:00-00:00,2021-11-20T20:00:00-00:00,2021-11-20,12,0,SLAP_PGSF-APND,SLAP_PGSF-APND,SLAP_PGSF-APND,DAM,MCL,LMP_LOSS_PRC,SLAP_PGSF-APND,ALL_APNODES,0,2.05364,99
2021-11-20T21:00:00-00:00,2021-11-20T22:00:00-00:00,2021-11-20,14,0,SLAP_PGSF-APND,SLAP_PGSF-APND,SLAP_PGSF-APND,DAM,MCL,LMP_LOSS_PRC,SLAP_PGSF-APND,ALL_APNODES,0,1.71721,99
2021-11-20T23:00:00-00:00,2021-11-21T00:00:00-00:00,2021-11-20,16,0,SLAP_PGSF-APND,SLAP_PGSF-APND,SLAP_PGSF-APND,DAM,MCL,LMP_LOSS_PRC,SLAP_PGSF-APND,ALL_APNODES,0,1.75916,99
2021-11-20T12:00:00-00:00,2021-11-20T13:00:00-00:00,2021-11-20,5,0,SLAP_PGSF-APND,SLAP_PGSF-APND,SLAP_PGSF-APND,DAM,MCL,LMP_LOSS_PRC,SLAP_PGSF-APND,ALL_APNODES,0,1.06166,99
2021-11-20T13:00:00-00:00,2021-11-20T14:00:00-00:00,2021-11-20,6,0,SLAP_PGSF-APND,SLAP_PGSF-APND,SLAP_PGSF-APND,DAM,MCL,LMP_LOSS_PRC,SLAP_PGSF-APND,ALL_APNODES,0,1.19359,99
2021-11-21T04:00:00-00:00,2021-11-21T05:00:00-00:00,2021-11-20,21,0,SLAP_PGSF-APND,SLAP_PGSF-APND,SLAP_PGSF-APND,DAM,MCL,LMP_LOSS_PRC,SLAP_PGSF-APND,ALL_APNODES,0,3.83298,99
2021-11-21T06:00:00-00:00,2021-11-21T07:00:00-00:00,2021-11-20,23,0,SLAP_PGSF-APND,SLAP_PGSF-APND,SLAP_PGSF-APND,DAM,MCL,LMP_LOSS_PRC,SLAP_PGSF-APND,ALL_APNODES,0,1.25918,99
2021-11-21T07:00:00-00:00,2021-11-21T08:00:00-00:00,2021-11-20,24,0,SLAP_PGSF-APND,SLAP_PGSF-APND,SLAP_PGSF-APND,DAM,MCL,LMP_LOSS_PRC,SLAP_PGSF-APND,ALL_APNODES,0,1.15375,99
2021-11-20T20:00:00-00:00,2021-11-20T21:00:00-00:00,2021-11-20,13,0,SLAP_PGSF-APND,SLAP_PGSF-APND,SLAP_PGSF-APND,DAM,MCL,LMP_LOSS_PRC,SLAP_PGSF-APND,ALL_APNODES,0,2.19477,99
2021-11-20T08:00:00-00:00,2021-11-20T09:00:00-00:00,2021-11-20,1,0,SLAP_PGSF-APND,SLAP_PGSF-APND,SLAP_PGSF-APND,DAM,MCL,LMP_LOSS_PRC,SLAP_PGSF-APND,ALL_APNODES,0,1.86076,99
2021-11-21T02:00:00-00:00,2021-11-21T03:00:00-00:00,2021-11-20,19,0,SLAP_PGSF-APND,SLAP_PGSF-APND,SLAP_PGSF-APND,DAM,MCL,LMP_LOSS_PRC,SLAP_PGSF-APND,ALL_APNODES,0,4.42573,99
2021-11-21T03:00:00-00:00,2021-11-21T04:00:00-00:00,2021-11-20,20,0,SLAP_PGSF-APND,SLAP_PGSF-APND,SLAP_PGSF-APND,DAM,MCL,LMP_LOSS_PRC,SLAP_PGSF-APND,ALL_APNODES,0,4.11555,99
2021-11-20T14:00:00-00:00,2021-11-20T15:00:00-00:00,2021-11-20,7,0,SLAP_PGSF-APND,SLAP_PGSF-APND,SLAP_PGSF-APND,DAM,MCL,LMP_LOSS_PRC,SLAP_PGSF-APND,ALL_APNODES,0,1.56315,99
2021-11-20T22:00:00-00:00,2021-11-20T23:00:00-00:00,2021-11-20,15,0,SLAP_PGSF-APND,SLAP_PGSF-APND,SLAP_PGSF-APND,DAM,MCL,LMP_LOSS_PRC,SLAP_PGSF-APND,ALL_APNODES,0,1.76435,99
2021-11-20T10:00:00-00:00,2021-11-20T11:00:00-00:00,2021-11-20,3,0,SLAP_PGSF-APND,SLAP_PGSF-APND,SLAP_PGSF-APND,DAM,MCL,LMP_LOSS_PRC,SLAP_PGSF-APND,ALL_APNODES,0,1.5693,99
2021-11-20T11:00:00-00:00,2021-11-20T12:00:00-00:00,2021-11-20,4,0,SLAP_PGSF-APND,SLAP_PGSF-APND,SLAP_PGSF-APND,DAM,MCL,LMP_LOSS_PRC,SLAP_PGSF-APND,ALL_APNODES,0,1.39201,99
2021-11-20T09:00:00-00:00,2021-11-20T10:00:00-00:00,2021-11-20,2,0,SLAP_PGSF-APND,SLAP_PGSF-APND,SLAP_PGSF-APND,DAM,MCL,LMP_LOSS_PRC,SLAP_PGSF-APND,ALL_APNODES,0,1.6713,99
2021-11-20T15:00:00-00:00,2021-11-20T16:00:00-00:00,2021-11-20,8,0,SLAP_PGSF-APND,SLAP_PGSF-APND,SLAP_PGSF-APND,DAM,MCL,LMP_LOSS_PRC,SLAP_PGSF-APND,ALL_APNODES,0,2.18411,99
2021-11-20T16:00:00-00:00,2021-11-20T17:00:00-00:00,2021-11-20,9,0,SLAP_PGSF-APND,SLAP_PGSF-APND,SLAP_PGSF-APND,DAM,MCL,LMP_LOSS_PRC,SLAP_PGSF-APND,ALL_APNODES,0,2.77498,99
2021-11-20T17:00:00-00:00,2021-11-20T18:00:00-00:00,2021-11-20,10,0,SLAP_PGSF-APND,SLAP_PGSF-APND,SLAP_PGSF-APND,DAM,MCL,LMP_LOSS_PRC,SLAP_PGSF-APND,ALL_APNODES,0,2.88475,99
2021-11-21T03:00:00-00:00,2021-11-21T04:00:00-00:00,2021-11-20,20,0,SLAP_PGSF-APND,SLAP_PGSF-APND,SLAP_PGSF-APND,DAM,MGHG,LMP_GHG_PRC,SLAP_PGSF-APND,ALL_APNODES,0,0,100
2021-11-21T07:00:00-00:00,2021-11-21T08:00:00-00:00,2021-11-20,24,0,SLAP_PGSF-APND,SLAP_PGSF-APND,SLAP_PGSF-APND,DAM,MGHG,LMP_GHG_PRC,SLAP_PGSF-APND,ALL_APNODES,0,0,100
2021-11-20T22:00:00-00:00,2021-11-20T23:00:00-00:00,2021-11-20,15,0,SLAP_PGSF-APND,SLAP_PGSF-APND,SLAP_PGSF-APND,DAM,MGHG,LMP_GHG_PRC,SLAP_PGSF-APND,ALL_APNODES,0,0,100
2021-11-20T08:00:00-00:00,2021-11-20T09:00:00-00:00,2021-11-20,1,0,SLAP_PGSF-APND,SLAP_PGSF-APND,SLAP_PGSF-APND,DAM,MGHG,LMP_GHG_PRC,SLAP_PGSF-APND,ALL_APNODES,0,0,100
2021-11-20T17:00:00-00:00,2021-11-20T18:00:00-00:00,2021-11-20,10,0,SLAP_PGSF-APND,SLAP_PGSF-APND,SLAP_PGSF-APND,DAM,MGHG,LMP_GHG_PRC,SLAP_PGSF-APND,ALL_APNODES,0,0,100
2021-11-20T12:00:00-00:00,2021-11-20T13:00:00-00:00,2021-11-20,5,0,SLAP_PGSF-APND,SLAP_PGSF-APND,SLAP_PGSF-APND,DAM,MGHG,LMP_GHG_PRC,SLAP_PGSF-APND,ALL_APNODES,0,0,100
2021-11-20T13:00:00-00:00,2021-11-20T14:00:00-00:00,2021-11-20,6,0,SLAP_PGSF-APND,SLAP_PGSF-APND,SLAP_PGSF-APND,DAM,MGHG,LMP_GHG_PRC,SLAP_PGSF-APND,ALL_APNODES,0,0,100
2021-11-21T05:00:00-00:00,2021-11-21T06:00:00-00:00,2021-11-20,22,0,SLAP_PGSF-APND,SLAP_PGSF-APND,SLAP_PGSF-APND,DAM,MGHG,LMP_GHG_PRC,SLAP_PGSF-APND,ALL_APNODES,0,0,100
2021-11-21T06:00:00-00:00,2021-11-21T07:00:00-00:00,2021-11-20,23,0,SLAP_PGSF-APND,SLAP_PGSF-APND,SLAP_PGSF-APND,DAM,MGHG,LMP_GHG_PRC,SLAP_PGSF-APND,ALL_APNODES,0,0,100
2021-11-20T19:00:00-00:00,2021-11-20T20:00:00-00:00,2021-11-20,12,0,SLAP_PGSF-APND,SLAP_PGSF-APND,SLAP_PGSF-APND,DAM,MGHG,LMP_GHG_PRC,SLAP_PGSF-APND,ALL_APNODES,0,0,100
2021-11-20T23:00:00-00:00,2021-11-21T00:00:00-00:00,2021-11-20,16,0,SLAP_PGSF-APND,SLAP_PGSF-APND,SLAP_PGSF-APND,DAM,MGHG,LMP_GHG_PRC,SLAP_PGSF-APND,ALL_APNODES,0,0,100
2021-11-20T10:00:00-00:00,2021-11-20T11:00:00-00:00,2021-11-20,3,0,SLAP_PGSF-APND,SLAP_PGSF-APND,SLAP_PGSF-APND,DAM,MGHG,LMP_GHG_PRC,SLAP_PGSF-APND,ALL_APNODES,0,0,100
2021-11-20T20:00:00-00:00,2021-11-20T21:00:00-00:00,2021-11-20,13,0,SLAP_PGSF-APND,SLAP_PGSF-APND,SLAP_PGSF-APND,DAM,MGHG,LMP_GHG_PRC,SLAP_PGSF-APND,ALL_APNODES,0,0,100
2021-11-21T00:00:00-00:00,2021-11-21T01:00:00-00:00,2021-11-20,17,0,SLAP_PGSF-APND,SLAP_PGSF-APND,SLAP_PGSF-APND,DAM,MGHG,LMP_GHG_PRC,SLAP_PGSF-APND,ALL_APNODES,0,0,100
2021-11-21T01:00:00-00:00,2021-11-21T02:00:00-00:00,2021-11-20,18,0,SLAP_PGSF-APND,SLAP_PGSF-APND,SLAP_PGSF-APND,DAM,MGHG,LMP_GHG_PRC,SLAP_PGSF-APND,ALL_APNODES,0,0,100
2021-11-20T15:00:00-00:00,2021-11-20T16:00:00-00:00,2021-11-20,8,0,SLAP_PGSF-APND,SLAP_PGSF-APND,SLAP_PGSF-APND,DAM,MGHG,LMP_GHG_PRC,SLAP_PGSF-APND,ALL_APNODES,0,0,100
2021-11-20T21:00:00-00:00,2021-11-20T22:00:00-00:00,2021-11-20,14,0,SLAP_PGSF-APND,SLAP_PGSF-APND,SLAP_PGSF-APND,DAM,MGHG,LMP_GHG_PRC,SLAP_PGSF-APND,ALL_APNODES,0,0,100
2021-11-20T16:00:00-00:00,2021-11-20T17:00:00-00:00,2021-11-20,9,0,SLAP_PGSF-APND,SLAP_PGSF-APND,SLAP_PGSF-APND,DAM,MGHG,LMP_GHG_PRC,SLAP_PGSF-APND,ALL_APNODES,0,0,100
2021-11-20T18:00:00-00:00,2021-11-20T19:00:00-00:00,2021-11-20,11,0,SLAP_PGSF-APND,SLAP_PGSF-APND,SLAP_PGSF-APND,DAM,MGHG,LMP_GHG_PRC,SLAP_PGSF-APND,ALL_APNODES,0,0,100
2021-11-20T09:00:00-00:00,2021-11-20T10:00:00-00:00,2021-11-20,2,0,SLAP_PGSF-APND,SLAP_PGSF-APND,SLAP_PGSF-APND,DAM,MGHG,LMP_GHG_PRC,SLAP_PGSF-APND,ALL_APNODES,0,0,100
2021-11-20T11:00:00-00:00,2021-11-20T12:00:00-00:00,2021-11-20,4,0,SLAP_PGSF-APND,SLAP_PGSF-APND,SLAP_PGSF-APND,DAM,MGHG,LMP_GHG_PRC,SLAP_PGSF-APND,ALL_APNODES,0,0,100
2021-11-21T04:00:00-00:00,2021-11-21T05:00:00-00:00,2021-11-20,21,0,SLAP_PGSF-APND,SLAP_PGSF-APND,SLAP_PGSF-APND,DAM,MGHG,LMP_GHG_PRC,SLAP_PGSF-APND,ALL_APNODES,0,0,100
2021-11-20T14:00:00-00:00,2021-11-20T15:00:00-00:00,2021-11-20,7,0,SLAP_PGSF-APND,SLAP_PGSF-APND,SLAP_PGSF-APND,DAM,MGHG,LMP_GHG_PRC,SLAP_PGSF-APND,ALL_APNODES,0,0,100
2021-11-21T02:00:00-00:00,2021-11-21T03:00:00-00:00,2021-11-20,19,0,SLAP_PGSF-APND,SLAP_PGSF-APND,SLAP_PGSF-APND,DAM,MGHG,LMP_GHG_PRC,SLAP_PGSF-APND,ALL_APNODES,0,0,100
2021-11-21T20:00:00-00:00,2021-11-21T21:00:00-00:00,2021-11-21,13,0,SLAP_PGSF-APND,SLAP_PGSF-APND,SLAP_PGSF-APND,DAM,LMP,LMP_PRC,SLAP_PGSF-APND,ALL_APNODES,0,34.99493,101
2021-11-21T19:00:00-00:00,2021-11-21T20:00:00-00:00,2021-11-21,12,0,SLAP_PGSF-APND,SLAP_PGSF-APND,SLAP_PGSF-APND,DAM,LMP,LMP_PRC,SLAP_PGSF-APND,ALL_APNODES,0,36.41623,101
2021-11-21T14:00:00-00:00,2021-11-21T15:00:00-00:00,2021-11-21,7,0,SLAP_PGSF-APND,SLAP_PGSF-APND,SLAP_PGSF-APND,DAM,LMP,LMP_PRC,SLAP_PGSF-APND,ALL_APNODES,0,65.54351,101
2021-11-21T18:00:00-00:00,2021-11-21T19:00:00-00:00,2021-11-21,11,0,SLAP_PGSF-APND,SLAP_PGSF-APND,SLAP_PGSF-APND,DAM,LMP,LMP_PRC,SLAP_PGSF-APND,ALL_APNODES,0,42.64952,101
2021-11-22T00:00:00-00:00,2021-11-22T01:00:00-00:00,2021-11-21,17,0,SLAP_PGSF-APND,SLAP_PGSF-APND,SLAP_PGSF-APND,DAM,LMP,LMP_PRC,SLAP_PGSF-APND,ALL_APNODES,0,77.96422,101
2021-11-22T01:00:00-00:00,2021-11-22T02:00:00-00:00,2021-11-21,18,0,SLAP_PGSF-APND,SLAP_PGSF-APND,SLAP_PGSF-APND,DAM,LMP,LMP_PRC,SLAP_PGSF-APND,ALL_APNODES,0,86.69671,101
2021-11-22T02:00:00-00:00,2021-11-22T03:00:00-00:00,2021-11-21,19,0,SLAP_PGSF-APND,SLAP_PGSF-APND,SLAP_PGSF-APND,DAM,LMP,LMP_PRC,SLAP_PGSF-APND,ALL_APNODES,0,79.14784,101
2021-11-21T22:00:00-00:00,2021-11-21T23:00:00-00:00,2021-11-21,15,0,SLAP_PGSF-APND,SLAP_PGSF-APND,SLAP_PGSF-APND,DAM,LMP,LMP_PRC,SLAP_PGSF-APND,ALL_APNODES,0,37.40833,101
2021-11-21T08:00:00-00:00,2021-11-21T09:00:00-00:00,2021-11-21,1,0,SLAP_PGSF-APND,SLAP_PGSF-APND,SLAP_PGSF-APND,DAM,LMP,LMP_PRC,SLAP_PGSF-APND,ALL_APNODES,0,53.77106,101
2021-11-21T13:00:00-00:00,2021-11-21T14:00:00-00:00,2021-11-21,6,0,SLAP_PGSF-APND,SLAP_PGSF-APND,SLAP_PGSF-APND,DAM,LMP,LMP_PRC,SLAP_PGSF-APND,ALL_APNODES,0,60.22119,101
2021-11-22T07:00:00-00:00,2021-11-22T08:00:00-00:00,2021-11-21,24,0,SLAP_PGSF-APND,SLAP_PGSF-APND,SLAP_PGSF-APND,DAM,LMP,LMP_PRC,SLAP_PGSF-APND,ALL_APNODES,0,58.59333,101
2021-11-21T16:00:00-00:00,2021-11-21T17:00:00-00:00,2021-11-21,9,0,SLAP_PGSF-APND,SLAP_PGSF-APND,SLAP_PGSF-APND,DAM,LMP,LMP_PRC,SLAP_PGSF-APND,ALL_APNODES,0,53.31063,101
2021-11-22T04:00:00-00:00,2021-11-22T05:00:00-00:00,2021-11-21,21,0,SLAP_PGSF-APND,SLAP_PGSF-APND,SLAP_PGSF-APND,DAM,LMP,LMP_PRC,SLAP_PGSF-APND,ALL_APNODES,0,71.53543,101
2021-11-21T23:00:00-00:00,2021-11-22T00:00:00-00:00,2021-11-21,16,0,SLAP_PGSF-APND,SLAP_PGSF-APND,SLAP_PGSF-APND,DAM,LMP,LMP_PRC,SLAP_PGSF-APND,ALL_APNODES,0,58.66106,101
2021-11-21T12:00:00-00:00,2021-11-21T13:00:00-00:00,2021-11-21,5,0,SLAP_PGSF-APND,SLAP_PGSF-APND,SLAP_PGSF-APND,DAM,LMP,LMP_PRC,SLAP_PGSF-APND,ALL_APNODES,0,57.47381,101
2021-11-22T03:00:00-00:00,2021-11-22T04:00:00-00:00,2021-11-21,20,0,SLAP_PGSF-APND,SLAP_PGSF-APND,SLAP_PGSF-APND,DAM,LMP,LMP_PRC,SLAP_PGSF-APND,ALL_APNODES,0,73.64285,101
2021-11-21T21:00:00-00:00,2021-11-21T22:00:00-00:00,2021-11-21,14,0,SLAP_PGSF-APND,SLAP_PGSF-APND,SLAP_PGSF-APND,DAM,LMP,LMP_PRC,SLAP_PGSF-APND,ALL_APNODES,0,36.48637,101
2021-11-21T10:00:00-00:00,2021-11-21T11:00:00-00:00,2021-11-21,3,0,SLAP_PGSF-APND,SLAP_PGSF-APND,SLAP_PGSF-APND,DAM,LMP,LMP_PRC,SLAP_PGSF-APND,ALL_APNODES,0,54.06166,101
2021-11-21T11:00:00-00:00,2021-11-21T12:00:00-00:00,2021-11-21,4,0,SLAP_PGSF-APND,SLAP_PGSF-APND,SLAP_PGSF-APND,DAM,LMP,LMP_PRC,SLAP_PGSF-APND,ALL_APNODES,0,57.0869,101
2021-11-22T05:00:00-00:00,2021-11-22T06:00:00-00:00,2021-11-21,22,0,SLAP_PGSF-APND,SLAP_PGSF-APND,SLAP_PGSF-APND,DAM,LMP,LMP_PRC,SLAP_PGSF-APND,ALL_APNODES,0,65.12777,101
2021-11-22T06:00:00-00:00,2021-11-22T07:00:00-00:00,2021-11-21,23,0,SLAP_PGSF-APND,SLAP_PGSF-APND,SLAP_PGSF-APND,DAM,LMP,LMP_PRC,SLAP_PGSF-APND,ALL_APNODES,0,60.80781,101
2021-11-21T15:00:00-00:00,2021-11-21T16:00:00-00:00,2021-11-21,8,0,SLAP_PGSF-APND,SLAP_PGSF-APND,SLAP_PGSF-APND,DAM,LMP,LMP_PRC,SLAP_PGSF-APND,ALL_APNODES,0,57.84096,101
2021-11-21T17:00:00-00:00,2021-11-21T18:00:00-00:00,2021-11-21,10,0,SLAP_PGSF-APND,SLAP_PGSF-APND,SLAP_PGSF-APND,DAM,LMP,LMP_PRC,SLAP_PGSF-APND,ALL_APNODES,0,46.97608,101
2021-11-21T09:00:00-00:00,2021-11-21T10:00:00-00:00,2021-11-21,2,0,SLAP_PGSF-APND,SLAP_PGSF-APND,SLAP_PGSF-APND,DAM,LMP,LMP_PRC,SLAP_PGSF-APND,ALL_APNODES,0,53.38414,101
2021-11-21T16:00:00-00:00,2021-11-21T17:00:00-00:00,2021-11-21,9,0,SLAP_PGSF-APND,SLAP_PGSF-APND,SLAP_PGSF-APND,DAM,MCC,LMP_CONG_PRC,SLAP_PGSF-APND,ALL_APNODES,0,11.66169,102
2021-11-21T21:00:00-00:00,2021-11-21T22:00:00-00:00,2021-11-21,14,0,SLAP_PGSF-APND,SLAP_PGSF-APND,SLAP_PGSF-APND,DAM,MCC,LMP_CONG_PRC,SLAP_PGSF-APND,ALL_APNODES,0,4.29114,102
2021-11-21T09:00:00-00:00,2021-11-21T10:00:00-00:00,2021-11-21,2,0,SLAP_PGSF-APND,SLAP_PGSF-APND,SLAP_PGSF-APND,DAM,MCC,LMP_CONG_PRC,SLAP_PGSF-APND,ALL_APNODES,0,0,102
2021-11-21T13:00:00-00:00,2021-11-21T14:00:00-00:00,2021-11-21,6,0,SLAP_PGSF-APND,SLAP_PGSF-APND,SLAP_PGSF-APND,DAM,MCC,LMP_CONG_PRC,SLAP_PGSF-APND,ALL_APNODES,0,0,102
2021-11-22T02:00:00-00:00,2021-11-22T03:00:00-00:00,2021-11-21,19,0,SLAP_PGSF-APND,SLAP_PGSF-APND,SLAP_PGSF-APND,DAM,MCC,LMP_CONG_PRC,SLAP_PGSF-APND,ALL_APNODES,0,0,102
2021-11-22T01:00:00-00:00,2021-11-22T02:00:00-00:00,2021-11-21,18,0,SLAP_PGSF-APND,SLAP_PGSF-APND,SLAP_PGSF-APND,DAM,MCC,LMP_CONG_PRC,SLAP_PGSF-APND,ALL_APNODES,0,0,102
2021-11-21T12:00:00-00:00,2021-11-21T13:00:00-00:00,2021-11-21,5,0,SLAP_PGSF-APND,SLAP_PGSF-APND,SLAP_PGSF-APND,DAM,MCC,LMP_CONG_PRC,SLAP_PGSF-APND,ALL_APNODES,0,0,102
2021-11-21T22:00:00-00:00,2021-11-21T23:00:00-00:00,2021-11-21,15,0,SLAP_PGSF-APND,SLAP_PGSF-APND,SLAP_PGSF-APND,DAM,MCC,LMP_CONG_PRC,SLAP_PGSF-APND,ALL_APNODES,0,0,102
2021-11-21T14:00:00-00:00,2021-11-21T15:00:00-00:00,2021-11-21,7,0,SLAP_PGSF-APND,SLAP_PGSF-APND,SLAP_PGSF-APND,DAM,MCC,LMP_CONG_PRC,SLAP_PGSF-APND,ALL_APNODES,0,0.11461,102
2021-11-21T20:00:00-00:00,2021-11-21T21:00:00-00:00,2021-11-21,13,0,SLAP_PGSF-APND,SLAP_PGSF-APND,SLAP_PGSF-APND,DAM,MCC,LMP_CONG_PRC,SLAP_PGSF-APND,ALL_APNODES,0,7.89946,102
2021-11-21T08:00:00-00:00,2021-11-21T09:00:00-00:00,2021-11-21,1,0,SLAP_PGSF-APND,SLAP_PGSF-APND,SLAP_PGSF-APND,DAM,MCC,LMP_CONG_PRC,SLAP_PGSF-APND,ALL_APNODES,0,0,102
2021-11-21T18:00:00-00:00,2021-11-21T19:00:00-00:00,2021-11-21,11,0,SLAP_PGSF-APND,SLAP_PGSF-APND,SLAP_PGSF-APND,DAM,MCC,LMP_CONG_PRC,SLAP_PGSF-APND,ALL_APNODES,0,13.38973,102
2021-11-21T17:00:00-00:00,2021-11-21T18:00:00-00:00,2021-11-21,10,0,SLAP_PGSF-APND,SLAP_PGSF-APND,SLAP_PGSF-APND,DAM,MCC,LMP_CONG_PRC,SLAP_PGSF-APND,ALL_APNODES,0,12.11104,102
2021-11-22T07:00:00-00:00,2021-11-22T08:00:00-00:00,2021-11-21,24,0,SLAP_PGSF-APND,SLAP_PGSF-APND,SLAP_PGSF-APND,DAM,MCC,LMP_CONG_PRC,SLAP_PGSF-APND,ALL_APNODES,0,0,102
2021-11-21T15:00:00-00:00,2021-11-21T16:00:00-00:00,2021-11-21,8,0,SLAP_PGSF-APND,SLAP_PGSF-APND,SLAP_PGSF-APND,DAM,MCC,LMP_CONG_PRC,SLAP_PGSF-APND,ALL_APNODES,0,0,102
2021-11-22T06:00:00-00:00,2021-11-22T07:00:00-00:00,2021-11-21,23,0,SLAP_PGSF-APND,SLAP_PGSF-APND,SLAP_PGSF-APND,DAM,MCC,LMP_CONG_PRC,SLAP_PGSF-APND,ALL_APNODES,0,0,102
2021-11-21T11:00:00-00:00,2021-11-21T12:00:00-00:00,2021-11-21,4,0,SLAP_PGSF-APND,SLAP_PGSF-APND,SLAP_PGSF-APND,DAM,MCC,LMP_CONG_PRC,SLAP_PGSF-APND,ALL_APNODES,0,0,102
2021-11-22T05:00:00-00:00,2021-11-22T06:00:00-00:00,2021-11-21,22,0,SLAP_PGSF-APND,SLAP_PGSF-APND,SLAP_PGSF-APND,DAM,MCC,LMP_CONG_PRC,SLAP_PGSF-APND,ALL_APNODES,0,0,102
2021-11-22T04:00:00-00:00,2021-11-22T05:00:00-00:00,2021-11-21,21,0,SLAP_PGSF-APND,SLAP_PGSF-APND,SLAP_PGSF-APND,DAM,MCC,LMP_CONG_PRC,SLAP_PGSF-APND,ALL_APNODES,0,0.2903,102
2021-11-21T10:00:00-00:00,2021-11-21T11:00:00-00:00,2021-11-21,3,0,SLAP_PGSF-APND,SLAP_PGSF-APND,SLAP_PGSF-APND,DAM,MCC,LMP_CONG_PRC,SLAP_PGSF-APND,ALL_APNODES,0,0,102
2021-11-22T00:00:00-00:00,2021-11-22T01:00:00-00:00,2021-11-21,17,0,SLAP_PGSF-APND,SLAP_PGSF-APND,SLAP_PGSF-APND,DAM,MCC,LMP_CONG_PRC,SLAP_PGSF-APND,ALL_APNODES,0,0,102
2021-11-21T23:00:00-00:00,2021-11-22T00:00:00-00:00,2021-11-21,16,0,SLAP_PGSF-APND,SLAP_PGSF-APND,SLAP_PGSF-APND,DAM,MCC,LMP_CONG_PRC,SLAP_PGSF-APND,ALL_APNODES,0,0,102
2021-11-21T19:00:00-00:00,2021-11-21T20:00:00-00:00,2021-11-21,12,0,SLAP_PGSF-APND,SLAP_PGSF-APND,SLAP_PGSF-APND,DAM,MCC,LMP_CONG_PRC,SLAP_PGSF-APND,ALL_APNODES,0,9.21476,102
2021-11-22T03:00:00-00:00,2021-11-22T04:00:00-00:00,2021-11-21,20,0,SLAP_PGSF-APND,SLAP_PGSF-APND,SLAP_PGSF-APND,DAM,MCC,LMP_CONG_PRC,SLAP_PGSF-APND,ALL_APNODES,0,0,102
2021-11-22T04:00:00-00:00,2021-11-22T05:00:00-00:00,2021-11-21,21,0,SLAP_PGSF-APND,SLAP_PGSF-APND,SLAP_PGSF-APND,DAM,MCE,LMP_ENE_PRC,SLAP_PGSF-APND,ALL_APNODES,0,68.125,103
2021-11-21T11:00:00-00:00,2021-11-21T12:00:00-00:00,2021-11-21,4,0,SLAP_PGSF-APND,SLAP_PGSF-APND,SLAP_PGSF-APND,DAM,MCE,LMP_ENE_PRC,SLAP_PGSF-APND,ALL_APNODES,0,56.09955,103
2021-11-22T02:00:00-00:00,2021-11-22T03:00:00-00:00,2021-11-21,19,0,SLAP_PGSF-APND,SLAP_PGSF-APND,SLAP_PGSF-APND,DAM,MCE,LMP_ENE_PRC,SLAP_PGSF-APND,ALL_APNODES,0,76.43442,103
2021-11-21T23:00:00-00:00,2021-11-22T00:00:00-00:00,2021-11-21,16,0,SLAP_PGSF-APND,SLAP_PGSF-APND,SLAP_PGSF-APND,DAM,MCE,LMP_ENE_PRC,SLAP_PGSF-APND,ALL_APNODES,0,56.06524,103
2021-11-21T16:00:00-00:00,2021-11-21T17:00:00-00:00,2021-11-21,9,0,SLAP_PGSF-APND,SLAP_PGSF-APND,SLAP_PGSF-APND,DAM,MCE,LMP_ENE_PRC,SLAP_PGSF-APND,ALL_APNODES,0,38.98619,103
2021-11-22T06:00:00-00:00,2021-11-22T07:00:00-00:00,2021-11-21,23,0,SLAP_PGSF-APND,SLAP_PGSF-APND,SLAP_PGSF-APND,DAM,MCE,LMP_ENE_PRC,SLAP_PGSF-APND,ALL_APNODES,0,59.33627,103
2021-11-21T10:00:00-00:00,2021-11-21T11:00:00-00:00,2021-11-21,3,0,SLAP_PGSF-APND,SLAP_PGSF-APND,SLAP_PGSF-APND,DAM,MCE,LMP_ENE_PRC,SLAP_PGSF-APND,ALL_APNODES,0,53.06927,103
2021-11-21T17:00:00-00:00,2021-11-21T18:00:00-00:00,2021-11-21,10,0,SLAP_PGSF-APND,SLAP_PGSF-APND,SLAP_PGSF-APND,DAM,MCE,LMP_ENE_PRC,SLAP_PGSF-APND,ALL_APNODES,0,32.74328,103
2021-11-21T13:00:00-00:00,2021-11-21T14:00:00-00:00,2021-11-21,6,0,SLAP_PGSF-APND,SLAP_PGSF-APND,SLAP_PGSF-APND,DAM,MCE,LMP_ENE_PRC,SLAP_PGSF-APND,ALL_APNODES,0,59.15638,103
2021-11-21T19:00:00-00:00,2021-11-21T20:00:00-00:00,2021-11-21,12,0,SLAP_PGSF-APND,SLAP_PGSF-APND,SLAP_PGSF-APND,DAM,MCE,LMP_ENE_PRC,SLAP_PGSF-APND,ALL_APNODES,0,25.34377,103
2021-11-22T05:00:00-00:00,2021-11-22T06:00:00-00:00,2021-11-21,22,0,SLAP_PGSF-APND,SLAP_PGSF-APND,SLAP_PGSF-APND,DAM,MCE,LMP_ENE_PRC,SLAP_PGSF-APND,ALL_APNODES,0,63.18177,103
2021-11-21T14:00:00-00:00,2021-11-21T15:00:00-00:00,2021-11-21,7,0,SLAP_PGSF-APND,SLAP_PGSF-APND,SLAP_PGSF-APND,DAM,MCE,LMP_ENE_PRC,SLAP_PGSF-APND,ALL_APNODES,0,62.50372,103
2021-11-21T12:00:00-00:00,2021-11-21T13:00:00-00:00,2021-11-21,5,0,SLAP_PGSF-APND,SLAP_PGSF-APND,SLAP_PGSF-APND,DAM,MCE,LMP_ENE_PRC,SLAP_PGSF-APND,ALL_APNODES,0,56.47977,103
2021-11-21T09:00:00-00:00,2021-11-21T10:00:00-00:00,2021-11-21,2,0,SLAP_PGSF-APND,SLAP_PGSF-APND,SLAP_PGSF-APND,DAM,MCE,LMP_ENE_PRC,SLAP_PGSF-APND,ALL_APNODES,0,52.15842,103
2021-11-22T01:00:00-00:00,2021-11-22T02:00:00-00:00,2021-11-21,18,0,SLAP_PGSF-APND,SLAP_PGSF-APND,SLAP_PGSF-APND,DAM,MCE,LMP_ENE_PRC,SLAP_PGSF-APND,ALL_APNODES,0,83.80542,103
2021-11-21T15:00:00-00:00,2021-11-21T16:00:00-00:00,2021-11-21,8,0,SLAP_PGSF-APND,SLAP_PGSF-APND,SLAP_PGSF-APND,DAM,MCE,LMP_ENE_PRC,SLAP_PGSF-APND,ALL_APNODES,0,54.21912,103
2021-11-22T07:00:00-00:00,2021-11-22T08:00:00-00:00,2021-11-21,24,0,SLAP_PGSF-APND,SLAP_PGSF-APND,SLAP_PGSF-APND,DAM,MCE,LMP_ENE_PRC,SLAP_PGSF-APND,ALL_APNODES,0,57.27599,103
2021-11-22T00:00:00-00:00,2021-11-22T01:00:00-00:00,2021-11-21,17,0,SLAP_PGSF-APND,SLAP_PGSF-APND,SLAP_PGSF-APND,DAM,MCE,LMP_ENE_PRC,SLAP_PGSF-APND,ALL_APNODES,0,76.23371,103
2021-11-21T20:00:00-00:00,2021-11-21T21:00:00-00:00,2021-11-21,13,0,SLAP_PGSF-APND,SLAP_PGSF-APND,SLAP_PGSF-APND,DAM,MCE,LMP_ENE_PRC,SLAP_PGSF-APND,ALL_APNODES,0,25.26855,103
2021-11-21T18:00:00-00:00,2021-11-21T19:00:00-00:00,2021-11-21,11,0,SLAP_PGSF-APND,SLAP_PGSF-APND,SLAP_PGSF-APND,DAM,MCE,LMP_ENE_PRC,SLAP_PGSF-APND,ALL_APNODES,0,27.55938,103
2021-11-21T22:00:00-00:00,2021-11-21T23:00:00-00:00,2021-11-21,15,0,SLAP_PGSF-APND,SLAP_PGSF-APND,SLAP_PGSF-APND,DAM,MCE,LMP_ENE_PRC,SLAP_PGSF-APND,ALL_APNODES,0,35.26426,103
2021-11-21T08:00:00-00:00,2021-11-21T09:00:00-00:00,2021-11-21,1,0,SLAP_PGSF-APND,SLAP_PGSF-APND,SLAP_PGSF-APND,DAM,MCE,LMP_ENE_PRC,SLAP_PGSF-APND,ALL_APNODES,0,52.38291,103
2021-11-21T21:00:00-00:00,2021-11-21T22:00:00-00:00,2021-11-21,14,0,SLAP_PGSF-APND,SLAP_PGSF-APND,SLAP_PGSF-APND,DAM,MCE,LMP_ENE_PRC,SLAP_PGSF-APND,ALL_APNODES,0,29.95184,103
2021-11-22T03:00:00-00:00,2021-11-22T04:00:00-00:00,2021-11-21,20,0,SLAP_PGSF-APND,SLAP_PGSF-APND,SLAP_PGSF-APND,DAM,MCE,LMP_ENE_PRC,SLAP_PGSF-APND,ALL_APNODES,0,70.91271,103
2021-11-21T17:00:00-00:00,2021-11-21T18:00:00-00:00,2021-11-21,10,0,SLAP_PGSF-APND,SLAP_PGSF-APND,SLAP_PGSF-APND,DAM,MCL,LMP_LOSS_PRC,SLAP_PGSF-APND,ALL_APNODES,0,2.12176,104
2021-11-22T02:00:00-00:00,2021-11-22T03:00:00-00:00,2021-11-21,19,0,SLAP_PGSF-APND,SLAP_PGSF-APND,SLAP_PGSF-APND,DAM,MCL,LMP_LOSS_PRC,SLAP_PGSF-APND,ALL_APNODES,0,2.71342,104
2021-11-21T09:00:00-00:00,2021-11-21T10:00:00-00:00,2021-11-21,2,0,SLAP_PGSF-APND,SLAP_PGSF-APND,SLAP_PGSF-APND,DAM,MCL,LMP_LOSS_PRC,SLAP_PGSF-APND,ALL_APNODES,0,1.22572,104
2021-11-21T10:00:00-00:00,2021-11-21T11:00:00-00:00,2021-11-21,3,0,SLAP_PGSF-APND,SLAP_PGSF-APND,SLAP_PGSF-APND,DAM,MCL,LMP_LOSS_PRC,SLAP_PGSF-APND,ALL_APNODES,0,0.9924,104
2021-11-22T01:00:00-00:00,2021-11-22T02:00:00-00:00,2021-11-21,18,0,SLAP_PGSF-APND,SLAP_PGSF-APND,SLAP_PGSF-APND,DAM,MCL,LMP_LOSS_PRC,SLAP_PGSF-APND,ALL_APNODES,0,2.89129,104
2021-11-21T13:00:00-00:00,2021-11-21T14:00:00-00:00,2021-11-21,6,0,SLAP_PGSF-APND,SLAP_PGSF-APND,SLAP_PGSF-APND,DAM,MCL,LMP_LOSS_PRC,SLAP_PGSF-APND,ALL_APNODES,0,1.06481,104
2021-11-21T14:00:00-00:00,2021-11-21T15:00:00-00:00,2021-11-21,7,0,SLAP_PGSF-APND,SLAP_PGSF-APND,SLAP_PGSF-APND,DAM,MCL,LMP_LOSS_PRC,SLAP_PGSF-APND,ALL_APNODES,0,2.92517,104
2021-11-21T12:00:00-00:00,2021-11-21T13:00:00-00:00,2021-11-21,5,0,SLAP_PGSF-APND,SLAP_PGSF-APND,SLAP_PGSF-APND,DAM,MCL,LMP_LOSS_PRC,SLAP_PGSF-APND,ALL_APNODES,0,0.99404,104
2021-11-22T03:00:00-00:00,2021-11-22T04:00:00-00:00,2021-11-21,20,0,SLAP_PGSF-APND,SLAP_PGSF-APND,SLAP_PGSF-APND,DAM,MCL,LMP_LOSS_PRC,SLAP_PGSF-APND,ALL_APNODES,0,2.73014,104
2021-11-21T20:00:00-00:00,2021-11-21T21:00:00-00:00,2021-11-21,13,0,SLAP_PGSF-APND,SLAP_PGSF-APND,SLAP_PGSF-APND,DAM,MCL,LMP_LOSS_PRC,SLAP_PGSF-APND,ALL_APNODES,0,1.82692,104
2021-11-21T08:00:00-00:00,2021-11-21T09:00:00-00:00,2021-11-21,1,0,SLAP_PGSF-APND,SLAP_PGSF-APND,SLAP_PGSF-APND,DAM,MCL,LMP_LOSS_PRC,SLAP_PGSF-APND,ALL_APNODES,0,1.38815,104
2021-11-22T05:00:00-00:00,2021-11-22T06:00:00-00:00,2021-11-21,22,0,SLAP_PGSF-APND,SLAP_PGSF-APND,SLAP_PGSF-APND,DAM,MCL,LMP_LOSS_PRC,SLAP_PGSF-APND,ALL_APNODES,0,1.946,104
2021-11-22T06:00:00-00:00,2021-11-22T07:00:00-00:00,2021-11-21,23,0,SLAP_PGSF-APND,SLAP_PGSF-APND,SLAP_PGSF-APND,DAM,MCL,LMP_LOSS_PRC,SLAP_PGSF-APND,ALL_APNODES,0,1.47154,104
2021-11-21T23:00:00-00:00,2021-11-22T00:00:00-00:00,2021-11-21,16,0,SLAP_PGSF-APND,SLAP_PGSF-APND,SLAP_PGSF-APND,DAM,MCL,LMP_LOSS_PRC,SLAP_PGSF-APND,ALL_APNODES,0,2.59582,104
2021-11-21T11:00:00-00:00,2021-11-21T12:00:00-00:00,2021-11-21,4,0,SLAP_PGSF-APND,SLAP_PGSF-APND,SLAP_PGSF-APND,DAM,MCL,LMP_LOSS_PRC,SLAP_PGSF-APND,ALL_APNODES,0,0.98735,104
2021-11-22T04:00:00-00:00,2021-11-22T05:00:00-00:00,2021-11-21,21,0,SLAP_PGSF-APND,SLAP_PGSF-APND,SLAP_PGSF-APND,DAM,MCL,LMP_LOSS_PRC,SLAP_PGSF-APND,ALL_APNODES,0,3.12013,104
2021-11-22T07:00:00-00:00,2021-11-22T08:00:00-00:00,2021-11-21,24,0,SLAP_PGSF-APND,SLAP_PGSF-APND,SLAP_PGSF-APND,DAM,MCL,LMP_LOSS_PRC,SLAP_PGSF-APND,ALL_APNODES,0,1.31735,104
2021-11-21T15:00:00-00:00,2021-11-21T16:00:00-00:00,2021-11-21,8,0,SLAP_PGSF-APND,SLAP_PGSF-APND,SLAP_PGSF-APND,DAM,MCL,LMP_LOSS_PRC,SLAP_PGSF-APND,ALL_APNODES,0,3.62184,104
2021-11-21T16:00:00-00:00,2021-11-21T17:00:00-00:00,2021-11-21,9,0,SLAP_PGSF-APND,SLAP_PGSF-APND,SLAP_PGSF-APND,DAM,MCL,LMP_LOSS_PRC,SLAP_PGSF-APND,ALL_APNODES,0,2.66276,104
2021-11-21T19:00:00-00:00,2021-11-21T20:00:00-00:00,2021-11-21,12,0,SLAP_PGSF-APND,SLAP_PGSF-APND,SLAP_PGSF-APND,DAM,MCL,LMP_LOSS_PRC,SLAP_PGSF-APND,ALL_APNODES,0,1.8577,104
2021-11-21T21:00:00-00:00,2021-11-21T22:00:00-00:00,2021-11-21,14,0,SLAP_PGSF-APND,SLAP_PGSF-APND,SLAP_PGSF-APND,DAM,MCL,LMP_LOSS_PRC,SLAP_PGSF-APND,ALL_APNODES,0,2.24339,104
2021-11-22T00:00:00-00:00,2021-11-22T01:00:00-00:00,2021-11-21,17,0,SLAP_PGSF-APND,SLAP_PGSF-APND,SLAP_PGSF-APND,DAM,MCL,LMP_LOSS_PRC,SLAP_PGSF-APND,ALL_APNODES,0,1.73051,104
2021-11-21T18:00:00-00:00,2021-11-21T19:00:00-00:00,2021-11-21,11,0,SLAP_PGSF-APND,SLAP_PGSF-APND,SLAP_PGSF-APND,DAM,MCL,LMP_LOSS_PRC,SLAP_PGSF-APND,ALL_APNODES,0,1.70041,104
2021-11-21T22:00:00-00:00,2021-11-21T23:00:00-00:00,2021-11-21,15,0,SLAP_PGSF-APND,SLAP_PGSF-APND,SLAP_PGSF-APND,DAM,MCL,LMP_LOSS_PRC,SLAP_PGSF-APND,ALL_APNODES,0,2.14407,104
2021-11-22T05:00:00-00:00,2021-11-22T06:00:00-00:00,2021-11-21,22,0,SLAP_PGSF-APND,SLAP_PGSF-APND,SLAP_PGSF-APND,DAM,MGHG,LMP_GHG_PRC,SLAP_PGSF-APND,ALL_APNODES,0,0,105
2021-11-21T18:00:00-00:00,2021-11-21T19:00:00-00:00,2021-11-21,11,0,SLAP_PGSF-APND,SLAP_PGSF-APND,SLAP_PGSF-APND,DAM,MGHG,LMP_GHG_PRC,SLAP_PGSF-APND,ALL_APNODES,0,0,105
2021-11-21T11:00:00-00:00,2021-11-21T12:00:00-00:00,2021-11-21,4,0,SLAP_PGSF-APND,SLAP_PGSF-APND,SLAP_PGSF-APND,DAM,MGHG,LMP_GHG_PRC,SLAP_PGSF-APND,ALL_APNODES,0,0,105
2021-11-22T06:00:00-00:00,2021-11-22T07:00:00-00:00,2021-11-21,23,0,SLAP_PGSF-APND,SLAP_PGSF-APND,SLAP_PGSF-APND,DAM,MGHG,LMP_GHG_PRC,SLAP_PGSF-APND,ALL_APNODES,0,0,105
2021-11-21T16:00:00-00:00,2021-11-21T17:00:00-00:00,2021-11-21,9,0,SLAP_PGSF-APND,SLAP_PGSF-APND,SLAP_PGSF-APND,DAM,MGHG,LMP_GHG_PRC,SLAP_PGSF-APND,ALL_APNODES,0,0,105
2021-11-21T22:00:00-00:00,2021-11-21T23:00:00-00:00,2021-11-21,15,0,SLAP_PGSF-APND,SLAP_PGSF-APND,SLAP_PGSF-APND,DAM,MGHG,LMP_GHG_PRC,SLAP_PGSF-APND,ALL_APNODES,0,0,105
2021-11-21T08:00:00-00:00,2021-11-21T09:00:00-00:00,2021-11-21,1,0,SLAP_PGSF-APND,SLAP_PGSF-APND,SLAP_PGSF-APND,DAM,MGHG,LMP_GHG_PRC,SLAP_PGSF-APND,ALL_APNODES,0,0,105
2021-11-21T10:00:00-00:00,2021-11-21T11:00:00-00:00,2021-11-21,3,0,SLAP_PGSF-APND,SLAP_PGSF-APND,SLAP_PGSF-APND,DAM,MGHG,LMP_GHG_PRC,SLAP_PGSF-APND,ALL_APNODES,0,0,105
2021-11-21T12:00:00-00:00,2021-11-21T13:00:00-00:00,2021-11-21,5,0,SLAP_PGSF-APND,SLAP_PGSF-APND,SLAP_PGSF-APND,DAM,MGHG,LMP_GHG_PRC,SLAP_PGSF-APND,ALL_APNODES,0,0,105
2021-11-22T04:00:00-00:00,2021-11-22T05:00:00-00:00,2021-11-21,21,0,SLAP_PGSF-APND,SLAP_PGSF-APND,SLAP_PGSF-APND,DAM,MGHG,LMP_GHG_PRC,SLAP_PGSF-APND,ALL_APNODES,0,0,105
2021-11-21T17:00:00-00:00,2021-11-21T18:00:00-00:00,2021-11-21,10,0,SLAP_PGSF-APND,SLAP_PGSF-APND,SLAP_PGSF-APND,DAM,MGHG,LMP_GHG_PRC,SLAP_PGSF-APND,ALL_APNODES,0,0,105
2021-11-22T03:00:00-00:00,2021-11-22T04:00:00-00:00,2021-11-21,20,0,SLAP_PGSF-APND,SLAP_PGSF-APND,SLAP_PGSF-APND,DAM,MGHG,LMP_GHG_PRC,SLAP_PGSF-APND,ALL_APNODES,0,0,105
2021-11-22T07:00:00-00:00,2021-11-22T08:00:00-00:00,2021-11-21,24,0,SLAP_PGSF-APND,SLAP_PGSF-APND,SLAP_PGSF-APND,DAM,MGHG,LMP_GHG_PRC,SLAP_PGSF-APND,ALL_APNODES,0,0,105
2021-11-21T15:00:00-00:00,2021-11-21T16:00:00-00:00,2021-11-21,8,0,SLAP_PGSF-APND,SLAP_PGSF-APND,SLAP_PGSF-APND,DAM,MGHG,LMP_GHG_PRC,SLAP_PGSF-APND,ALL_APNODES,0,0,105
2021-11-21T13:00:00-00:00,2021-11-21T14:00:00-00:00,2021-11-21,6,0,SLAP_PGSF-APND,SLAP_PGSF-APND,SLAP_PGSF-APND,DAM,MGHG,LMP_GHG_PRC,SLAP_PGSF-APND,ALL_APNODES,0,0,105
2021-11-21T19:00:00-00:00,2021-11-21T20:00:00-00:00,2021-11-21,12,0,SLAP_PGSF-APND,SLAP_PGSF-APND,SLAP_PGSF-APND,DAM,MGHG,LMP_GHG_PRC,SLAP_PGSF-APND,ALL_APNODES,0,0,105
2021-11-22T01:00:00-00:00,2021-11-22T02:00:00-00:00,2021-11-21,18,0,SLAP_PGSF-APND,SLAP_PGSF-APND,SLAP_PGSF-APND,DAM,MGHG,LMP_GHG_PRC,SLAP_PGSF-APND,ALL_APNODES,0,0,105
2021-11-21T20:00:00-00:00,2021-11-21T21:00:00-00:00,2021-11-21,13,0,SLAP_PGSF-APND,SLAP_PGSF-APND,SLAP_PGSF-APND,DAM,MGHG,LMP_GHG_PRC,SLAP_PGSF-APND,ALL_APNODES,0,0,105
2021-11-22T02:00:00-00:00,2021-11-22T03:00:00-00:00,2021-11-21,19,0,SLAP_PGSF-APND,SLAP_PGSF-APND,SLAP_PGSF-APND,DAM,MGHG,LMP_GHG_PRC,SLAP_PGSF-APND,ALL_APNODES,0,0,105
2021-11-21T14:00:00-00:00,2021-11-21T15:00:00-00:00,2021-11-21,7,0,SLAP_PGSF-APND,SLAP_PGSF-APND,SLAP_PGSF-APND,DAM,MGHG,LMP_GHG_PRC,SLAP_PGSF-APND,ALL_APNODES,0,0,105
2021-11-21T21:00:00-00:00,2021-11-21T22:00:00-00:00,2021-11-21,14,0,SLAP_PGSF-APND,SLAP_PGSF-APND,SLAP_PGSF-APND,DAM,MGHG,LMP_GHG_PRC,SLAP_PGSF-APND,ALL_APNODES,0,0,105
2021-11-21T23:00:00-00:00,2021-11-22T00:00:00-00:00,2021-11-21,16,0,SLAP_PGSF-APND,SLAP_PGSF-APND,SLAP_PGSF-APND,DAM,MGHG,LMP_GHG_PRC,SLAP_PGSF-APND,ALL_APNODES,0,0,105
2021-11-22T00:00:00-00:00,2021-11-22T01:00:00-00:00,2021-11-21,17,0,SLAP_PGSF-APND,SLAP_PGSF-APND,SLAP_PGSF-APND,DAM,MGHG,LMP_GHG_PRC,SLAP_PGSF-APND,ALL_APNODES,0,0,105
2021-11-21T09:00:00-00:00,2021-11-21T10:00:00-00:00,2021-11-21,2,0,SLAP_PGSF-APND,SLAP_PGSF-APND,SLAP_PGSF-APND,DAM,MGHG,LMP_GHG_PRC,SLAP_PGSF-APND,ALL_APNODES,0,0,105
2021-11-23T05:00:00-00:00,2021-11-23T06:00:00-00:00,2021-11-22,22,0,SLAP_PGSF-APND,SLAP_PGSF-APND,SLAP_PGSF-APND,DAM,LMP,LMP_PRC,SLAP_PGSF-APND,ALL_APNODES,0,72.90791,106
2021-11-23T01:00:00-00:00,2021-11-23T02:00:00-00:00,2021-11-22,18,0,SLAP_PGSF-APND,SLAP_PGSF-APND,SLAP_PGSF-APND,DAM,LMP,LMP_PRC,SLAP_PGSF-APND,ALL_APNODES,0,106.27219,106
2021-11-22T21:00:00-00:00,2021-11-22T22:00:00-00:00,2021-11-22,14,0,SLAP_PGSF-APND,SLAP_PGSF-APND,SLAP_PGSF-APND,DAM,LMP,LMP_PRC,SLAP_PGSF-APND,ALL_APNODES,0,52.55295,106
2021-11-23T00:00:00-00:00,2021-11-23T01:00:00-00:00,2021-11-22,17,0,SLAP_PGSF-APND,SLAP_PGSF-APND,SLAP_PGSF-APND,DAM,LMP,LMP_PRC,SLAP_PGSF-APND,ALL_APNODES,0,100.9891,106
2021-11-22T23:00:00-00:00,2021-11-23T00:00:00-00:00,2021-11-22,16,0,SLAP_PGSF-APND,SLAP_PGSF-APND,SLAP_PGSF-APND,DAM,LMP,LMP_PRC,SLAP_PGSF-APND,ALL_APNODES,0,73.92325,106
2021-11-22T20:00:00-00:00,2021-11-22T21:00:00-00:00,2021-11-22,13,0,SLAP_PGSF-APND,SLAP_PGSF-APND,SLAP_PGSF-APND,DAM,LMP,LMP_PRC,SLAP_PGSF-APND,ALL_APNODES,0,50.95798,106
2021-11-22T12:00:00-00:00,2021-11-22T13:00:00-00:00,2021-11-22,5,0,SLAP_PGSF-APND,SLAP_PGSF-APND,SLAP_PGSF-APND,DAM,LMP,LMP_PRC,SLAP_PGSF-APND,ALL_APNODES,0,59.35376,106
2021-11-22T16:00:00-00:00,2021-11-22T17:00:00-00:00,2021-11-22,9,0,SLAP_PGSF-APND,SLAP_PGSF-APND,SLAP_PGSF-APND,DAM,LMP,LMP_PRC,SLAP_PGSF-APND,ALL_APNODES,0,80.17398,106
2021-11-22T14:00:00-00:00,2021-11-22T15:00:00-00:00,2021-11-22,7,0,SLAP_PGSF-APND,SLAP_PGSF-APND,SLAP_PGSF-APND,DAM,LMP,LMP_PRC,SLAP_PGSF-APND,ALL_APNODES,0,78.48954,106
2021-11-23T07:00:00-00:00,2021-11-23T08:00:00-00:00,2021-11-22,24,0,SLAP_PGSF-APND,SLAP_PGSF-APND,SLAP_PGSF-APND,DAM,LMP,LMP_PRC,SLAP_PGSF-APND,ALL_APNODES,0,61.17933,106
2021-11-23T04:00:00-00:00,2021-11-23T05:00:00-00:00,2021-11-22,21,0,SLAP_PGSF-APND,SLAP_PGSF-APND,SLAP_PGSF-APND,DAM,LMP,LMP_PRC,SLAP_PGSF-APND,ALL_APNODES,0,80.30761,106
2021-11-23T03:00:00-00:00,2021-11-23T04:00:00-00:00,2021-11-22,20,0,SLAP_PGSF-APND,SLAP_PGSF-APND,SLAP_PGSF-APND,DAM,LMP,LMP_PRC,SLAP_PGSF-APND,ALL_APNODES,0,84.92484,106
2021-11-22T22:00:00-00:00,2021-11-22T23:00:00-00:00,2021-11-22,15,0,SLAP_PGSF-APND,SLAP_PGSF-APND,SLAP_PGSF-APND,DAM,LMP,LMP_PRC,SLAP_PGSF-APND,ALL_APNODES,0,59.07804,106
2021-11-22T19:00:00-00:00,2021-11-22T20:00:00-00:00,2021-11-22,12,0,SLAP_PGSF-APND,SLAP_PGSF-APND,SLAP_PGSF-APND,DAM,LMP,LMP_PRC,SLAP_PGSF-APND,ALL_APNODES,0,53.74184,106
2021-11-22T10:00:00-00:00,2021-11-22T11:00:00-00:00,2021-11-22,3,0,SLAP_PGSF-APND,SLAP_PGSF-APND,SLAP_PGSF-APND,DAM,LMP,LMP_PRC,SLAP_PGSF-APND,ALL_APNODES,0,57.03764,106
2021-11-23T06:00:00-00:00,2021-11-23T07:00:00-00:00,2021-11-22,23,0,SLAP_PGSF-APND,SLAP_PGSF-APND,SLAP_PGSF-APND,DAM,LMP,LMP_PRC,SLAP_PGSF-APND,ALL_APNODES,0,70.56611,106
2021-11-22T17:00:00-00:00,2021-11-22T18:00:00-00:00,2021-11-22,10,0,SLAP_PGSF-APND,SLAP_PGSF-APND,SLAP_PGSF-APND,DAM,LMP,LMP_PRC,SLAP_PGSF-APND,ALL_APNODES,0,66.82873,106
2021-11-22T11:00:00-00:00,2021-11-22T12:00:00-00:00,2021-11-22,4,0,SLAP_PGSF-APND,SLAP_PGSF-APND,SLAP_PGSF-APND,DAM,LMP,LMP_PRC,SLAP_PGSF-APND,ALL_APNODES,0,57.14582,106
2021-11-22T09:00:00-00:00,2021-11-22T10:00:00-00:00,2021-11-22,2,0,SLAP_PGSF-APND,SLAP_PGSF-APND,SLAP_PGSF-APND,DAM,LMP,LMP_PRC,SLAP_PGSF-APND,ALL_APNODES,0,57.38716,106
2021-11-22T08:00:00-00:00,2021-11-22T09:00:00-00:00,2021-11-22,1,0,SLAP_PGSF-APND,SLAP_PGSF-APND,SLAP_PGSF-APND,DAM,LMP,LMP_PRC,SLAP_PGSF-APND,ALL_APNODES,0,58.48347,106
2021-11-22T18:00:00-00:00,2021-11-22T19:00:00-00:00,2021-11-22,11,0,SLAP_PGSF-APND,SLAP_PGSF-APND,SLAP_PGSF-APND,DAM,LMP,LMP_PRC,SLAP_PGSF-APND,ALL_APNODES,0,60.47022,106
2021-11-22T15:00:00-00:00,2021-11-22T16:00:00-00:00,2021-11-22,8,0,SLAP_PGSF-APND,SLAP_PGSF-APND,SLAP_PGSF-APND,DAM,LMP,LMP_PRC,SLAP_PGSF-APND,ALL_APNODES,0,71.6106,106
2021-11-22T13:00:00-00:00,2021-11-22T14:00:00-00:00,2021-11-22,6,0,SLAP_PGSF-APND,SLAP_PGSF-APND,SLAP_PGSF-APND,DAM,LMP,LMP_PRC,SLAP_PGSF-APND,ALL_APNODES,0,67.65322,106
2021-11-23T02:00:00-00:00,2021-11-23T03:00:00-00:00,2021-11-22,19,0,SLAP_PGSF-APND,SLAP_PGSF-APND,SLAP_PGSF-APND,DAM,LMP,LMP_PRC,SLAP_PGSF-APND,ALL_APNODES,0,90.55696,106
2021-11-22T18:00:00-00:00,2021-11-22T19:00:00-00:00,2021-11-22,11,0,SLAP_PGSF-APND,SLAP_PGSF-APND,SLAP_PGSF-APND,DAM,MCC,LMP_CONG_PRC,SLAP_PGSF-APND,ALL_APNODES,0,9.3731,107
2021-11-22T22:00:00-00:00,2021-11-22T23:00:00-00:00,2021-11-22,15,0,SLAP_PGSF-APND,SLAP_PGSF-APND,SLAP_PGSF-APND,DAM,MCC,LMP_CONG_PRC,SLAP_PGSF-APND,ALL_APNODES,0,0,107
2021-11-23T05:00:00-00:00,2021-11-23T06:00:00-00:00,2021-11-22,22,0,SLAP_PGSF-APND,SLAP_PGSF-APND,SLAP_PGSF-APND,DAM,MCC,LMP_CONG_PRC,SLAP_PGSF-APND,ALL_APNODES,0,0,107
2021-11-23T03:00:00-00:00,2021-11-23T04:00:00-00:00,2021-11-22,20,0,SLAP_PGSF-APND,SLAP_PGSF-APND,SLAP_PGSF-APND,DAM,MCC,LMP_CONG_PRC,SLAP_PGSF-APND,ALL_APNODES,0,1.92304,107
2021-11-23T02:00:00-00:00,2021-11-23T03:00:00-00:00,2021-11-22,19,0,SLAP_PGSF-APND,SLAP_PGSF-APND,SLAP_PGSF-APND,DAM,MCC,LMP_CONG_PRC,SLAP_PGSF-APND,ALL_APNODES,0,0.58642,107
2021-11-23T00:00:00-00:00,2021-11-23T01:00:00-00:00,2021-11-22,17,0,SLAP_PGSF-APND,SLAP_PGSF-APND,SLAP_PGSF-APND,DAM,MCC,LMP_CONG_PRC,SLAP_PGSF-APND,ALL_APNODES,0,3.04159,107
2021-11-22T08:00:00-00:00,2021-11-22T09:00:00-00:00,2021-11-22,1,0,SLAP_PGSF-APND,SLAP_PGSF-APND,SLAP_PGSF-APND,DAM,MCC,LMP_CONG_PRC,SLAP_PGSF-APND,ALL_APNODES,0,0,107
2021-11-23T01:00:00-00:00,2021-11-23T02:00:00-00:00,2021-11-22,18,0,SLAP_PGSF-APND,SLAP_PGSF-APND,SLAP_PGSF-APND,DAM,MCC,LMP_CONG_PRC,SLAP_PGSF-APND,ALL_APNODES,0,0.28219,107
2021-11-22T23:00:00-00:00,2021-11-23T00:00:00-00:00,2021-11-22,16,0,SLAP_PGSF-APND,SLAP_PGSF-APND,SLAP_PGSF-APND,DAM,MCC,LMP_CONG_PRC,SLAP_PGSF-APND,ALL_APNODES,0,3.26214,107
2021-11-22T21:00:00-00:00,2021-11-22T22:00:00-00:00,2021-11-22,14,0,SLAP_PGSF-APND,SLAP_PGSF-APND,SLAP_PGSF-APND,DAM,MCC,LMP_CONG_PRC,SLAP_PGSF-APND,ALL_APNODES,0,0,107
2021-11-22T17:00:00-00:00,2021-11-22T18:00:00-00:00,2021-11-22,10,0,SLAP_PGSF-APND,SLAP_PGSF-APND,SLAP_PGSF-APND,DAM,MCC,LMP_CONG_PRC,SLAP_PGSF-APND,ALL_APNODES,0,11.994,107
2021-11-22T14:00:00-00:00,2021-11-22T15:00:00-00:00,2021-11-22,7,0,SLAP_PGSF-APND,SLAP_PGSF-APND,SLAP_PGSF-APND,DAM,MCC,LMP_CONG_PRC,SLAP_PGSF-APND,ALL_APNODES,0,0.85929,107
2021-11-22T16:00:00-00:00,2021-11-22T17:00:00-00:00,2021-11-22,9,0,SLAP_PGSF-APND,SLAP_PGSF-APND,SLAP_PGSF-APND,DAM,MCC,LMP_CONG_PRC,SLAP_PGSF-APND,ALL_APNODES,0,19.52456,107
2021-11-22T20:00:00-00:00,2021-11-22T21:00:00-00:00,2021-11-22,13,0,SLAP_PGSF-APND,SLAP_PGSF-APND,SLAP_PGSF-APND,DAM,MCC,LMP_CONG_PRC,SLAP_PGSF-APND,ALL_APNODES,0,0.24937,107
2021-11-22T13:00:00-00:00,2021-11-22T14:00:00-00:00,2021-11-22,6,0,SLAP_PGSF-APND,SLAP_PGSF-APND,SLAP_PGSF-APND,DAM,MCC,LMP_CONG_PRC,SLAP_PGSF-APND,ALL_APNODES,0,0,107
2021-11-22T15:00:00-00:00,2021-11-22T16:00:00-00:00,2021-11-22,8,0,SLAP_PGSF-APND,SLAP_PGSF-APND,SLAP_PGSF-APND,DAM,MCC,LMP_CONG_PRC,SLAP_PGSF-APND,ALL_APNODES,0,1.57058,107
2021-11-23T04:00:00-00:00,2021-11-23T05:00:00-00:00,2021-11-22,21,0,SLAP_PGSF-APND,SLAP_PGSF-APND,SLAP_PGSF-APND,DAM,MCC,LMP_CONG_PRC,SLAP_PGSF-APND,ALL_APNODES,0,0,107
2021-11-22T10:00:00-00:00,2021-11-22T11:00:00-00:00,2021-11-22,3,0,SLAP_PGSF-APND,SLAP_PGSF-APND,SLAP_PGSF-APND,DAM,MCC,LMP_CONG_PRC,SLAP_PGSF-APND,ALL_APNODES,0,0,107
2021-11-23T07:00:00-00:00,2021-11-23T08:00:00-00:00,2021-11-22,24,0,SLAP_PGSF-APND,SLAP_PGSF-APND,SLAP_PGSF-APND,DAM,MCC,LMP_CONG_PRC,SLAP_PGSF-APND,ALL_APNODES,0,0,107
2021-11-23T06:00:00-00:00,2021-11-23T07:00:00-00:00,2021-11-22,23,0,SLAP_PGSF-APND,SLAP_PGSF-APND,SLAP_PGSF-APND,DAM,MCC,LMP_CONG_PRC,SLAP_PGSF-APND,ALL_APNODES,0,0,107
2021-11-22T19:00:00-00:00,2021-11-22T20:00:00-00:00,2021-11-22,12,0,SLAP_PGSF-APND,SLAP_PGSF-APND,SLAP_PGSF-APND,DAM,MCC,LMP_CONG_PRC,SLAP_PGSF-APND,ALL_APNODES,0,3.26406,107
2021-11-22T11:00:00-00:00,2021-11-22T12:00:00-00:00,2021-11-22,4,0,SLAP_PGSF-APND,SLAP_PGSF-APND,SLAP_PGSF-APND,DAM,MCC,LMP_CONG_PRC,SLAP_PGSF-APND,ALL_APNODES,0,0,107
2021-11-22T09:00:00-00:00,2021-11-22T10:00:00-00:00,2021-11-22,2,0,SLAP_PGSF-APND,SLAP_PGSF-APND,SLAP_PGSF-APND,DAM,MCC,LMP_CONG_PRC,SLAP_PGSF-APND,ALL_APNODES,0,0,107
2021-11-22T12:00:00-00:00,2021-11-22T13:00:00-00:00,2021-11-22,5,0,SLAP_PGSF-APND,SLAP_PGSF-APND,SLAP_PGSF-APND,DAM,MCC,LMP_CONG_PRC,SLAP_PGSF-APND,ALL_APNODES,0,0,107
2021-11-22T21:00:00-00:00,2021-11-22T22:00:00-00:00,2021-11-22,14,0,SLAP_PGSF-APND,SLAP_PGSF-APND,SLAP_PGSF-APND,DAM,MCE,LMP_ENE_PRC,SLAP_PGSF-APND,ALL_APNODES,0,50.08382,108
2021-11-22T11:00:00-00:00,2021-11-22T12:00:00-00:00,2021-11-22,4,0,SLAP_PGSF-APND,SLAP_PGSF-APND,SLAP_PGSF-APND,DAM,MCE,LMP_ENE_PRC,SLAP_PGSF-APND,ALL_APNODES,0,55.73571,108
2021-11-23T00:00:00-00:00,2021-11-23T01:00:00-00:00,2021-11-22,17,0,SLAP_PGSF-APND,SLAP_PGSF-APND,SLAP_PGSF-APND,DAM,MCE,LMP_ENE_PRC,SLAP_PGSF-APND,ALL_APNODES,0,93.70277,108
2021-11-23T02:00:00-00:00,2021-11-23T03:00:00-00:00,2021-11-22,19,0,SLAP_PGSF-APND,SLAP_PGSF-APND,SLAP_PGSF-APND,DAM,MCE,LMP_ENE_PRC,SLAP_PGSF-APND,ALL_APNODES,0,89.97054,108
2021-11-22T17:00:00-00:00,2021-11-22T18:00:00-00:00,2021-11-22,10,0,SLAP_PGSF-APND,SLAP_PGSF-APND,SLAP_PGSF-APND,DAM,MCE,LMP_ENE_PRC,SLAP_PGSF-APND,ALL_APNODES,0,51.58973,108
2021-11-22T22:00:00-00:00,2021-11-22T23:00:00-00:00,2021-11-22,15,0,SLAP_PGSF-APND,SLAP_PGSF-APND,SLAP_PGSF-APND,DAM,MCE,LMP_ENE_PRC,SLAP_PGSF-APND,ALL_APNODES,0,56.40447,108
2021-11-22T09:00:00-00:00,2021-11-22T10:00:00-00:00,2021-11-22,2,0,SLAP_PGSF-APND,SLAP_PGSF-APND,SLAP_PGSF-APND,DAM,MCE,LMP_ENE_PRC,SLAP_PGSF-APND,ALL_APNODES,0,56.03668,108
2021-11-23T05:00:00-00:00,2021-11-23T06:00:00-00:00,2021-11-22,22,0,SLAP_PGSF-APND,SLAP_PGSF-APND,SLAP_PGSF-APND,DAM,MCE,LMP_ENE_PRC,SLAP_PGSF-APND,ALL_APNODES,0,70.47647,108
2021-11-22T18:00:00-00:00,2021-11-22T19:00:00-00:00,2021-11-22,11,0,SLAP_PGSF-APND,SLAP_PGSF-APND,SLAP_PGSF-APND,DAM,MCE,LMP_ENE_PRC,SLAP_PGSF-APND,ALL_APNODES,0,47.08544,108
2021-11-23T01:00:00-00:00,2021-11-23T02:00:00-00:00,2021-11-22,18,0,SLAP_PGSF-APND,SLAP_PGSF-APND,SLAP_PGSF-APND,DAM,MCE,LMP_ENE_PRC,SLAP_PGSF-APND,ALL_APNODES,0,105.99,108
2021-11-23T04:00:00-00:00,2021-11-23T05:00:00-00:00,2021-11-22,21,0,SLAP_PGSF-APND,SLAP_PGSF-APND,SLAP_PGSF-APND,DAM,MCE,LMP_ENE_PRC,SLAP_PGSF-APND,ALL_APNODES,0,77.1595,108
2021-11-22T14:00:00-00:00,2021-11-22T15:00:00-00:00,2021-11-22,7,0,SLAP_PGSF-APND,SLAP_PGSF-APND,SLAP_PGSF-APND,DAM,MCE,LMP_ENE_PRC,SLAP_PGSF-APND,ALL_APNODES,0,74.57276,108
2021-11-22T16:00:00-00:00,2021-11-22T17:00:00-00:00,2021-11-22,9,0,SLAP_PGSF-APND,SLAP_PGSF-APND,SLAP_PGSF-APND,DAM,MCE,LMP_ENE_PRC,SLAP_PGSF-APND,ALL_APNODES,0,55.47372,108
2021-11-22T20:00:00-00:00,2021-11-22T21:00:00-00:00,2021-11-22,13,0,SLAP_PGSF-APND,SLAP_PGSF-APND,SLAP_PGSF-APND,DAM,MCE,LMP_ENE_PRC,SLAP_PGSF-APND,ALL_APNODES,0,47.64951,108
2021-11-23T03:00:00-00:00,2021-11-23T04:00:00-00:00,2021-11-22,20,0,SLAP_PGSF-APND,SLAP_PGSF-APND,SLAP_PGSF-APND,DAM,MCE,LMP_ENE_PRC,SLAP_PGSF-APND,ALL_APNODES,0,79.14732,108
2021-11-23T06:00:00-00:00,2021-11-23T07:00:00-00:00,2021-11-22,23,0,SLAP_PGSF-APND,SLAP_PGSF-APND,SLAP_PGSF-APND,DAM,MCE,LMP_ENE_PRC,SLAP_PGSF-APND,ALL_APNODES,0,68.89203,108
2021-11-22T13:00:00-00:00,2021-11-22T14:00:00-00:00,2021-11-22,6,0,SLAP_PGSF-APND,SLAP_PGSF-APND,SLAP_PGSF-APND,DAM,MCE,LMP_ENE_PRC,SLAP_PGSF-APND,ALL_APNODES,0,66.11279,108
2021-11-22T15:00:00-00:00,2021-11-22T16:00:00-00:00,2021-11-22,8,0,SLAP_PGSF-APND,SLAP_PGSF-APND,SLAP_PGSF-APND,DAM,MCE,LMP_ENE_PRC,SLAP_PGSF-APND,ALL_APNODES,0,65.48857,108
2021-11-22T19:00:00-00:00,2021-11-22T20:00:00-00:00,2021-11-22,12,0,SLAP_PGSF-APND,SLAP_PGSF-APND,SLAP_PGSF-APND,DAM,MCE,LMP_ENE_PRC,SLAP_PGSF-APND,ALL_APNODES,0,46.63506,108
2021-11-22T08:00:00-00:00,2021-11-22T09:00:00-00:00,2021-11-22,1,0,SLAP_PGSF-APND,SLAP_PGSF-APND,SLAP_PGSF-APND,DAM,MCE,LMP_ENE_PRC,SLAP_PGSF-APND,ALL_APNODES,0,57.01254,108
2021-11-22T10:00:00-00:00,2021-11-22T11:00:00-00:00,2021-11-22,3,0,SLAP_PGSF-APND,SLAP_PGSF-APND,SLAP_PGSF-APND,DAM,MCE,LMP_ENE_PRC,SLAP_PGSF-APND,ALL_APNODES,0,55.7117,108
2021-11-22T12:00:00-00:00,2021-11-22T13:00:00-00:00,2021-11-22,5,0,SLAP_PGSF-APND,SLAP_PGSF-APND,SLAP_PGSF-APND,DAM,MCE,LMP_ENE_PRC,SLAP_PGSF-APND,ALL_APNODES,0,57.93436,108
2021-11-23T07:00:00-00:00,2021-11-23T08:00:00-00:00,2021-11-22,24,0,SLAP_PGSF-APND,SLAP_PGSF-APND,SLAP_PGSF-APND,DAM,MCE,LMP_ENE_PRC,SLAP_PGSF-APND,ALL_APNODES,0,59.53614,108
2021-11-22T23:00:00-00:00,2021-11-23T00:00:00-00:00,2021-11-22,16,0,SLAP_PGSF-APND,SLAP_PGSF-APND,SLAP_PGSF-APND,DAM,MCE,LMP_ENE_PRC,SLAP_PGSF-APND,ALL_APNODES,0,66.61116,108
2021-11-22T14:00:00-00:00,2021-11-22T15:00:00-00:00,2021-11-22,7,0,SLAP_PGSF-APND,SLAP_PGSF-APND,SLAP_PGSF-APND,DAM,MCL,LMP_LOSS_PRC,SLAP_PGSF-APND,ALL_APNODES,0,3.05748,109
2021-11-22T15:00:00-00:00,2021-11-22T16:00:00-00:00,2021-11-22,8,0,SLAP_PGSF-APND,SLAP_PGSF-APND,SLAP_PGSF-APND,DAM,MCL,LMP_LOSS_PRC,SLAP_PGSF-APND,ALL_APNODES,0,4.55146,109
2021-11-22T20:00:00-00:00,2021-11-22T21:00:00-00:00,2021-11-22,13,0,SLAP_PGSF-APND,SLAP_PGSF-APND,SLAP_PGSF-APND,DAM,MCL,LMP_LOSS_PRC,SLAP_PGSF-APND,ALL_APNODES,0,3.0591,109
2021-11-23T02:00:00-00:00,2021-11-23T03:00:00-00:00,2021-11-22,19,0,SLAP_PGSF-APND,SLAP_PGSF-APND,SLAP_PGSF-APND,DAM,MCL,LMP_LOSS_PRC,SLAP_PGSF-APND,ALL_APNODES,0,0,109
2021-11-22T08:00:00-00:00,2021-11-22T09:00:00-00:00,2021-11-22,1,0,SLAP_PGSF-APND,SLAP_PGSF-APND,SLAP_PGSF-APND,DAM,MCL,LMP_LOSS_PRC,SLAP_PGSF-APND,ALL_APNODES,0,1.47092,109
2021-11-23T06:00:00-00:00,2021-11-23T07:00:00-00:00,2021-11-22,23,0,SLAP_PGSF-APND,SLAP_PGSF-APND,SLAP_PGSF-APND,DAM,MCL,LMP_LOSS_PRC,SLAP_PGSF-APND,ALL_APNODES,0,1.67408,109
2021-11-23T01:00:00-00:00,2021-11-23T02:00:00-00:00,2021-11-22,18,0,SLAP_PGSF-APND,SLAP_PGSF-APND,SLAP_PGSF-APND,DAM,MCL,LMP_LOSS_PRC,SLAP_PGSF-APND,ALL_APNODES,0,0,109
2021-11-23T00:00:00-00:00,2021-11-23T01:00:00-00:00,2021-11-22,17,0,SLAP_PGSF-APND,SLAP_PGSF-APND,SLAP_PGSF-APND,DAM,MCL,LMP_LOSS_PRC,SLAP_PGSF-APND,ALL_APNODES,0,4.24474,109
2021-11-22T10:00:00-00:00,2021-11-22T11:00:00-00:00,2021-11-22,3,0,SLAP_PGSF-APND,SLAP_PGSF-APND,SLAP_PGSF-APND,DAM,MCL,LMP_LOSS_PRC,SLAP_PGSF-APND,ALL_APNODES,0,1.32594,109
2021-11-22T19:00:00-00:00,2021-11-22T20:00:00-00:00,2021-11-22,12,0,SLAP_PGSF-APND,SLAP_PGSF-APND,SLAP_PGSF-APND,DAM,MCL,LMP_LOSS_PRC,SLAP_PGSF-APND,ALL_APNODES,0,3.84273,109
2021-11-22T16:00:00-00:00,2021-11-22T17:00:00-00:00,2021-11-22,9,0,SLAP_PGSF-APND,SLAP_PGSF-APND,SLAP_PGSF-APND,DAM,MCL,LMP_LOSS_PRC,SLAP_PGSF-APND,ALL_APNODES,0,5.1757,109
2021-11-22T09:00:00-00:00,2021-11-22T10:00:00-00:00,2021-11-22,2,0,SLAP_PGSF-APND,SLAP_PGSF-APND,SLAP_PGSF-APND,DAM,MCL,LMP_LOSS_PRC,SLAP_PGSF-APND,ALL_APNODES,0,1.35048,109
2021-11-23T05:00:00-00:00,2021-11-23T06:00:00-00:00,2021-11-22,22,0,SLAP_PGSF-APND,SLAP_PGSF-APND,SLAP_PGSF-APND,DAM,MCL,LMP_LOSS_PRC,SLAP_PGSF-APND,ALL_APNODES,0,2.43144,109
2021-11-23T07:00:00-00:00,2021-11-23T08:00:00-00:00,2021-11-22,24,0,SLAP_PGSF-APND,SLAP_PGSF-APND,SLAP_PGSF-APND,DAM,MCL,LMP_LOSS_PRC,SLAP_PGSF-APND,ALL_APNODES,0,1.6432,109
2021-11-22T12:00:00-00:00,2021-11-22T13:00:00-00:00,2021-11-22,5,0,SLAP_PGSF-APND,SLAP_PGSF-APND,SLAP_PGSF-APND,DAM,MCL,LMP_LOSS_PRC,SLAP_PGSF-APND,ALL_APNODES,0,1.41939,109
2021-11-22T21:00:00-00:00,2021-11-22T22:00:00-00:00,2021-11-22,14,0,SLAP_PGSF-APND,SLAP_PGSF-APND,SLAP_PGSF-APND,DAM,MCL,LMP_LOSS_PRC,SLAP_PGSF-APND,ALL_APNODES,0,2.46913,109
2021-11-22T18:00:00-00:00,2021-11-22T19:00:00-00:00,2021-11-22,11,0,SLAP_PGSF-APND,SLAP_PGSF-APND,SLAP_PGSF-APND,DAM,MCL,LMP_LOSS_PRC,SLAP_PGSF-APND,ALL_APNODES,0,4.01168,109
2021-11-22T13:00:00-00:00,2021-11-22T14:00:00-00:00,2021-11-22,6,0,SLAP_PGSF-APND,SLAP_PGSF-APND,SLAP_PGSF-APND,DAM,MCL,LMP_LOSS_PRC,SLAP_PGSF-APND,ALL_APNODES,0,1.54043,109
2021-11-22T17:00:00-00:00,2021-11-22T18:00:00-00:00,2021-11-22,10,0,SLAP_PGSF-APND,SLAP_PGSF-APND,SLAP_PGSF-APND,DAM,MCL,LMP_LOSS_PRC,SLAP_PGSF-APND,ALL_APNODES,0,3.24499,109
2021-11-22T11:00:00-00:00,2021-11-22T12:00:00-00:00,2021-11-22,4,0,SLAP_PGSF-APND,SLAP_PGSF-APND,SLAP_PGSF-APND,DAM,MCL,LMP_LOSS_PRC,SLAP_PGSF-APND,ALL_APNODES,0,1.41011,109
2021-11-23T04:00:00-00:00,2021-11-23T05:00:00-00:00,2021-11-22,21,0,SLAP_PGSF-APND,SLAP_PGSF-APND,SLAP_PGSF-APND,DAM,MCL,LMP_LOSS_PRC,SLAP_PGSF-APND,ALL_APNODES,0,3.14811,109
2021-11-23T03:00:00-00:00,2021-11-23T04:00:00-00:00,2021-11-22,20,0,SLAP_PGSF-APND,SLAP_PGSF-APND,SLAP_PGSF-APND,DAM,MCL,LMP_LOSS_PRC,SLAP_PGSF-APND,ALL_APNODES,0,3.85447,109
2021-11-22T23:00:00-00:00,2021-11-23T00:00:00-00:00,2021-11-22,16,0,SLAP_PGSF-APND,SLAP_PGSF-APND,SLAP_PGSF-APND,DAM,MCL,LMP_LOSS_PRC,SLAP_PGSF-APND,ALL_APNODES,0,4.04996,109
2021-11-22T22:00:00-00:00,2021-11-22T23:00:00-00:00,2021-11-22,15,0,SLAP_PGSF-APND,SLAP_PGSF-APND,SLAP_PGSF-APND,DAM,MCL,LMP_LOSS_PRC,SLAP_PGSF-APND,ALL_APNODES,0,2.67357,109
2021-11-22T08:00:00-00:00,2021-11-22T09:00:00-00:00,2021-11-22,1,0,SLAP_PGSF-APND,SLAP_PGSF-APND,SLAP_PGSF-APND,DAM,MGHG,LMP_GHG_PRC,SLAP_PGSF-APND,ALL_APNODES,0,0,110
2021-11-22T20:00:00-00:00,2021-11-22T21:00:00-00:00,2021-11-22,13,0,SLAP_PGSF-APND,SLAP_PGSF-APND,SLAP_PGSF-APND,DAM,MGHG,LMP_GHG_PRC,SLAP_PGSF-APND,ALL_APNODES,0,0,110
2021-11-22T18:00:00-00:00,2021-11-22T19:00:00-00:00,2021-11-22,11,0,SLAP_PGSF-APND,SLAP_PGSF-APND,SLAP_PGSF-APND,DAM,MGHG,LMP_GHG_PRC,SLAP_PGSF-APND,ALL_APNODES,0,0,110
2021-11-22T21:00:00-00:00,2021-11-22T22:00:00-00:00,2021-11-22,14,0,SLAP_PGSF-APND,SLAP_PGSF-APND,SLAP_PGSF-APND,DAM,MGHG,LMP_GHG_PRC,SLAP_PGSF-APND,ALL_APNODES,0,0,110
2021-11-22T19:00:00-00:00,2021-11-22T20:00:00-00:00,2021-11-22,12,0,SLAP_PGSF-APND,SLAP_PGSF-APND,SLAP_PGSF-APND,DAM,MGHG,LMP_GHG_PRC,SLAP_PGSF-APND,ALL_APNODES,0,0,110
2021-11-23T06:00:00-00:00,2021-11-23T07:00:00-00:00,2021-11-22,23,0,SLAP_PGSF-APND,SLAP_PGSF-APND,SLAP_PGSF-APND,DAM,MGHG,LMP_GHG_PRC,SLAP_PGSF-APND,ALL_APNODES,0,0,110
2021-11-23T03:00:00-00:00,2021-11-23T04:00:00-00:00,2021-11-22,20,0,SLAP_PGSF-APND,SLAP_PGSF-APND,SLAP_PGSF-APND,DAM,MGHG,LMP_GHG_PRC,SLAP_PGSF-APND,ALL_APNODES,0,0,110
2021-11-22T22:00:00-00:00,2021-11-22T23:00:00-00:00,2021-11-22,15,0,SLAP_PGSF-APND,SLAP_PGSF-APND,SLAP_PGSF-APND,DAM,MGHG,LMP_GHG_PRC,SLAP_PGSF-APND,ALL_APNODES,0,0,110
2021-11-22T17:00:00-00:00,2021-11-22T18:00:00-00:00,2021-11-22,10,0,SLAP_PGSF-APND,SLAP_PGSF-APND,SLAP_PGSF-APND,DAM,MGHG,LMP_GHG_PRC,SLAP_PGSF-APND,ALL_APNODES,0,0,110
2021-11-23T04:00:00-00:00,2021-11-23T05:00:00-00:00,2021-11-22,21,0,SLAP_PGSF-APND,SLAP_PGSF-APND,SLAP_PGSF-APND,DAM,MGHG,LMP_GHG_PRC,SLAP_PGSF-APND,ALL_APNODES,0,0,110
2021-11-23T01:00:00-00:00,2021-11-23T02:00:00-00:00,2021-11-22,18,0,SLAP_PGSF-APND,SLAP_PGSF-APND,SLAP_PGSF-APND,DAM,MGHG,LMP_GHG_PRC,SLAP_PGSF-APND,ALL_APNODES,0,0,110
2021-11-22T10:00:00-00:00,2021-11-22T11:00:00-00:00,2021-11-22,3,0,SLAP_PGSF-APND,SLAP_PGSF-APND,SLAP_PGSF-APND,DAM,MGHG,LMP_GHG_PRC,SLAP_PGSF-APND,ALL_APNODES,0,0,110
2021-11-22T13:00:00-00:00,2021-11-22T14:00:00-00:00,2021-11-22,6,0,SLAP_PGSF-APND,SLAP_PGSF-APND,SLAP_PGSF-APND,DAM,MGHG,LMP_GHG_PRC,SLAP_PGSF-APND,ALL_APNODES,0,0,110
2021-11-23T00:00:00-00:00,2021-11-23T01:00:00-00:00,2021-11-22,17,0,SLAP_PGSF-APND,SLAP_PGSF-APND,SLAP_PGSF-APND,DAM,MGHG,LMP_GHG_PRC,SLAP_PGSF-APND,ALL_APNODES,0,0,110
2021-11-22T11:00:00-00:00,2021-11-22T12:00:00-00:00,2021-11-22,4,0,SLAP_PGSF-APND,SLAP_PGSF-APND,SLAP_PGSF-APND,DAM,MGHG,LMP_GHG_PRC,SLAP_PGSF-APND,ALL_APNODES,0,0,110
2021-11-22T16:00:00-00:00,2021-11-22T17:00:00-00:00,2021-11-22,9,0,SLAP_PGSF-APND,SLAP_PGSF-APND,SLAP_PGSF-APND,DAM,MGHG,LMP_GHG_PRC,SLAP_PGSF-APND,ALL_APNODES,0,0,110
2021-11-23T05:00:00-00:00,2021-11-23T06:00:00-00:00,2021-11-22,22,0,SLAP_PGSF-APND,SLAP_PGSF-APND,SLAP_PGSF-APND,DAM,MGHG,LMP_GHG_PRC,SLAP_PGSF-APND,ALL_APNODES,0,0,110
2021-11-22T23:00:00-00:00,2021-11-23T00:00:00-00:00,2021-11-22,16,0,SLAP_PGSF-APND,SLAP_PGSF-APND,SLAP_PGSF-APND,DAM,MGHG,LMP_GHG_PRC,SLAP_PGSF-APND,ALL_APNODES,0,0,110
2021-11-22T15:00:00-00:00,2021-11-22T16:00:00-00:00,2021-11-22,8,0,SLAP_PGSF-APND,SLAP_PGSF-APND,SLAP_PGSF-APND,DAM,MGHG,LMP_GHG_PRC,SLAP_PGSF-APND,ALL_APNODES,0,0,110
2021-11-22T14:00:00-00:00,2021-11-22T15:00:00-00:00,2021-11-22,7,0,SLAP_PGSF-APND,SLAP_PGSF-APND,SLAP_PGSF-APND,DAM,MGHG,LMP_GHG_PRC,SLAP_PGSF-APND,ALL_APNODES,0,0,110
2021-11-22T12:00:00-00:00,2021-11-22T13:00:00-00:00,2021-11-22,5,0,SLAP_PGSF-APND,SLAP_PGSF-APND,SLAP_PGSF-APND,DAM,MGHG,LMP_GHG_PRC,SLAP_PGSF-APND,ALL_APNODES,0,0,110
2021-11-23T02:00:00-00:00,2021-11-23T03:00:00-00:00,2021-11-22,19,0,SLAP_PGSF-APND,SLAP_PGSF-APND,SLAP_PGSF-APND,DAM,MGHG,LMP_GHG_PRC,SLAP_PGSF-APND,ALL_APNODES,0,0,110
2021-11-22T09:00:00-00:00,2021-11-22T10:00:00-00:00,2021-11-22,2,0,SLAP_PGSF-APND,SLAP_PGSF-APND,SLAP_PGSF-APND,DAM,MGHG,LMP_GHG_PRC,SLAP_PGSF-APND,ALL_APNODES,0,0,110
2021-11-23T07:00:00-00:00,2021-11-23T08:00:00-00:00,2021-11-22,24,0,SLAP_PGSF-APND,SLAP_PGSF-APND,SLAP_PGSF-APND,DAM,MGHG,LMP_GHG_PRC,SLAP_PGSF-APND,ALL_APNODES,0,0,110
2021-11-23T21:00:00-00:00,2021-11-23T22:00:00-00:00,2021-11-23,14,0,SLAP_PGSF-APND,SLAP_PGSF-APND,SLAP_PGSF-APND,DAM,LMP,LMP_PRC,SLAP_PGSF-APND,ALL_APNODES,0,53.68103,111
2021-11-24T02:00:00-00:00,2021-11-24T03:00:00-00:00,2021-11-23,19,0,SLAP_PGSF-APND,SLAP_PGSF-APND,SLAP_PGSF-APND,DAM,LMP,LMP_PRC,SLAP_PGSF-APND,ALL_APNODES,0,68.59246,111
2021-11-23T11:00:00-00:00,2021-11-23T12:00:00-00:00,2021-11-23,4,0,SLAP_PGSF-APND,SLAP_PGSF-APND,SLAP_PGSF-APND,DAM,LMP,LMP_PRC,SLAP_PGSF-APND,ALL_APNODES,0,53.14244,111
2021-11-23T12:00:00-00:00,2021-11-23T13:00:00-00:00,2021-11-23,5,0,SLAP_PGSF-APND,SLAP_PGSF-APND,SLAP_PGSF-APND,DAM,LMP,LMP_PRC,SLAP_PGSF-APND,ALL_APNODES,0,54.01737,111
2021-11-24T00:00:00-00:00,2021-11-24T01:00:00-00:00,2021-11-23,17,0,SLAP_PGSF-APND,SLAP_PGSF-APND,SLAP_PGSF-APND,DAM,LMP,LMP_PRC,SLAP_PGSF-APND,ALL_APNODES,0,75.54203,111
2021-11-23T18:00:00-00:00,2021-11-23T19:00:00-00:00,2021-11-23,11,0,SLAP_PGSF-APND,SLAP_PGSF-APND,SLAP_PGSF-APND,DAM,LMP,LMP_PRC,SLAP_PGSF-APND,ALL_APNODES,0,53.70753,111
2021-11-23T19:00:00-00:00,2021-11-23T20:00:00-00:00,2021-11-23,12,0,SLAP_PGSF-APND,SLAP_PGSF-APND,SLAP_PGSF-APND,DAM,LMP,LMP_PRC,SLAP_PGSF-APND,ALL_APNODES,0,53.08356,111
2021-11-23T20:00:00-00:00,2021-11-23T21:00:00-00:00,2021-11-23,13,0,SLAP_PGSF-APND,SLAP_PGSF-APND,SLAP_PGSF-APND,DAM,LMP,LMP_PRC,SLAP_PGSF-APND,ALL_APNODES,0,58.84842,111
2021-11-23T13:00:00-00:00,2021-11-23T14:00:00-00:00,2021-11-23,6,0,SLAP_PGSF-APND,SLAP_PGSF-APND,SLAP_PGSF-APND,DAM,LMP,LMP_PRC,SLAP_PGSF-APND,ALL_APNODES,0,60.92368,111
2021-11-23T17:00:00-00:00,2021-11-23T18:00:00-00:00,2021-11-23,10,0,SLAP_PGSF-APND,SLAP_PGSF-APND,SLAP_PGSF-APND,DAM,LMP,LMP_PRC,SLAP_PGSF-APND,ALL_APNODES,0,54.75172,111
2021-11-23T09:00:00-00:00,2021-11-23T10:00:00-00:00,2021-11-23,2,0,SLAP_PGSF-APND,SLAP_PGSF-APND,SLAP_PGSF-APND,DAM,LMP,LMP_PRC,SLAP_PGSF-APND,ALL_APNODES,0,53.69616,111
2021-11-24T03:00:00-00:00,2021-11-24T04:00:00-00:00,2021-11-23,20,0,SLAP_PGSF-APND,SLAP_PGSF-APND,SLAP_PGSF-APND,DAM,LMP,LMP_PRC,SLAP_PGSF-APND,ALL_APNODES,0,64.99,111
2021-11-23T22:00:00-00:00,2021-11-23T23:00:00-00:00,2021-11-23,15,0,SLAP_PGSF-APND,SLAP_PGSF-APND,SLAP_PGSF-APND,DAM,LMP,LMP_PRC,SLAP_PGSF-APND,ALL_APNODES,0,53.28963,111
2021-11-24T04:00:00-00:00,2021-11-24T05:00:00-00:00,2021-11-23,21,0,SLAP_PGSF-APND,SLAP_PGSF-APND,SLAP_PGSF-APND,DAM,LMP,LMP_PRC,SLAP_PGSF-APND,ALL_APNODES,0,60,111
2021-11-24T05:00:00-00:00,2021-11-24T06:00:00-00:00,2021-11-23,22,0,SLAP_PGSF-APND,SLAP_PGSF-APND,SLAP_PGSF-APND,DAM,LMP,LMP_PRC,SLAP_PGSF-APND,ALL_APNODES,0,63.10642,111
2021-11-24T06:00:00-00:00,2021-11-24T07:00:00-00:00,2021-11-23,23,0,SLAP_PGSF-APND,SLAP_PGSF-APND,SLAP_PGSF-APND,DAM,LMP,LMP_PRC,SLAP_PGSF-APND,ALL_APNODES,0,59.14676,111
2021-11-23T14:00:00-00:00,2021-11-23T15:00:00-00:00,2021-11-23,7,0,SLAP_PGSF-APND,SLAP_PGSF-APND,SLAP_PGSF-APND,DAM,LMP,LMP_PRC,SLAP_PGSF-APND,ALL_APNODES,0,66.10091,111
2021-11-23T23:00:00-00:00,2021-11-24T00:00:00-00:00,2021-11-23,16,0,SLAP_PGSF-APND,SLAP_PGSF-APND,SLAP_PGSF-APND,DAM,LMP,LMP_PRC,SLAP_PGSF-APND,ALL_APNODES,0,59.68013,111
2021-11-23T08:00:00-00:00,2021-11-23T09:00:00-00:00,2021-11-23,1,0,SLAP_PGSF-APND,SLAP_PGSF-APND,SLAP_PGSF-APND,DAM,LMP,LMP_PRC,SLAP_PGSF-APND,ALL_APNODES,0,57.79011,111
2021-11-24T07:00:00-00:00,2021-11-24T08:00:00-00:00,2021-11-23,24,0,SLAP_PGSF-APND,SLAP_PGSF-APND,SLAP_PGSF-APND,DAM,LMP,LMP_PRC,SLAP_PGSF-APND,ALL_APNODES,0,57.2875,111
2021-11-23T15:00:00-00:00,2021-11-23T16:00:00-00:00,2021-11-23,8,0,SLAP_PGSF-APND,SLAP_PGSF-APND,SLAP_PGSF-APND,DAM,LMP,LMP_PRC,SLAP_PGSF-APND,ALL_APNODES,0,62.0542,111
2021-11-23T16:00:00-00:00,2021-11-23T17:00:00-00:00,2021-11-23,9,0,SLAP_PGSF-APND,SLAP_PGSF-APND,SLAP_PGSF-APND,DAM,LMP,LMP_PRC,SLAP_PGSF-APND,ALL_APNODES,0,56.04561,111
2021-11-24T01:00:00-00:00,2021-11-24T02:00:00-00:00,2021-11-23,18,0,SLAP_PGSF-APND,SLAP_PGSF-APND,SLAP_PGSF-APND,DAM,LMP,LMP_PRC,SLAP_PGSF-APND,ALL_APNODES,0,103.73036,111
2021-11-23T10:00:00-00:00,2021-11-23T11:00:00-00:00,2021-11-23,3,0,SLAP_PGSF-APND,SLAP_PGSF-APND,SLAP_PGSF-APND,DAM,LMP,LMP_PRC,SLAP_PGSF-APND,ALL_APNODES,0,52.65598,111
2021-11-23T13:00:00-00:00,2021-11-23T14:00:00-00:00,2021-11-23,6,0,SLAP_PGSF-APND,SLAP_PGSF-APND,SLAP_PGSF-APND,DAM,MCC,LMP_CONG_PRC,SLAP_PGSF-APND,ALL_APNODES,0,0,112
2021-11-23T14:00:00-00:00,2021-11-23T15:00:00-00:00,2021-11-23,7,0,SLAP_PGSF-APND,SLAP_PGSF-APND,SLAP_PGSF-APND,DAM,MCC,LMP_CONG_PRC,SLAP_PGSF-APND,ALL_APNODES,0,0,112
2021-11-23T23:00:00-00:00,2021-11-24T00:00:00-00:00,2021-11-23,16,0,SLAP_PGSF-APND,SLAP_PGSF-APND,SLAP_PGSF-APND,DAM,MCC,LMP_CONG_PRC,SLAP_PGSF-APND,ALL_APNODES,0,0.55768,112
2021-11-23T11:00:00-00:00,2021-11-23T12:00:00-00:00,2021-11-23,4,0,SLAP_PGSF-APND,SLAP_PGSF-APND,SLAP_PGSF-APND,DAM,MCC,LMP_CONG_PRC,SLAP_PGSF-APND,ALL_APNODES,0,0,112
2021-11-23T15:00:00-00:00,2021-11-23T16:00:00-00:00,2021-11-23,8,0,SLAP_PGSF-APND,SLAP_PGSF-APND,SLAP_PGSF-APND,DAM,MCC,LMP_CONG_PRC,SLAP_PGSF-APND,ALL_APNODES,0,0.23249,112
2021-11-23T18:00:00-00:00,2021-11-23T19:00:00-00:00,2021-11-23,11,0,SLAP_PGSF-APND,SLAP_PGSF-APND,SLAP_PGSF-APND,DAM,MCC,LMP_CONG_PRC,SLAP_PGSF-APND,ALL_APNODES,0,7.50285,112
2021-11-23T21:00:00-00:00,2021-11-23T22:00:00-00:00,2021-11-23,14,0,SLAP_PGSF-APND,SLAP_PGSF-APND,SLAP_PGSF-APND,DAM,MCC,LMP_CONG_PRC,SLAP_PGSF-APND,ALL_APNODES,0,9.57053,112
2021-11-24T05:00:00-00:00,2021-11-24T06:00:00-00:00,2021-11-23,22,0,SLAP_PGSF-APND,SLAP_PGSF-APND,SLAP_PGSF-APND,DAM,MCC,LMP_CONG_PRC,SLAP_PGSF-APND,ALL_APNODES,0,0,112
2021-11-24T00:00:00-00:00,2021-11-24T01:00:00-00:00,2021-11-23,17,0,SLAP_PGSF-APND,SLAP_PGSF-APND,SLAP_PGSF-APND,DAM,MCC,LMP_CONG_PRC,SLAP_PGSF-APND,ALL_APNODES,0,0.69157,112
2021-11-23T20:00:00-00:00,2021-11-23T21:00:00-00:00,2021-11-23,13,0,SLAP_PGSF-APND,SLAP_PGSF-APND,SLAP_PGSF-APND,DAM,MCC,LMP_CONG_PRC,SLAP_PGSF-APND,ALL_APNODES,0,15.34642,112
2021-11-23T22:00:00-00:00,2021-11-23T23:00:00-00:00,2021-11-23,15,0,SLAP_PGSF-APND,SLAP_PGSF-APND,SLAP_PGSF-APND,DAM,MCC,LMP_CONG_PRC,SLAP_PGSF-APND,ALL_APNODES,0,6.21842,112
2021-11-23T10:00:00-00:00,2021-11-23T11:00:00-00:00,2021-11-23,3,0,SLAP_PGSF-APND,SLAP_PGSF-APND,SLAP_PGSF-APND,DAM,MCC,LMP_CONG_PRC,SLAP_PGSF-APND,ALL_APNODES,0,0,112
2021-11-23T12:00:00-00:00,2021-11-23T13:00:00-00:00,2021-11-23,5,0,SLAP_PGSF-APND,SLAP_PGSF-APND,SLAP_PGSF-APND,DAM,MCC,LMP_CONG_PRC,SLAP_PGSF-APND,ALL_APNODES,0,0,112
2021-11-24T04:00:00-00:00,2021-11-24T05:00:00-00:00,2021-11-23,21,0,SLAP_PGSF-APND,SLAP_PGSF-APND,SLAP_PGSF-APND,DAM,MCC,LMP_CONG_PRC,SLAP_PGSF-APND,ALL_APNODES,0,0,112
2021-11-24T07:00:00-00:00,2021-11-24T08:00:00-00:00,2021-11-23,24,0,SLAP_PGSF-APND,SLAP_PGSF-APND,SLAP_PGSF-APND,DAM,MCC,LMP_CONG_PRC,SLAP_PGSF-APND,ALL_APNODES,0,0,112
2021-11-23T08:00:00-00:00,2021-11-23T09:00:00-00:00,2021-11-23,1,0,SLAP_PGSF-APND,SLAP_PGSF-APND,SLAP_PGSF-APND,DAM,MCC,LMP_CONG_PRC,SLAP_PGSF-APND,ALL_APNODES,0,0,112
2021-11-23T09:00:00-00:00,2021-11-23T10:00:00-00:00,2021-11-23,2,0,SLAP_PGSF-APND,SLAP_PGSF-APND,SLAP_PGSF-APND,DAM,MCC,LMP_CONG_PRC,SLAP_PGSF-APND,ALL_APNODES,0,0,112
2021-11-24T06:00:00-00:00,2021-11-24T07:00:00-00:00,2021-11-23,23,0,SLAP_PGSF-APND,SLAP_PGSF-APND,SLAP_PGSF-APND,DAM,MCC,LMP_CONG_PRC,SLAP_PGSF-APND,ALL_APNODES,0,0,112
2021-11-23T17:00:00-00:00,2021-11-23T18:00:00-00:00,2021-11-23,10,0,SLAP_PGSF-APND,SLAP_PGSF-APND,SLAP_PGSF-APND,DAM,MCC,LMP_CONG_PRC,SLAP_PGSF-APND,ALL_APNODES,0,4.52664,112
2021-11-24T01:00:00-00:00,2021-11-24T02:00:00-00:00,2021-11-23,18,0,SLAP_PGSF-APND,SLAP_PGSF-APND,SLAP_PGSF-APND,DAM,MCC,LMP_CONG_PRC,SLAP_PGSF-APND,ALL_APNODES,0,10.25868,112
2021-11-23T16:00:00-00:00,2021-11-23T17:00:00-00:00,2021-11-23,9,0,SLAP_PGSF-APND,SLAP_PGSF-APND,SLAP_PGSF-APND,DAM,MCC,LMP_CONG_PRC,SLAP_PGSF-APND,ALL_APNODES,0,0.43294,112
2021-11-23T19:00:00-00:00,2021-11-23T20:00:00-00:00,2021-11-23,12,0,SLAP_PGSF-APND,SLAP_PGSF-APND,SLAP_PGSF-APND,DAM,MCC,LMP_CONG_PRC,SLAP_PGSF-APND,ALL_APNODES,0,9.59079,112
2021-11-24T03:00:00-00:00,2021-11-24T04:00:00-00:00,2021-11-23,20,0,SLAP_PGSF-APND,SLAP_PGSF-APND,SLAP_PGSF-APND,DAM,MCC,LMP_CONG_PRC,SLAP_PGSF-APND,ALL_APNODES,0,0,112
2021-11-24T02:00:00-00:00,2021-11-24T03:00:00-00:00,2021-11-23,19,0,SLAP_PGSF-APND,SLAP_PGSF-APND,SLAP_PGSF-APND,DAM,MCC,LMP_CONG_PRC,SLAP_PGSF-APND,ALL_APNODES,0,0.13965,112
2021-11-23T13:00:00-00:00,2021-11-23T14:00:00-00:00,2021-11-23,6,0,SLAP_PGSF-APND,SLAP_PGSF-APND,SLAP_PGSF-APND,DAM,MCE,LMP_ENE_PRC,SLAP_PGSF-APND,ALL_APNODES,0,59.5423,113
2021-11-24T03:00:00-00:00,2021-11-24T04:00:00-00:00,2021-11-23,20,0,SLAP_PGSF-APND,SLAP_PGSF-APND,SLAP_PGSF-APND,DAM,MCE,LMP_ENE_PRC,SLAP_PGSF-APND,ALL_APNODES,0,64.99,113
2021-11-23T16:00:00-00:00,2021-11-23T17:00:00-00:00,2021-11-23,9,0,SLAP_PGSF-APND,SLAP_PGSF-APND,SLAP_PGSF-APND,DAM,MCE,LMP_ENE_PRC,SLAP_PGSF-APND,ALL_APNODES,0,51.65584,113
2021-11-23T23:00:00-00:00,2021-11-24T00:00:00-00:00,2021-11-23,16,0,SLAP_PGSF-APND,SLAP_PGSF-APND,SLAP_PGSF-APND,DAM,MCE,LMP_ENE_PRC,SLAP_PGSF-APND,ALL_APNODES,0,54.97717,113
2021-11-23T14:00:00-00:00,2021-11-23T15:00:00-00:00,2021-11-23,7,0,SLAP_PGSF-APND,SLAP_PGSF-APND,SLAP_PGSF-APND,DAM,MCE,LMP_ENE_PRC,SLAP_PGSF-APND,ALL_APNODES,0,63.71786,113
2021-11-24T07:00:00-00:00,2021-11-24T08:00:00-00:00,2021-11-23,24,0,SLAP_PGSF-APND,SLAP_PGSF-APND,SLAP_PGSF-APND,DAM,MCE,LMP_ENE_PRC,SLAP_PGSF-APND,ALL_APNODES,0,55.54344,113
2021-11-24T02:00:00-00:00,2021-11-24T03:00:00-00:00,2021-11-23,19,0,SLAP_PGSF-APND,SLAP_PGSF-APND,SLAP_PGSF-APND,DAM,MCE,LMP_ENE_PRC,SLAP_PGSF-APND,ALL_APNODES,0,68.45281,113
2021-11-23T12:00:00-00:00,2021-11-23T13:00:00-00:00,2021-11-23,5,0,SLAP_PGSF-APND,SLAP_PGSF-APND,SLAP_PGSF-APND,DAM,MCE,LMP_ENE_PRC,SLAP_PGSF-APND,ALL_APNODES,0,52.78742,113
2021-11-24T05:00:00-00:00,2021-11-24T06:00:00-00:00,2021-11-23,22,0,SLAP_PGSF-APND,SLAP_PGSF-APND,SLAP_PGSF-APND,DAM,MCE,LMP_ENE_PRC,SLAP_PGSF-APND,ALL_APNODES,0,60.57441,113
2021-11-23T15:00:00-00:00,2021-11-23T16:00:00-00:00,2021-11-23,8,0,SLAP_PGSF-APND,SLAP_PGSF-APND,SLAP_PGSF-APND,DAM,MCE,LMP_ENE_PRC,SLAP_PGSF-APND,ALL_APNODES,0,58.74354,113
2021-11-23T08:00:00-00:00,2021-11-23T09:00:00-00:00,2021-11-23,1,0,SLAP_PGSF-APND,SLAP_PGSF-APND,SLAP_PGSF-APND,DAM,MCE,LMP_ENE_PRC,SLAP_PGSF-APND,ALL_APNODES,0,56.01988,113
2021-11-24T04:00:00-00:00,2021-11-24T05:00:00-00:00,2021-11-23,21,0,SLAP_PGSF-APND,SLAP_PGSF-APND,SLAP_PGSF-APND,DAM,MCE,LMP_ENE_PRC,SLAP_PGSF-APND,ALL_APNODES,0,60,113
2021-11-23T17:00:00-00:00,2021-11-23T18:00:00-00:00,2021-11-23,10,0,SLAP_PGSF-APND,SLAP_PGSF-APND,SLAP_PGSF-APND,DAM,MCE,LMP_ENE_PRC,SLAP_PGSF-APND,ALL_APNODES,0,46.2776,113
2021-11-24T01:00:00-00:00,2021-11-24T02:00:00-00:00,2021-11-23,18,0,SLAP_PGSF-APND,SLAP_PGSF-APND,SLAP_PGSF-APND,DAM,MCE,LMP_ENE_PRC,SLAP_PGSF-APND,ALL_APNODES,0,87.42207,113
2021-11-24T00:00:00-00:00,2021-11-24T01:00:00-00:00,2021-11-23,17,0,SLAP_PGSF-APND,SLAP_PGSF-APND,SLAP_PGSF-APND,DAM,MCE,LMP_ENE_PRC,SLAP_PGSF-APND,ALL_APNODES,0,71.16416,113
2021-11-23T11:00:00-00:00,2021-11-23T12:00:00-00:00,2021-11-23,4,0,SLAP_PGSF-APND,SLAP_PGSF-APND,SLAP_PGSF-APND,DAM,MCE,LMP_ENE_PRC,SLAP_PGSF-APND,ALL_APNODES,0,52.0545,113
2021-11-23T10:00:00-00:00,2021-11-23T11:00:00-00:00,2021-11-23,3,0,SLAP_PGSF-APND,SLAP_PGSF-APND,SLAP_PGSF-APND,DAM,MCE,LMP_ENE_PRC,SLAP_PGSF-APND,ALL_APNODES,0,51.5881,113
2021-11-23T09:00:00-00:00,2021-11-23T10:00:00-00:00,2021-11-23,2,0,SLAP_PGSF-APND,SLAP_PGSF-APND,SLAP_PGSF-APND,DAM,MCE,LMP_ENE_PRC,SLAP_PGSF-APND,ALL_APNODES,0,52.48892,113
2021-11-23T22:00:00-00:00,2021-11-23T23:00:00-00:00,2021-11-23,15,0,SLAP_PGSF-APND,SLAP_PGSF-APND,SLAP_PGSF-APND,DAM,MCE,LMP_ENE_PRC,SLAP_PGSF-APND,ALL_APNODES,0,43.524,113
2021-11-23T20:00:00-00:00,2021-11-23T21:00:00-00:00,2021-11-23,13,0,SLAP_PGSF-APND,SLAP_PGSF-APND,SLAP_PGSF-APND,DAM,MCE,LMP_ENE_PRC,SLAP_PGSF-APND,ALL_APNODES,0,39.98346,113
2021-11-23T19:00:00-00:00,2021-11-23T20:00:00-00:00,2021-11-23,12,0,SLAP_PGSF-APND,SLAP_PGSF-APND,SLAP_PGSF-APND,DAM,MCE,LMP_ENE_PRC,SLAP_PGSF-APND,ALL_APNODES,0,39.99704,113
2021-11-23T18:00:00-00:00,2021-11-23T19:00:00-00:00,2021-11-23,11,0,SLAP_PGSF-APND,SLAP_PGSF-APND,SLAP_PGSF-APND,DAM,MCE,LMP_ENE_PRC,SLAP_PGSF-APND,ALL_APNODES,0,42.45973,113
2021-11-24T06:00:00-00:00,2021-11-24T07:00:00-00:00,2021-11-23,23,0,SLAP_PGSF-APND,SLAP_PGSF-APND,SLAP_PGSF-APND,DAM,MCE,LMP_ENE_PRC,SLAP_PGSF-APND,ALL_APNODES,0,56.88282,113
2021-11-23T21:00:00-00:00,2021-11-23T22:00:00-00:00,2021-11-23,14,0,SLAP_PGSF-APND,SLAP_PGSF-APND,SLAP_PGSF-APND,DAM,MCE,LMP_ENE_PRC,SLAP_PGSF-APND,ALL_APNODES,0,40.79395,113
2021-11-23T22:00:00-00:00,2021-11-23T23:00:00-00:00,2021-11-23,15,0,SLAP_PGSF-APND,SLAP_PGSF-APND,SLAP_PGSF-APND,DAM,MCL,LMP_LOSS_PRC,SLAP_PGSF-APND,ALL_APNODES,0,3.54721,114
2021-11-23T19:00:00-00:00,2021-11-23T20:00:00-00:00,2021-11-23,12,0,SLAP_PGSF-APND,SLAP_PGSF-APND,SLAP_PGSF-APND,DAM,MCL,LMP_LOSS_PRC,SLAP_PGSF-APND,ALL_APNODES,0,3.49574,114
2021-11-23T15:00:00-00:00,2021-11-23T16:00:00-00:00,2021-11-23,8,0,SLAP_PGSF-APND,SLAP_PGSF-APND,SLAP_PGSF-APND,DAM,MCL,LMP_LOSS_PRC,SLAP_PGSF-APND,ALL_APNODES,0,3.07816,114
2021-11-23T23:00:00-00:00,2021-11-24T00:00:00-00:00,2021-11-23,16,0,SLAP_PGSF-APND,SLAP_PGSF-APND,SLAP_PGSF-APND,DAM,MCL,LMP_LOSS_PRC,SLAP_PGSF-APND,ALL_APNODES,0,4.14528,114
2021-11-24T07:00:00-00:00,2021-11-24T08:00:00-00:00,2021-11-23,24,0,SLAP_PGSF-APND,SLAP_PGSF-APND,SLAP_PGSF-APND,DAM,MCL,LMP_LOSS_PRC,SLAP_PGSF-APND,ALL_APNODES,0,1.74406,114
2021-11-23T11:00:00-00:00,2021-11-23T12:00:00-00:00,2021-11-23,4,0,SLAP_PGSF-APND,SLAP_PGSF-APND,SLAP_PGSF-APND,DAM,MCL,LMP_LOSS_PRC,SLAP_PGSF-APND,ALL_APNODES,0,1.08794,114
2021-11-23T10:00:00-00:00,2021-11-23T11:00:00-00:00,2021-11-23,3,0,SLAP_PGSF-APND,SLAP_PGSF-APND,SLAP_PGSF-APND,DAM,MCL,LMP_LOSS_PRC,SLAP_PGSF-APND,ALL_APNODES,0,1.06787,114
2021-11-23T18:00:00-00:00,2021-11-23T19:00:00-00:00,2021-11-23,11,0,SLAP_PGSF-APND,SLAP_PGSF-APND,SLAP_PGSF-APND,DAM,MCL,LMP_LOSS_PRC,SLAP_PGSF-APND,ALL_APNODES,0,3.74495,114
2021-11-24T05:00:00-00:00,2021-11-24T06:00:00-00:00,2021-11-23,22,0,SLAP_PGSF-APND,SLAP_PGSF-APND,SLAP_PGSF-APND,DAM,MCL,LMP_LOSS_PRC,SLAP_PGSF-APND,ALL_APNODES,0,2.53201,114
2021-11-23T08:00:00-00:00,2021-11-23T09:00:00-00:00,2021-11-23,1,0,SLAP_PGSF-APND,SLAP_PGSF-APND,SLAP_PGSF-APND,DAM,MCL,LMP_LOSS_PRC,SLAP_PGSF-APND,ALL_APNODES,0,1.77023,114
2021-11-23T21:00:00-00:00,2021-11-23T22:00:00-00:00,2021-11-23,14,0,SLAP_PGSF-APND,SLAP_PGSF-APND,SLAP_PGSF-APND,DAM,MCL,LMP_LOSS_PRC,SLAP_PGSF-APND,ALL_APNODES,0,3.31655,114
2021-11-23T13:00:00-00:00,2021-11-23T14:00:00-00:00,2021-11-23,6,0,SLAP_PGSF-APND,SLAP_PGSF-APND,SLAP_PGSF-APND,DAM,MCL,LMP_LOSS_PRC,SLAP_PGSF-APND,ALL_APNODES,0,1.38138,114
2021-11-24T00:00:00-00:00,2021-11-24T01:00:00-00:00,2021-11-23,17,0,SLAP_PGSF-APND,SLAP_PGSF-APND,SLAP_PGSF-APND,DAM,MCL,LMP_LOSS_PRC,SLAP_PGSF-APND,ALL_APNODES,0,3.6863,114
2021-11-23T20:00:00-00:00,2021-11-23T21:00:00-00:00,2021-11-23,13,0,SLAP_PGSF-APND,SLAP_PGSF-APND,SLAP_PGSF-APND,DAM,MCL,LMP_LOSS_PRC,SLAP_PGSF-APND,ALL_APNODES,0,3.51854,114
2021-11-23T17:00:00-00:00,2021-11-23T18:00:00-00:00,2021-11-23,10,0,SLAP_PGSF-APND,SLAP_PGSF-APND,SLAP_PGSF-APND,DAM,MCL,LMP_LOSS_PRC,SLAP_PGSF-APND,ALL_APNODES,0,3.94748,114
2021-11-24T04:00:00-00:00,2021-11-24T05:00:00-00:00,2021-11-23,21,0,SLAP_PGSF-APND,SLAP_PGSF-APND,SLAP_PGSF-APND,DAM,MCL,LMP_LOSS_PRC,SLAP_PGSF-APND,ALL_APNODES,0,0,114
2021-11-23T12:00:00-00:00,2021-11-23T13:00:00-00:00,2021-11-23,5,0,SLAP_PGSF-APND,SLAP_PGSF-APND,SLAP_PGSF-APND,DAM,MCL,LMP_LOSS_PRC,SLAP_PGSF-APND,ALL_APNODES,0,1.22995,114
2021-11-23T09:00:00-00:00,2021-11-23T10:00:00-00:00,2021-11-23,2,0,SLAP_PGSF-APND,SLAP_PGSF-APND,SLAP_PGSF-APND,DAM,MCL,LMP_LOSS_PRC,SLAP_PGSF-APND,ALL_APNODES,0,1.20725,114
2021-11-23T16:00:00-00:00,2021-11-23T17:00:00-00:00,2021-11-23,9,0,SLAP_PGSF-APND,SLAP_PGSF-APND,SLAP_PGSF-APND,DAM,MCL,LMP_LOSS_PRC,SLAP_PGSF-APND,ALL_APNODES,0,3.95684,114
2021-11-24T02:00:00-00:00,2021-11-24T03:00:00-00:00,2021-11-23,19,0,SLAP_PGSF-APND,SLAP_PGSF-APND,SLAP_PGSF-APND,DAM,MCL,LMP_LOSS_PRC,SLAP_PGSF-APND,ALL_APNODES,0,0,114
2021-11-24T03:00:00-00:00,2021-11-24T04:00:00-00:00,2021-11-23,20,0,SLAP_PGSF-APND,SLAP_PGSF-APND,SLAP_PGSF-APND,DAM,MCL,LMP_LOSS_PRC,SLAP_PGSF-APND,ALL_APNODES,0,0,114
2021-11-23T14:00:00-00:00,2021-11-23T15:00:00-00:00,2021-11-23,7,0,SLAP_PGSF-APND,SLAP_PGSF-APND,SLAP_PGSF-APND,DAM,MCL,LMP_LOSS_PRC,SLAP_PGSF-APND,ALL_APNODES,0,2.38305,114
2021-11-24T06:00:00-00:00,2021-11-24T07:00:00-00:00,2021-11-23,23,0,SLAP_PGSF-APND,SLAP_PGSF-APND,SLAP_PGSF-APND,DAM,MCL,LMP_LOSS_PRC,SLAP_PGSF-APND,ALL_APNODES,0,2.26394,114
2021-11-24T01:00:00-00:00,2021-11-24T02:00:00-00:00,2021-11-23,18,0,SLAP_PGSF-APND,SLAP_PGSF-APND,SLAP_PGSF-APND,DAM,MCL,LMP_LOSS_PRC,SLAP_PGSF-APND,ALL_APNODES,0,6.04961,114
2021-11-23T18:00:00-00:00,2021-11-23T19:00:00-00:00,2021-11-23,11,0,SLAP_PGSF-APND,SLAP_PGSF-APND,SLAP_PGSF-APND,DAM,MGHG,LMP_GHG_PRC,SLAP_PGSF-APND,ALL_APNODES,0,0,115
2021-11-23T08:00:00-00:00,2021-11-23T09:00:00-00:00,2021-11-23,1,0,SLAP_PGSF-APND,SLAP_PGSF-APND,SLAP_PGSF-APND,DAM,MGHG,LMP_GHG_PRC,SLAP_PGSF-APND,ALL_APNODES,0,0,115
2021-11-23T09:00:00-00:00,2021-11-23T10:00:00-00:00,2021-11-23,2,0,SLAP_PGSF-APND,SLAP_PGSF-APND,SLAP_PGSF-APND,DAM,MGHG,LMP_GHG_PRC,SLAP_PGSF-APND,ALL_APNODES,0,0,115
2021-11-24T01:00:00-00:00,2021-11-24T02:00:00-00:00,2021-11-23,18,0,SLAP_PGSF-APND,SLAP_PGSF-APND,SLAP_PGSF-APND,DAM,MGHG,LMP_GHG_PRC,SLAP_PGSF-APND,ALL_APNODES,0,0,115
2021-11-24T02:00:00-00:00,2021-11-24T03:00:00-00:00,2021-11-23,19,0,SLAP_PGSF-APND,SLAP_PGSF-APND,SLAP_PGSF-APND,DAM,MGHG,LMP_GHG_PRC,SLAP_PGSF-APND,ALL_APNODES,0,0,115
2021-11-23T11:00:00-00:00,2021-11-23T12:00:00-00:00,2021-11-23,4,0,SLAP_PGSF-APND,SLAP_PGSF-APND,SLAP_PGSF-APND,DAM,MGHG,LMP_GHG_PRC,SLAP_PGSF-APND,ALL_APNODES,0,0,115
2021-11-24T06:00:00-00:00,2021-11-24T07:00:00-00:00,2021-11-23,23,0,SLAP_PGSF-APND,SLAP_PGSF-APND,SLAP_PGSF-APND,DAM,MGHG,LMP_GHG_PRC,SLAP_PGSF-APND,ALL_APNODES,0,0,115
2021-11-23T13:00:00-00:00,2021-11-23T14:00:00-00:00,2021-11-23,6,0,SLAP_PGSF-APND,SLAP_PGSF-APND,SLAP_PGSF-APND,DAM,MGHG,LMP_GHG_PRC,SLAP_PGSF-APND,ALL_APNODES,0,0,115
2021-11-23T20:00:00-00:00,2021-11-23T21:00:00-00:00,2021-11-23,13,0,SLAP_PGSF-APND,SLAP_PGSF-APND,SLAP_PGSF-APND,DAM,MGHG,LMP_GHG_PRC,SLAP_PGSF-APND,ALL_APNODES,0,0,115
2021-11-24T05:00:00-00:00,2021-11-24T06:00:00-00:00,2021-11-23,22,0,SLAP_PGSF-APND,SLAP_PGSF-APND,SLAP_PGSF-APND,DAM,MGHG,LMP_GHG_PRC,SLAP_PGSF-APND,ALL_APNODES,0,0,115
2021-11-24T07:00:00-00:00,2021-11-24T08:00:00-00:00,2021-11-23,24,0,SLAP_PGSF-APND,SLAP_PGSF-APND,SLAP_PGSF-APND,DAM,MGHG,LMP_GHG_PRC,SLAP_PGSF-APND,ALL_APNODES,0,0,115
2021-11-23T14:00:00-00:00,2021-11-23T15:00:00-00:00,2021-11-23,7,0,SLAP_PGSF-APND,SLAP_PGSF-APND,SLAP_PGSF-APND,DAM,MGHG,LMP_GHG_PRC,SLAP_PGSF-APND,ALL_APNODES,0,0,115
2021-11-23T15:00:00-00:00,2021-11-23T16:00:00-00:00,2021-11-23,8,0,SLAP_PGSF-APND,SLAP_PGSF-APND,SLAP_PGSF-APND,DAM,MGHG,LMP_GHG_PRC,SLAP_PGSF-APND,ALL_APNODES,0,0,115
2021-11-23T22:00:00-00:00,2021-11-23T23:00:00-00:00,2021-11-23,15,0,SLAP_PGSF-APND,SLAP_PGSF-APND,SLAP_PGSF-APND,DAM,MGHG,LMP_GHG_PRC,SLAP_PGSF-APND,ALL_APNODES,0,0,115
2021-11-23T17:00:00-00:00,2021-11-23T18:00:00-00:00,2021-11-23,10,0,SLAP_PGSF-APND,SLAP_PGSF-APND,SLAP_PGSF-APND,DAM,MGHG,LMP_GHG_PRC,SLAP_PGSF-APND,ALL_APNODES,0,0,115
2021-11-23T12:00:00-00:00,2021-11-23T13:00:00-00:00,2021-11-23,5,0,SLAP_PGSF-APND,SLAP_PGSF-APND,SLAP_PGSF-APND,DAM,MGHG,LMP_GHG_PRC,SLAP_PGSF-APND,ALL_APNODES,0,0,115
2021-11-24T03:00:00-00:00,2021-11-24T04:00:00-00:00,2021-11-23,20,0,SLAP_PGSF-APND,SLAP_PGSF-APND,SLAP_PGSF-APND,DAM,MGHG,LMP_GHG_PRC,SLAP_PGSF-APND,ALL_APNODES,0,0,115
2021-11-24T04:00:00-00:00,2021-11-24T05:00:00-00:00,2021-11-23,21,0,SLAP_PGSF-APND,SLAP_PGSF-APND,SLAP_PGSF-APND,DAM,MGHG,LMP_GHG_PRC,SLAP_PGSF-APND,ALL_APNODES,0,0,115
2021-11-23T16:00:00-00:00,2021-11-23T17:00:00-00:00,2021-11-23,9,0,SLAP_PGSF-APND,SLAP_PGSF-APND,SLAP_PGSF-APND,DAM,MGHG,LMP_GHG_PRC,SLAP_PGSF-APND,ALL_APNODES,0,0,115
2021-11-23T23:00:00-00:00,2021-11-24T00:00:00-00:00,2021-11-23,16,0,SLAP_PGSF-APND,SLAP_PGSF-APND,SLAP_PGSF-APND,DAM,MGHG,LMP_GHG_PRC,SLAP_PGSF-APND,ALL_APNODES,0,0,115
2021-11-23T10:00:00-00:00,2021-11-23T11:00:00-00:00,2021-11-23,3,0,SLAP_PGSF-APND,SLAP_PGSF-APND,SLAP_PGSF-APND,DAM,MGHG,LMP_GHG_PRC,SLAP_PGSF-APND,ALL_APNODES,0,0,115
2021-11-24T00:00:00-00:00,2021-11-24T01:00:00-00:00,2021-11-23,17,0,SLAP_PGSF-APND,SLAP_PGSF-APND,SLAP_PGSF-APND,DAM,MGHG,LMP_GHG_PRC,SLAP_PGSF-APND,ALL_APNODES,0,0,115
2021-11-23T19:00:00-00:00,2021-11-23T20:00:00-00:00,2021-11-23,12,0,SLAP_PGSF-APND,SLAP_PGSF-APND,SLAP_PGSF-APND,DAM,MGHG,LMP_GHG_PRC,SLAP_PGSF-APND,ALL_APNODES,0,0,115
2021-11-23T21:00:00-00:00,2021-11-23T22:00:00-00:00,2021-11-23,14,0,SLAP_PGSF-APND,SLAP_PGSF-APND,SLAP_PGSF-APND,DAM,MGHG,LMP_GHG_PRC,SLAP_PGSF-APND,ALL_APNODES,0,0,115
2021-11-24T10:00:00-00:00,2021-11-24T11:00:00-00:00,2021-11-24,3,0,SLAP_PGSF-APND,SLAP_PGSF-APND,SLAP_PGSF-APND,DAM,LMP,LMP_PRC,SLAP_PGSF-APND,ALL_APNODES,0,53.88856,116
2021-11-24T08:00:00-00:00,2021-11-24T09:00:00-00:00,2021-11-24,1,0,SLAP_PGSF-APND,SLAP_PGSF-APND,SLAP_PGSF-APND,DAM,LMP,LMP_PRC,SLAP_PGSF-APND,ALL_APNODES,0,55.35011,116
2021-11-24T14:00:00-00:00,2021-11-24T15:00:00-00:00,2021-11-24,7,0,SLAP_PGSF-APND,SLAP_PGSF-APND,SLAP_PGSF-APND,DAM,LMP,LMP_PRC,SLAP_PGSF-APND,ALL_APNODES,0,80.25316,116
2021-11-25T00:00:00-00:00,2021-11-25T01:00:00-00:00,2021-11-24,17,0,SLAP_PGSF-APND,SLAP_PGSF-APND,SLAP_PGSF-APND,DAM,LMP,LMP_PRC,SLAP_PGSF-APND,ALL_APNODES,0,78.98882,116
2021-11-25T05:00:00-00:00,2021-11-25T06:00:00-00:00,2021-11-24,22,0,SLAP_PGSF-APND,SLAP_PGSF-APND,SLAP_PGSF-APND,DAM,LMP,LMP_PRC,SLAP_PGSF-APND,ALL_APNODES,0,63.95687,116
2021-11-25T06:00:00-00:00,2021-11-25T07:00:00-00:00,2021-11-24,23,0,SLAP_PGSF-APND,SLAP_PGSF-APND,SLAP_PGSF-APND,DAM,LMP,LMP_PRC,SLAP_PGSF-APND,ALL_APNODES,0,60.45991,116
2021-11-24T16:00:00-00:00,2021-11-24T17:00:00-00:00,2021-11-24,9,0,SLAP_PGSF-APND,SLAP_PGSF-APND,SLAP_PGSF-APND,DAM,LMP,LMP_PRC,SLAP_PGSF-APND,ALL_APNODES,0,56.87697,116
2021-11-24T17:00:00-00:00,2021-11-24T18:00:00-00:00,2021-11-24,10,0,SLAP_PGSF-APND,SLAP_PGSF-APND,SLAP_PGSF-APND,DAM,LMP,LMP_PRC,SLAP_PGSF-APND,ALL_APNODES,0,57.85416,116
2021-11-24T19:00:00-00:00,2021-11-24T20:00:00-00:00,2021-11-24,12,0,SLAP_PGSF-APND,SLAP_PGSF-APND,SLAP_PGSF-APND,DAM,LMP,LMP_PRC,SLAP_PGSF-APND,ALL_APNODES,0,47.20631,116
2021-11-24T21:00:00-00:00,2021-11-24T22:00:00-00:00,2021-11-24,14,0,SLAP_PGSF-APND,SLAP_PGSF-APND,SLAP_PGSF-APND,DAM,LMP,LMP_PRC,SLAP_PGSF-APND,ALL_APNODES,0,43.30462,116
2021-11-24T23:00:00-00:00,2021-11-25T00:00:00-00:00,2021-11-24,16,0,SLAP_PGSF-APND,SLAP_PGSF-APND,SLAP_PGSF-APND,DAM,LMP,LMP_PRC,SLAP_PGSF-APND,ALL_APNODES,0,62.11488,116
2021-11-24T15:00:00-00:00,2021-11-24T16:00:00-00:00,2021-11-24,8,0,SLAP_PGSF-APND,SLAP_PGSF-APND,SLAP_PGSF-APND,DAM,LMP,LMP_PRC,SLAP_PGSF-APND,ALL_APNODES,0,64.20042,116
2021-11-24T18:00:00-00:00,2021-11-24T19:00:00-00:00,2021-11-24,11,0,SLAP_PGSF-APND,SLAP_PGSF-APND,SLAP_PGSF-APND,DAM,LMP,LMP_PRC,SLAP_PGSF-APND,ALL_APNODES,0,53.48791,116
2021-11-24T11:00:00-00:00,2021-11-24T12:00:00-00:00,2021-11-24,4,0,SLAP_PGSF-APND,SLAP_PGSF-APND,SLAP_PGSF-APND,DAM,LMP,LMP_PRC,SLAP_PGSF-APND,ALL_APNODES,0,54.49723,116
2021-11-24T20:00:00-00:00,2021-11-24T21:00:00-00:00,2021-11-24,13,0,SLAP_PGSF-APND,SLAP_PGSF-APND,SLAP_PGSF-APND,DAM,LMP,LMP_PRC,SLAP_PGSF-APND,ALL_APNODES,0,50.60753,116
2021-11-24T22:00:00-00:00,2021-11-24T23:00:00-00:00,2021-11-24,15,0,SLAP_PGSF-APND,SLAP_PGSF-APND,SLAP_PGSF-APND,DAM,LMP,LMP_PRC,SLAP_PGSF-APND,ALL_APNODES,0,55.28733,116
2021-11-24T09:00:00-00:00,2021-11-24T10:00:00-00:00,2021-11-24,2,0,SLAP_PGSF-APND,SLAP_PGSF-APND,SLAP_PGSF-APND,DAM,LMP,LMP_PRC,SLAP_PGSF-APND,ALL_APNODES,0,51.40426,116
2021-11-25T01:00:00-00:00,2021-11-25T02:00:00-00:00,2021-11-24,18,0,SLAP_PGSF-APND,SLAP_PGSF-APND,SLAP_PGSF-APND,DAM,LMP,LMP_PRC,SLAP_PGSF-APND,ALL_APNODES,0,102.21303,116
2021-11-24T12:00:00-00:00,2021-11-24T13:00:00-00:00,2021-11-24,5,0,SLAP_PGSF-APND,SLAP_PGSF-APND,SLAP_PGSF-APND,DAM,LMP,LMP_PRC,SLAP_PGSF-APND,ALL_APNODES,0,57.54106,116
2021-11-24T13:00:00-00:00,2021-11-24T14:00:00-00:00,2021-11-24,6,0,SLAP_PGSF-APND,SLAP_PGSF-APND,SLAP_PGSF-APND,DAM,LMP,LMP_PRC,SLAP_PGSF-APND,ALL_APNODES,0,63.59521,116
2021-11-25T03:00:00-00:00,2021-11-25T04:00:00-00:00,2021-11-24,20,0,SLAP_PGSF-APND,SLAP_PGSF-APND,SLAP_PGSF-APND,DAM,LMP,LMP_PRC,SLAP_PGSF-APND,ALL_APNODES,0,82.9952,116
2021-11-25T04:00:00-00:00,2021-11-25T05:00:00-00:00,2021-11-24,21,0,SLAP_PGSF-APND,SLAP_PGSF-APND,SLAP_PGSF-APND,DAM,LMP,LMP_PRC,SLAP_PGSF-APND,ALL_APNODES,0,69.58933,116
2021-11-25T07:00:00-00:00,2021-11-25T08:00:00-00:00,2021-11-24,24,0,SLAP_PGSF-APND,SLAP_PGSF-APND,SLAP_PGSF-APND,DAM,LMP,LMP_PRC,SLAP_PGSF-APND,ALL_APNODES,0,57.92482,116
2021-11-25T02:00:00-00:00,2021-11-25T03:00:00-00:00,2021-11-24,19,0,SLAP_PGSF-APND,SLAP_PGSF-APND,SLAP_PGSF-APND,DAM,LMP,LMP_PRC,SLAP_PGSF-APND,ALL_APNODES,0,87.3214,116
2021-11-24T22:00:00-00:00,2021-11-24T23:00:00-00:00,2021-11-24,15,0,SLAP_PGSF-APND,SLAP_PGSF-APND,SLAP_PGSF-APND,DAM,MCC,LMP_CONG_PRC,SLAP_PGSF-APND,ALL_APNODES,0,7.74595,117
2021-11-24T21:00:00-00:00,2021-11-24T22:00:00-00:00,2021-11-24,14,0,SLAP_PGSF-APND,SLAP_PGSF-APND,SLAP_PGSF-APND,DAM,MCC,LMP_CONG_PRC,SLAP_PGSF-APND,ALL_APNODES,0,5.23732,117
2021-11-25T03:00:00-00:00,2021-11-25T04:00:00-00:00,2021-11-24,20,0,SLAP_PGSF-APND,SLAP_PGSF-APND,SLAP_PGSF-APND,DAM,MCC,LMP_CONG_PRC,SLAP_PGSF-APND,ALL_APNODES,0,2.80513,117
2021-11-25T00:00:00-00:00,2021-11-25T01:00:00-00:00,2021-11-24,17,0,SLAP_PGSF-APND,SLAP_PGSF-APND,SLAP_PGSF-APND,DAM,MCC,LMP_CONG_PRC,SLAP_PGSF-APND,ALL_APNODES,0,1.23423,117
2021-11-24T23:00:00-00:00,2021-11-25T00:00:00-00:00,2021-11-24,16,0,SLAP_PGSF-APND,SLAP_PGSF-APND,SLAP_PGSF-APND,DAM,MCC,LMP_CONG_PRC,SLAP_PGSF-APND,ALL_APNODES,0,1.27401,117
2021-11-25T04:00:00-00:00,2021-11-25T05:00:00-00:00,2021-11-24,21,0,SLAP_PGSF-APND,SLAP_PGSF-APND,SLAP_PGSF-APND,DAM,MCC,LMP_CONG_PRC,SLAP_PGSF-APND,ALL_APNODES,0,0.63508,117
2021-11-24T20:00:00-00:00,2021-11-24T21:00:00-00:00,2021-11-24,13,0,SLAP_PGSF-APND,SLAP_PGSF-APND,SLAP_PGSF-APND,DAM,MCC,LMP_CONG_PRC,SLAP_PGSF-APND,ALL_APNODES,0,14.0915,117
2021-11-25T07:00:00-00:00,2021-11-25T08:00:00-00:00,2021-11-24,24,0,SLAP_PGSF-APND,SLAP_PGSF-APND,SLAP_PGSF-APND,DAM,MCC,LMP_CONG_PRC,SLAP_PGSF-APND,ALL_APNODES,0,0,117
2021-11-24T10:00:00-00:00,2021-11-24T11:00:00-00:00,2021-11-24,3,0,SLAP_PGSF-APND,SLAP_PGSF-APND,SLAP_PGSF-APND,DAM,MCC,LMP_CONG_PRC,SLAP_PGSF-APND,ALL_APNODES,0,0.46839,117
2021-11-24T16:00:00-00:00,2021-11-24T17:00:00-00:00,2021-11-24,9,0,SLAP_PGSF-APND,SLAP_PGSF-APND,SLAP_PGSF-APND,DAM,MCC,LMP_CONG_PRC,SLAP_PGSF-APND,ALL_APNODES,0,-0.22241,117
2021-11-24T15:00:00-00:00,2021-11-24T16:00:00-00:00,2021-11-24,8,0,SLAP_PGSF-APND,SLAP_PGSF-APND,SLAP_PGSF-APND,DAM,MCC,LMP_CONG_PRC,SLAP_PGSF-APND,ALL_APNODES,0,0,117
2021-11-24T12:00:00-00:00,2021-11-24T13:00:00-00:00,2021-11-24,5,0,SLAP_PGSF-APND,SLAP_PGSF-APND,SLAP_PGSF-APND,DAM,MCC,LMP_CONG_PRC,SLAP_PGSF-APND,ALL_APNODES,0,0.65942,117
2021-11-24T11:00:00-00:00,2021-11-24T12:00:00-00:00,2021-11-24,4,0,SLAP_PGSF-APND,SLAP_PGSF-APND,SLAP_PGSF-APND,DAM,MCC,LMP_CONG_PRC,SLAP_PGSF-APND,ALL_APNODES,0,0.60061,117
2021-11-25T06:00:00-00:00,2021-11-25T07:00:00-00:00,2021-11-24,23,0,SLAP_PGSF-APND,SLAP_PGSF-APND,SLAP_PGSF-APND,DAM,MCC,LMP_CONG_PRC,SLAP_PGSF-APND,ALL_APNODES,0,0,117
2021-11-24T19:00:00-00:00,2021-11-24T20:00:00-00:00,2021-11-24,12,0,SLAP_PGSF-APND,SLAP_PGSF-APND,SLAP_PGSF-APND,DAM,MCC,LMP_CONG_PRC,SLAP_PGSF-APND,ALL_APNODES,0,9.70183,117
2021-11-24T17:00:00-00:00,2021-11-24T18:00:00-00:00,2021-11-24,10,0,SLAP_PGSF-APND,SLAP_PGSF-APND,SLAP_PGSF-APND,DAM,MCC,LMP_CONG_PRC,SLAP_PGSF-APND,ALL_APNODES,0,9.05982,117
2021-11-24T14:00:00-00:00,2021-11-24T15:00:00-00:00,2021-11-24,7,0,SLAP_PGSF-APND,SLAP_PGSF-APND,SLAP_PGSF-APND,DAM,MCC,LMP_CONG_PRC,SLAP_PGSF-APND,ALL_APNODES,0,0,117
2021-11-24T13:00:00-00:00,2021-11-24T14:00:00-00:00,2021-11-24,6,0,SLAP_PGSF-APND,SLAP_PGSF-APND,SLAP_PGSF-APND,DAM,MCC,LMP_CONG_PRC,SLAP_PGSF-APND,ALL_APNODES,0,0.75462,117
2021-11-24T08:00:00-00:00,2021-11-24T09:00:00-00:00,2021-11-24,1,0,SLAP_PGSF-APND,SLAP_PGSF-APND,SLAP_PGSF-APND,DAM,MCC,LMP_CONG_PRC,SLAP_PGSF-APND,ALL_APNODES,0,0,117
2021-11-24T18:00:00-00:00,2021-11-24T19:00:00-00:00,2021-11-24,11,0,SLAP_PGSF-APND,SLAP_PGSF-APND,SLAP_PGSF-APND,DAM,MCC,LMP_CONG_PRC,SLAP_PGSF-APND,ALL_APNODES,0,10.8633,117
2021-11-25T05:00:00-00:00,2021-11-25T06:00:00-00:00,2021-11-24,22,0,SLAP_PGSF-APND,SLAP_PGSF-APND,SLAP_PGSF-APND,DAM,MCC,LMP_CONG_PRC,SLAP_PGSF-APND,ALL_APNODES,0,0.58687,117
2021-11-25T02:00:00-00:00,2021-11-25T03:00:00-00:00,2021-11-24,19,0,SLAP_PGSF-APND,SLAP_PGSF-APND,SLAP_PGSF-APND,DAM,MCC,LMP_CONG_PRC,SLAP_PGSF-APND,ALL_APNODES,0,3.01078,117
2021-11-25T01:00:00-00:00,2021-11-25T02:00:00-00:00,2021-11-24,18,0,SLAP_PGSF-APND,SLAP_PGSF-APND,SLAP_PGSF-APND,DAM,MCC,LMP_CONG_PRC,SLAP_PGSF-APND,ALL_APNODES,0,10.82124,117
2021-11-24T09:00:00-00:00,2021-11-24T10:00:00-00:00,2021-11-24,2,0,SLAP_PGSF-APND,SLAP_PGSF-APND,SLAP_PGSF-APND,DAM,MCC,LMP_CONG_PRC,SLAP_PGSF-APND,ALL_APNODES,0,0.57116,117
2021-11-24T09:00:00-00:00,2021-11-24T10:00:00-00:00,2021-11-24,2,0,SLAP_PGSF-APND,SLAP_PGSF-APND,SLAP_PGSF-APND,DAM,MCE,LMP_ENE_PRC,SLAP_PGSF-APND,ALL_APNODES,0,50.8331,118
2021-11-24T22:00:00-00:00,2021-11-24T23:00:00-00:00,2021-11-24,15,0,SLAP_PGSF-APND,SLAP_PGSF-APND,SLAP_PGSF-APND,DAM,MCE,LMP_ENE_PRC,SLAP_PGSF-APND,ALL_APNODES,0,43.66803,118
2021-11-24T15:00:00-00:00,2021-11-24T16:00:00-00:00,2021-11-24,8,0,SLAP_PGSF-APND,SLAP_PGSF-APND,SLAP_PGSF-APND,DAM,MCE,LMP_ENE_PRC,SLAP_PGSF-APND,ALL_APNODES,0,59.64918,118
2021-11-25T05:00:00-00:00,2021-11-25T06:00:00-00:00,2021-11-24,22,0,SLAP_PGSF-APND,SLAP_PGSF-APND,SLAP_PGSF-APND,DAM,MCE,LMP_ENE_PRC,SLAP_PGSF-APND,ALL_APNODES,0,63.37,118
2021-11-25T02:00:00-00:00,2021-11-25T03:00:00-00:00,2021-11-24,19,0,SLAP_PGSF-APND,SLAP_PGSF-APND,SLAP_PGSF-APND,DAM,MCE,LMP_ENE_PRC,SLAP_PGSF-APND,ALL_APNODES,0,78.40661,118
2021-11-24T16:00:00-00:00,2021-11-24T17:00:00-00:00,2021-11-24,9,0,SLAP_PGSF-APND,SLAP_PGSF-APND,SLAP_PGSF-APND,DAM,MCE,LMP_ENE_PRC,SLAP_PGSF-APND,ALL_APNODES,0,53.31906,118
2021-11-25T04:00:00-00:00,2021-11-25T05:00:00-00:00,2021-11-24,21,0,SLAP_PGSF-APND,SLAP_PGSF-APND,SLAP_PGSF-APND,DAM,MCE,LMP_ENE_PRC,SLAP_PGSF-APND,ALL_APNODES,0,68.95425,118
2021-11-25T01:00:00-00:00,2021-11-25T02:00:00-00:00,2021-11-24,18,0,SLAP_PGSF-APND,SLAP_PGSF-APND,SLAP_PGSF-APND,DAM,MCE,LMP_ENE_PRC,SLAP_PGSF-APND,ALL_APNODES,0,85.6049,118
2021-11-24T20:00:00-00:00,2021-11-24T21:00:00-00:00,2021-11-24,13,0,SLAP_PGSF-APND,SLAP_PGSF-APND,SLAP_PGSF-APND,DAM,MCE,LMP_ENE_PRC,SLAP_PGSF-APND,ALL_APNODES,0,33.42428,118
2021-11-24T11:00:00-00:00,2021-11-24T12:00:00-00:00,2021-11-24,4,0,SLAP_PGSF-APND,SLAP_PGSF-APND,SLAP_PGSF-APND,DAM,MCE,LMP_ENE_PRC,SLAP_PGSF-APND,ALL_APNODES,0,51.67461,118
2021-11-24T12:00:00-00:00,2021-11-24T13:00:00-00:00,2021-11-24,5,0,SLAP_PGSF-APND,SLAP_PGSF-APND,SLAP_PGSF-APND,DAM,MCE,LMP_ENE_PRC,SLAP_PGSF-APND,ALL_APNODES,0,54.59415,118
2021-11-25T06:00:00-00:00,2021-11-25T07:00:00-00:00,2021-11-24,23,0,SLAP_PGSF-APND,SLAP_PGSF-APND,SLAP_PGSF-APND,DAM,MCE,LMP_ENE_PRC,SLAP_PGSF-APND,ALL_APNODES,0,58.03408,118
2021-11-24T14:00:00-00:00,2021-11-24T15:00:00-00:00,2021-11-24,7,0,SLAP_PGSF-APND,SLAP_PGSF-APND,SLAP_PGSF-APND,DAM,MCE,LMP_ENE_PRC,SLAP_PGSF-APND,ALL_APNODES,0,76.8414,118
2021-11-25T00:00:00-00:00,2021-11-25T01:00:00-00:00,2021-11-24,17,0,SLAP_PGSF-APND,SLAP_PGSF-APND,SLAP_PGSF-APND,DAM,MCE,LMP_ENE_PRC,SLAP_PGSF-APND,ALL_APNODES,0,73.15325,118
2021-11-24T23:00:00-00:00,2021-11-25T00:00:00-00:00,2021-11-24,16,0,SLAP_PGSF-APND,SLAP_PGSF-APND,SLAP_PGSF-APND,DAM,MCE,LMP_ENE_PRC,SLAP_PGSF-APND,ALL_APNODES,0,56.40204,118
2021-11-24T18:00:00-00:00,2021-11-24T19:00:00-00:00,2021-11-24,11,0,SLAP_PGSF-APND,SLAP_PGSF-APND,SLAP_PGSF-APND,DAM,MCE,LMP_ENE_PRC,SLAP_PGSF-APND,ALL_APNODES,0,40.20052,118
2021-11-24T17:00:00-00:00,2021-11-24T18:00:00-00:00,2021-11-24,10,0,SLAP_PGSF-APND,SLAP_PGSF-APND,SLAP_PGSF-APND,DAM,MCE,LMP_ENE_PRC,SLAP_PGSF-APND,ALL_APNODES,0,45.50438,118
2021-11-24T13:00:00-00:00,2021-11-24T14:00:00-00:00,2021-11-24,6,0,SLAP_PGSF-APND,SLAP_PGSF-APND,SLAP_PGSF-APND,DAM,MCE,LMP_ENE_PRC,SLAP_PGSF-APND,ALL_APNODES,0,60.27875,118
2021-11-25T07:00:00-00:00,2021-11-25T08:00:00-00:00,2021-11-24,24,0,SLAP_PGSF-APND,SLAP_PGSF-APND,SLAP_PGSF-APND,DAM,MCE,LMP_ENE_PRC,SLAP_PGSF-APND,ALL_APNODES,0,55.96601,118
2021-11-25T03:00:00-00:00,2021-11-25T04:00:00-00:00,2021-11-24,20,0,SLAP_PGSF-APND,SLAP_PGSF-APND,SLAP_PGSF-APND,DAM,MCE,LMP_ENE_PRC,SLAP_PGSF-APND,ALL_APNODES,0,74.47072,118
2021-11-24T21:00:00-00:00,2021-11-24T22:00:00-00:00,2021-11-24,14,0,SLAP_PGSF-APND,SLAP_PGSF-APND,SLAP_PGSF-APND,DAM,MCE,LMP_ENE_PRC,SLAP_PGSF-APND,ALL_APNODES,0,35.53374,118
2021-11-24T10:00:00-00:00,2021-11-24T11:00:00-00:00,2021-11-24,3,0,SLAP_PGSF-APND,SLAP_PGSF-APND,SLAP_PGSF-APND,DAM,MCE,LMP_ENE_PRC,SLAP_PGSF-APND,ALL_APNODES,0,50.83278,118
2021-11-24T08:00:00-00:00,2021-11-24T09:00:00-00:00,2021-11-24,1,0,SLAP_PGSF-APND,SLAP_PGSF-APND,SLAP_PGSF-APND,DAM,MCE,LMP_ENE_PRC,SLAP_PGSF-APND,ALL_APNODES,0,53.56635,118
2021-11-24T19:00:00-00:00,2021-11-24T20:00:00-00:00,2021-11-24,12,0,SLAP_PGSF-APND,SLAP_PGSF-APND,SLAP_PGSF-APND,DAM,MCE,LMP_ENE_PRC,SLAP_PGSF-APND,ALL_APNODES,0,35.04437,118
2021-11-24T12:00:00-00:00,2021-11-24T13:00:00-00:00,2021-11-24,5,0,SLAP_PGSF-APND,SLAP_PGSF-APND,SLAP_PGSF-APND,DAM,MCL,LMP_LOSS_PRC,SLAP_PGSF-APND,ALL_APNODES,0,2.28749,119
2021-11-24T13:00:00-00:00,2021-11-24T14:00:00-00:00,2021-11-24,6,0,SLAP_PGSF-APND,SLAP_PGSF-APND,SLAP_PGSF-APND,DAM,MCL,LMP_LOSS_PRC,SLAP_PGSF-APND,ALL_APNODES,0,2.56185,119
2021-11-24T14:00:00-00:00,2021-11-24T15:00:00-00:00,2021-11-24,7,0,SLAP_PGSF-APND,SLAP_PGSF-APND,SLAP_PGSF-APND,DAM,MCL,LMP_LOSS_PRC,SLAP_PGSF-APND,ALL_APNODES,0,3.41176,119
2021-11-24T18:00:00-00:00,2021-11-24T19:00:00-00:00,2021-11-24,11,0,SLAP_PGSF-APND,SLAP_PGSF-APND,SLAP_PGSF-APND,DAM,MCL,LMP_LOSS_PRC,SLAP_PGSF-APND,ALL_APNODES,0,2.42409,119
2021-11-24T22:00:00-00:00,2021-11-24T23:00:00-00:00,2021-11-24,15,0,SLAP_PGSF-APND,SLAP_PGSF-APND,SLAP_PGSF-APND,DAM,MCL,LMP_LOSS_PRC,SLAP_PGSF-APND,ALL_APNODES,0,3.87335,119
2021-11-24T08:00:00-00:00,2021-11-24T09:00:00-00:00,2021-11-24,1,0,SLAP_PGSF-APND,SLAP_PGSF-APND,SLAP_PGSF-APND,DAM,MCL,LMP_LOSS_PRC,SLAP_PGSF-APND,ALL_APNODES,0,1.78376,119
2021-11-24T17:00:00-00:00,2021-11-24T18:00:00-00:00,2021-11-24,10,0,SLAP_PGSF-APND,SLAP_PGSF-APND,SLAP_PGSF-APND,DAM,MCL,LMP_LOSS_PRC,SLAP_PGSF-APND,ALL_APNODES,0,3.28997,119
2021-11-24T19:00:00-00:00,2021-11-24T20:00:00-00:00,2021-11-24,12,0,SLAP_PGSF-APND,SLAP_PGSF-APND,SLAP_PGSF-APND,DAM,MCL,LMP_LOSS_PRC,SLAP_PGSF-APND,ALL_APNODES,0,2.46011,119
2021-11-25T05:00:00-00:00,2021-11-25T06:00:00-00:00,2021-11-24,22,0,SLAP_PGSF-APND,SLAP_PGSF-APND,SLAP_PGSF-APND,DAM,MCL,LMP_LOSS_PRC,SLAP_PGSF-APND,ALL_APNODES,0,0,119
2021-11-25T06:00:00-00:00,2021-11-25T07:00:00-00:00,2021-11-24,23,0,SLAP_PGSF-APND,SLAP_PGSF-APND,SLAP_PGSF-APND,DAM,MCL,LMP_LOSS_PRC,SLAP_PGSF-APND,ALL_APNODES,0,2.42582,119
2021-11-24T15:00:00-00:00,2021-11-24T16:00:00-00:00,2021-11-24,8,0,SLAP_PGSF-APND,SLAP_PGSF-APND,SLAP_PGSF-APND,DAM,MCL,LMP_LOSS_PRC,SLAP_PGSF-APND,ALL_APNODES,0,4.55123,119
2021-11-24T10:00:00-00:00,2021-11-24T11:00:00-00:00,2021-11-24,3,0,SLAP_PGSF-APND,SLAP_PGSF-APND,SLAP_PGSF-APND,DAM,MCL,LMP_LOSS_PRC,SLAP_PGSF-APND,ALL_APNODES,0,2.58739,119
2021-11-25T02:00:00-00:00,2021-11-25T03:00:00-00:00,2021-11-24,19,0,SLAP_PGSF-APND,SLAP_PGSF-APND,SLAP_PGSF-APND,DAM,MCL,LMP_LOSS_PRC,SLAP_PGSF-APND,ALL_APNODES,0,5.90402,119
2021-11-24T20:00:00-00:00,2021-11-24T21:00:00-00:00,2021-11-24,13,0,SLAP_PGSF-APND,SLAP_PGSF-APND,SLAP_PGSF-APND,DAM,MCL,LMP_LOSS_PRC,SLAP_PGSF-APND,ALL_APNODES,0,3.09175,119
2021-11-24T11:00:00-00:00,2021-11-24T12:00:00-00:00,2021-11-24,4,0,SLAP_PGSF-APND,SLAP_PGSF-APND,SLAP_PGSF-APND,DAM,MCL,LMP_LOSS_PRC,SLAP_PGSF-APND,ALL_APNODES,0,2.22201,119
2021-11-25T00:00:00-00:00,2021-11-25T01:00:00-00:00,2021-11-24,17,0,SLAP_PGSF-APND,SLAP_PGSF-APND,SLAP_PGSF-APND,DAM,MCL,LMP_LOSS_PRC,SLAP_PGSF-APND,ALL_APNODES,0,4.60134,119
2021-11-25T04:00:00-00:00,2021-11-25T05:00:00-00:00,2021-11-24,21,0,SLAP_PGSF-APND,SLAP_PGSF-APND,SLAP_PGSF-APND,DAM,MCL,LMP_LOSS_PRC,SLAP_PGSF-APND,ALL_APNODES,0,0,119
2021-11-25T03:00:00-00:00,2021-11-25T04:00:00-00:00,2021-11-24,20,0,SLAP_PGSF-APND,SLAP_PGSF-APND,SLAP_PGSF-APND,DAM,MCL,LMP_LOSS_PRC,SLAP_PGSF-APND,ALL_APNODES,0,5.71935,119
2021-11-24T16:00:00-00:00,2021-11-24T17:00:00-00:00,2021-11-24,9,0,SLAP_PGSF-APND,SLAP_PGSF-APND,SLAP_PGSF-APND,DAM,MCL,LMP_LOSS_PRC,SLAP_PGSF-APND,ALL_APNODES,0,3.78032,119
2021-11-24T21:00:00-00:00,2021-11-24T22:00:00-00:00,2021-11-24,14,0,SLAP_PGSF-APND,SLAP_PGSF-APND,SLAP_PGSF-APND,DAM,MCL,LMP_LOSS_PRC,SLAP_PGSF-APND,ALL_APNODES,0,2.53356,119
2021-11-24T09:00:00-00:00,2021-11-24T10:00:00-00:00,2021-11-24,2,0,SLAP_PGSF-APND,SLAP_PGSF-APND,SLAP_PGSF-APND,DAM,MCL,LMP_LOSS_PRC,SLAP_PGSF-APND,ALL_APNODES,0,0,119
2021-11-25T01:00:00-00:00,2021-11-25T02:00:00-00:00,2021-11-24,18,0,SLAP_PGSF-APND,SLAP_PGSF-APND,SLAP_PGSF-APND,DAM,MCL,LMP_LOSS_PRC,SLAP_PGSF-APND,ALL_APNODES,0,5.78689,119
2021-11-25T07:00:00-00:00,2021-11-25T08:00:00-00:00,2021-11-24,24,0,SLAP_PGSF-APND,SLAP_PGSF-APND,SLAP_PGSF-APND,DAM,MCL,LMP_LOSS_PRC,SLAP_PGSF-APND,ALL_APNODES,0,1.95881,119
2021-11-24T23:00:00-00:00,2021-11-25T00:00:00-00:00,2021-11-24,16,0,SLAP_PGSF-APND,SLAP_PGSF-APND,SLAP_PGSF-APND,DAM,MCL,LMP_LOSS_PRC,SLAP_PGSF-APND,ALL_APNODES,0,4.43884,119
2021-11-24T20:00:00-00:00,2021-11-24T21:00:00-00:00,2021-11-24,13,0,SLAP_PGSF-APND,SLAP_PGSF-APND,SLAP_PGSF-APND,DAM,MGHG,LMP_GHG_PRC,SLAP_PGSF-APND,ALL_APNODES,0,0,120
2021-11-25T01:00:00-00:00,2021-11-25T02:00:00-00:00,2021-11-24,18,0,SLAP_PGSF-APND,SLAP_PGSF-APND,SLAP_PGSF-APND,DAM,MGHG,LMP_GHG_PRC,SLAP_PGSF-APND,ALL_APNODES,0,0,120
2021-11-25T02:00:00-00:00,2021-11-25T03:00:00-00:00,2021-11-24,19,0,SLAP_PGSF-APND,SLAP_PGSF-APND,SLAP_PGSF-APND,DAM,MGHG,LMP_GHG_PRC,SLAP_PGSF-APND,ALL_APNODES,0,0,120
2021-11-25T06:00:00-00:00,2021-11-25T07:00:00-00:00,2021-11-24,23,0,SLAP_PGSF-APND,SLAP_PGSF-APND,SLAP_PGSF-APND,DAM,MGHG,LMP_GHG_PRC,SLAP_PGSF-APND,ALL_APNODES,0,0,120
2021-11-24T13:00:00-00:00,2021-11-24T14:00:00-00:00,2021-11-24,6,0,SLAP_PGSF-APND,SLAP_PGSF-APND,SLAP_PGSF-APND,DAM,MGHG,LMP_GHG_PRC,SLAP_PGSF-APND,ALL_APNODES,0,0,120
2021-11-24T08:00:00-00:00,2021-11-24T09:00:00-00:00,2021-11-24,1,0,SLAP_PGSF-APND,SLAP_PGSF-APND,SLAP_PGSF-APND,DAM,MGHG,LMP_GHG_PRC,SLAP_PGSF-APND,ALL_APNODES,0,0,120
2021-11-24T23:00:00-00:00,2021-11-25T00:00:00-00:00,2021-11-24,16,0,SLAP_PGSF-APND,SLAP_PGSF-APND,SLAP_PGSF-APND,DAM,MGHG,LMP_GHG_PRC,SLAP_PGSF-APND,ALL_APNODES,0,0,120
2021-11-25T04:00:00-00:00,2021-11-25T05:00:00-00:00,2021-11-24,21,0,SLAP_PGSF-APND,SLAP_PGSF-APND,SLAP_PGSF-APND,DAM,MGHG,LMP_GHG_PRC,SLAP_PGSF-APND,ALL_APNODES,0,0,120
2021-11-24T14:00:00-00:00,2021-11-24T15:00:00-00:00,2021-11-24,7,0,SLAP_PGSF-APND,SLAP_PGSF-APND,SLAP_PGSF-APND,DAM,MGHG,LMP_GHG_PRC,SLAP_PGSF-APND,ALL_APNODES,0,0,120
2021-11-24T22:00:00-00:00,2021-11-24T23:00:00-00:00,2021-11-24,15,0,SLAP_PGSF-APND,SLAP_PGSF-APND,SLAP_PGSF-APND,DAM,MGHG,LMP_GHG_PRC,SLAP_PGSF-APND,ALL_APNODES,0,0,120
2021-11-24T15:00:00-00:00,2021-11-24T16:00:00-00:00,2021-11-24,8,0,SLAP_PGSF-APND,SLAP_PGSF-APND,SLAP_PGSF-APND,DAM,MGHG,LMP_GHG_PRC,SLAP_PGSF-APND,ALL_APNODES,0,0,120
2021-11-24T16:00:00-00:00,2021-11-24T17:00:00-00:00,2021-11-24,9,0,SLAP_PGSF-APND,SLAP_PGSF-APND,SLAP_PGSF-APND,DAM,MGHG,LMP_GHG_PRC,SLAP_PGSF-APND,ALL_APNODES,0,0,120
2021-11-24T18:00:00-00:00,2021-11-24T19:00:00-00:00,2021-11-24,11,0,SLAP_PGSF-APND,SLAP_PGSF-APND,SLAP_PGSF-APND,DAM,MGHG,LMP_GHG_PRC,SLAP_PGSF-APND,ALL_APNODES,0,0,120
2021-11-25T03:00:00-00:00,2021-11-25T04:00:00-00:00,2021-11-24,20,0,SLAP_PGSF-APND,SLAP_PGSF-APND,SLAP_PGSF-APND,DAM,MGHG,LMP_GHG_PRC,SLAP_PGSF-APND,ALL_APNODES,0,0,120
2021-11-24T21:00:00-00:00,2021-11-24T22:00:00-00:00,2021-11-24,14,0,SLAP_PGSF-APND,SLAP_PGSF-APND,SLAP_PGSF-APND,DAM,MGHG,LMP_GHG_PRC,SLAP_PGSF-APND,ALL_APNODES,0,0,120
2021-11-24T09:00:00-00:00,2021-11-24T10:00:00-00:00,2021-11-24,2,0,SLAP_PGSF-APND,SLAP_PGSF-APND,SLAP_PGSF-APND,DAM,MGHG,LMP_GHG_PRC,SLAP_PGSF-APND,ALL_APNODES,0,0,120
2021-11-24T10:00:00-00:00,2021-11-24T11:00:00-00:00,2021-11-24,3,0,SLAP_PGSF-APND,SLAP_PGSF-APND,SLAP_PGSF-APND,DAM,MGHG,LMP_GHG_PRC,SLAP_PGSF-APND,ALL_APNODES,0,0,120
2021-11-25T00:00:00-00:00,2021-11-25T01:00:00-00:00,2021-11-24,17,0,SLAP_PGSF-APND,SLAP_PGSF-APND,SLAP_PGSF-APND,DAM,MGHG,LMP_GHG_PRC,SLAP_PGSF-APND,ALL_APNODES,0,0,120
2021-11-25T05:00:00-00:00,2021-11-25T06:00:00-00:00,2021-11-24,22,0,SLAP_PGSF-APND,SLAP_PGSF-APND,SLAP_PGSF-APND,DAM,MGHG,LMP_GHG_PRC,SLAP_PGSF-APND,ALL_APNODES,0,0,120
2021-11-24T19:00:00-00:00,2021-11-24T20:00:00-00:00,2021-11-24,12,0,SLAP_PGSF-APND,SLAP_PGSF-APND,SLAP_PGSF-APND,DAM,MGHG,LMP_GHG_PRC,SLAP_PGSF-APND,ALL_APNODES,0,0,120
2021-11-25T07:00:00-00:00,2021-11-25T08:00:00-00:00,2021-11-24,24,0,SLAP_PGSF-APND,SLAP_PGSF-APND,SLAP_PGSF-APND,DAM,MGHG,LMP_GHG_PRC,SLAP_PGSF-APND,ALL_APNODES,0,0,120
2021-11-24T12:00:00-00:00,2021-11-24T13:00:00-00:00,2021-11-24,5,0,SLAP_PGSF-APND,SLAP_PGSF-APND,SLAP_PGSF-APND,DAM,MGHG,LMP_GHG_PRC,SLAP_PGSF-APND,ALL_APNODES,0,0,120
2021-11-24T17:00:00-00:00,2021-11-24T18:00:00-00:00,2021-11-24,10,0,SLAP_PGSF-APND,SLAP_PGSF-APND,SLAP_PGSF-APND,DAM,MGHG,LMP_GHG_PRC,SLAP_PGSF-APND,ALL_APNODES,0,0,120
2021-11-24T11:00:00-00:00,2021-11-24T12:00:00-00:00,2021-11-24,4,0,SLAP_PGSF-APND,SLAP_PGSF-APND,SLAP_PGSF-APND,DAM,MGHG,LMP_GHG_PRC,SLAP_PGSF-APND,ALL_APNODES,0,0,120
2021-11-26T03:00:00-00:00,2021-11-26T04:00:00-00:00,2021-11-25,20,0,SLAP_PGSF-APND,SLAP_PGSF-APND,SLAP_PGSF-APND,DAM,LMP,LMP_PRC,SLAP_PGSF-APND,ALL_APNODES,0,70.37624,121
2021-11-26T05:00:00-00:00,2021-11-26T06:00:00-00:00,2021-11-25,22,0,SLAP_PGSF-APND,SLAP_PGSF-APND,SLAP_PGSF-APND,DAM,LMP,LMP_PRC,SLAP_PGSF-APND,ALL_APNODES,0,63.62366,121
2021-11-26T01:00:00-00:00,2021-11-26T02:00:00-00:00,2021-11-25,18,0,SLAP_PGSF-APND,SLAP_PGSF-APND,SLAP_PGSF-APND,DAM,LMP,LMP_PRC,SLAP_PGSF-APND,ALL_APNODES,0,85.675,121
2021-11-26T00:00:00-00:00,2021-11-26T01:00:00-00:00,2021-11-25,17,0,SLAP_PGSF-APND,SLAP_PGSF-APND,SLAP_PGSF-APND,DAM,LMP,LMP_PRC,SLAP_PGSF-APND,ALL_APNODES,0,69.42594,121
2021-11-25T15:00:00-00:00,2021-11-25T16:00:00-00:00,2021-11-25,8,0,SLAP_PGSF-APND,SLAP_PGSF-APND,SLAP_PGSF-APND,DAM,LMP,LMP_PRC,SLAP_PGSF-APND,ALL_APNODES,0,57.51396,121
2021-11-25T21:00:00-00:00,2021-11-25T22:00:00-00:00,2021-11-25,14,0,SLAP_PGSF-APND,SLAP_PGSF-APND,SLAP_PGSF-APND,DAM,LMP,LMP_PRC,SLAP_PGSF-APND,ALL_APNODES,0,43.68901,121
2021-11-25T10:00:00-00:00,2021-11-25T11:00:00-00:00,2021-11-25,3,0,SLAP_PGSF-APND,SLAP_PGSF-APND,SLAP_PGSF-APND,DAM,LMP,LMP_PRC,SLAP_PGSF-APND,ALL_APNODES,0,52.61744,121
2021-11-25T20:00:00-00:00,2021-11-25T21:00:00-00:00,2021-11-25,13,0,SLAP_PGSF-APND,SLAP_PGSF-APND,SLAP_PGSF-APND,DAM,LMP,LMP_PRC,SLAP_PGSF-APND,ALL_APNODES,0,43.64719,121
2021-11-26T07:00:00-00:00,2021-11-26T08:00:00-00:00,2021-11-25,24,0,SLAP_PGSF-APND,SLAP_PGSF-APND,SLAP_PGSF-APND,DAM,LMP,LMP_PRC,SLAP_PGSF-APND,ALL_APNODES,0,55.3664,121
2021-11-25T23:00:00-00:00,2021-11-26T00:00:00-00:00,2021-11-25,16,0,SLAP_PGSF-APND,SLAP_PGSF-APND,SLAP_PGSF-APND,DAM,LMP,LMP_PRC,SLAP_PGSF-APND,ALL_APNODES,0,55.30922,121
2021-11-25T11:00:00-00:00,2021-11-25T12:00:00-00:00,2021-11-25,4,0,SLAP_PGSF-APND,SLAP_PGSF-APND,SLAP_PGSF-APND,DAM,LMP,LMP_PRC,SLAP_PGSF-APND,ALL_APNODES,0,52.47653,121
2021-11-25T09:00:00-00:00,2021-11-25T10:00:00-00:00,2021-11-25,2,0,SLAP_PGSF-APND,SLAP_PGSF-APND,SLAP_PGSF-APND,DAM,LMP,LMP_PRC,SLAP_PGSF-APND,ALL_APNODES,0,53.63707,121
2021-11-25T08:00:00-00:00,2021-11-25T09:00:00-00:00,2021-11-25,1,0,SLAP_PGSF-APND,SLAP_PGSF-APND,SLAP_PGSF-APND,DAM,LMP,LMP_PRC,SLAP_PGSF-APND,ALL_APNODES,0,53.73439,121
2021-11-25T18:00:00-00:00,2021-11-25T19:00:00-00:00,2021-11-25,11,0,SLAP_PGSF-APND,SLAP_PGSF-APND,SLAP_PGSF-APND,DAM,LMP,LMP_PRC,SLAP_PGSF-APND,ALL_APNODES,0,55.28379,121
2021-11-25T17:00:00-00:00,2021-11-25T18:00:00-00:00,2021-11-25,10,0,SLAP_PGSF-APND,SLAP_PGSF-APND,SLAP_PGSF-APND,DAM,LMP,LMP_PRC,SLAP_PGSF-APND,ALL_APNODES,0,58.17925,121
2021-11-25T16:00:00-00:00,2021-11-25T17:00:00-00:00,2021-11-25,9,0,SLAP_PGSF-APND,SLAP_PGSF-APND,SLAP_PGSF-APND,DAM,LMP,LMP_PRC,SLAP_PGSF-APND,ALL_APNODES,0,52.90088,121
2021-11-25T13:00:00-00:00,2021-11-25T14:00:00-00:00,2021-11-25,6,0,SLAP_PGSF-APND,SLAP_PGSF-APND,SLAP_PGSF-APND,DAM,LMP,LMP_PRC,SLAP_PGSF-APND,ALL_APNODES,0,58.68168,121
2021-11-25T19:00:00-00:00,2021-11-25T20:00:00-00:00,2021-11-25,12,0,SLAP_PGSF-APND,SLAP_PGSF-APND,SLAP_PGSF-APND,DAM,LMP,LMP_PRC,SLAP_PGSF-APND,ALL_APNODES,0,54.19617,121
2021-11-25T22:00:00-00:00,2021-11-25T23:00:00-00:00,2021-11-25,15,0,SLAP_PGSF-APND,SLAP_PGSF-APND,SLAP_PGSF-APND,DAM,LMP,LMP_PRC,SLAP_PGSF-APND,ALL_APNODES,0,48.09061,121
2021-11-26T02:00:00-00:00,2021-11-26T03:00:00-00:00,2021-11-25,19,0,SLAP_PGSF-APND,SLAP_PGSF-APND,SLAP_PGSF-APND,DAM,LMP,LMP_PRC,SLAP_PGSF-APND,ALL_APNODES,0,73.66572,121
2021-11-25T14:00:00-00:00,2021-11-25T15:00:00-00:00,2021-11-25,7,0,SLAP_PGSF-APND,SLAP_PGSF-APND,SLAP_PGSF-APND,DAM,LMP,LMP_PRC,SLAP_PGSF-APND,ALL_APNODES,0,60.18034,121
2021-11-26T04:00:00-00:00,2021-11-26T05:00:00-00:00,2021-11-25,21,0,SLAP_PGSF-APND,SLAP_PGSF-APND,SLAP_PGSF-APND,DAM,LMP,LMP_PRC,SLAP_PGSF-APND,ALL_APNODES,0,67.69512,121
2021-11-26T06:00:00-00:00,2021-11-26T07:00:00-00:00,2021-11-25,23,0,SLAP_PGSF-APND,SLAP_PGSF-APND,SLAP_PGSF-APND,DAM,LMP,LMP_PRC,SLAP_PGSF-APND,ALL_APNODES,0,59.72957,121
2021-11-25T12:00:00-00:00,2021-11-25T13:00:00-00:00,2021-11-25,5,0,SLAP_PGSF-APND,SLAP_PGSF-APND,SLAP_PGSF-APND,DAM,LMP,LMP_PRC,SLAP_PGSF-APND,ALL_APNODES,0,53.34739,121
2021-11-26T00:00:00-00:00,2021-11-26T01:00:00-00:00,2021-11-25,17,0,SLAP_PGSF-APND,SLAP_PGSF-APND,SLAP_PGSF-APND,DAM,MCC,LMP_CONG_PRC,SLAP_PGSF-APND,ALL_APNODES,0,-0.27354,122
2021-11-25T09:00:00-00:00,2021-11-25T10:00:00-00:00,2021-11-25,2,0,SLAP_PGSF-APND,SLAP_PGSF-APND,SLAP_PGSF-APND,DAM,MCC,LMP_CONG_PRC,SLAP_PGSF-APND,ALL_APNODES,0,0,122
2021-11-25T19:00:00-00:00,2021-11-25T20:00:00-00:00,2021-11-25,12,0,SLAP_PGSF-APND,SLAP_PGSF-APND,SLAP_PGSF-APND,DAM,MCC,LMP_CONG_PRC,SLAP_PGSF-APND,ALL_APNODES,0,30.05933,122
2021-11-25T17:00:00-00:00,2021-11-25T18:00:00-00:00,2021-11-25,10,0,SLAP_PGSF-APND,SLAP_PGSF-APND,SLAP_PGSF-APND,DAM,MCC,LMP_CONG_PRC,SLAP_PGSF-APND,ALL_APNODES,0,30.75261,122
2021-11-26T06:00:00-00:00,2021-11-26T07:00:00-00:00,2021-11-25,23,0,SLAP_PGSF-APND,SLAP_PGSF-APND,SLAP_PGSF-APND,DAM,MCC,LMP_CONG_PRC,SLAP_PGSF-APND,ALL_APNODES,0,0,122
2021-11-25T14:00:00-00:00,2021-11-25T15:00:00-00:00,2021-11-25,7,0,SLAP_PGSF-APND,SLAP_PGSF-APND,SLAP_PGSF-APND,DAM,MCC,LMP_CONG_PRC,SLAP_PGSF-APND,ALL_APNODES,0,0,122
2021-11-26T01:00:00-00:00,2021-11-26T02:00:00-00:00,2021-11-25,18,0,SLAP_PGSF-APND,SLAP_PGSF-APND,SLAP_PGSF-APND,DAM,MCC,LMP_CONG_PRC,SLAP_PGSF-APND,ALL_APNODES,0,4.00057,122
2021-11-26T02:00:00-00:00,2021-11-26T03:00:00-00:00,2021-11-25,19,0,SLAP_PGSF-APND,SLAP_PGSF-APND,SLAP_PGSF-APND,DAM,MCC,LMP_CONG_PRC,SLAP_PGSF-APND,ALL_APNODES,0,0.62134,122
2021-11-25T12:00:00-00:00,2021-11-25T13:00:00-00:00,2021-11-25,5,0,SLAP_PGSF-APND,SLAP_PGSF-APND,SLAP_PGSF-APND,DAM,MCC,LMP_CONG_PRC,SLAP_PGSF-APND,ALL_APNODES,0,0,122
2021-11-25T15:00:00-00:00,2021-11-25T16:00:00-00:00,2021-11-25,8,0,SLAP_PGSF-APND,SLAP_PGSF-APND,SLAP_PGSF-APND,DAM,MCC,LMP_CONG_PRC,SLAP_PGSF-APND,ALL_APNODES,0,2.1901,122
2021-11-26T07:00:00-00:00,2021-11-26T08:00:00-00:00,2021-11-25,24,0,SLAP_PGSF-APND,SLAP_PGSF-APND,SLAP_PGSF-APND,DAM,MCC,LMP_CONG_PRC,SLAP_PGSF-APND,ALL_APNODES,0,0,122
2021-11-25T10:00:00-00:00,2021-11-25T11:00:00-00:00,2021-11-25,3,0,SLAP_PGSF-APND,SLAP_PGSF-APND,SLAP_PGSF-APND,DAM,MCC,LMP_CONG_PRC,SLAP_PGSF-APND,ALL_APNODES,0,0,122
2021-11-25T22:00:00-00:00,2021-11-25T23:00:00-00:00,2021-11-25,15,0,SLAP_PGSF-APND,SLAP_PGSF-APND,SLAP_PGSF-APND,DAM,MCC,LMP_CONG_PRC,SLAP_PGSF-APND,ALL_APNODES,0,15.97468,122
2021-11-25T21:00:00-00:00,2021-11-25T22:00:00-00:00,2021-11-25,14,0,SLAP_PGSF-APND,SLAP_PGSF-APND,SLAP_PGSF-APND,DAM,MCC,LMP_CONG_PRC,SLAP_PGSF-APND,ALL_APNODES,0,19.88882,122
2021-11-25T13:00:00-00:00,2021-11-25T14:00:00-00:00,2021-11-25,6,0,SLAP_PGSF-APND,SLAP_PGSF-APND,SLAP_PGSF-APND,DAM,MCC,LMP_CONG_PRC,SLAP_PGSF-APND,ALL_APNODES,0,0,122
2021-11-26T05:00:00-00:00,2021-11-26T06:00:00-00:00,2021-11-25,22,0,SLAP_PGSF-APND,SLAP_PGSF-APND,SLAP_PGSF-APND,DAM,MCC,LMP_CONG_PRC,SLAP_PGSF-APND,ALL_APNODES,0,-0.05105,122
2021-11-26T03:00:00-00:00,2021-11-26T04:00:00-00:00,2021-11-25,20,0,SLAP_PGSF-APND,SLAP_PGSF-APND,SLAP_PGSF-APND,DAM,MCC,LMP_CONG_PRC,SLAP_PGSF-APND,ALL_APNODES,0,0.70103,122
2021-11-25T23:00:00-00:00,2021-11-26T00:00:00-00:00,2021-11-25,16,0,SLAP_PGSF-APND,SLAP_PGSF-APND,SLAP_PGSF-APND,DAM,MCC,LMP_CONG_PRC,SLAP_PGSF-APND,ALL_APNODES,0,0,122
2021-11-25T08:00:00-00:00,2021-11-25T09:00:00-00:00,2021-11-25,1,0,SLAP_PGSF-APND,SLAP_PGSF-APND,SLAP_PGSF-APND,DAM,MCC,LMP_CONG_PRC,SLAP_PGSF-APND,ALL_APNODES,0,0,122
2021-11-25T20:00:00-00:00,2021-11-25T21:00:00-00:00,2021-11-25,13,0,SLAP_PGSF-APND,SLAP_PGSF-APND,SLAP_PGSF-APND,DAM,MCC,LMP_CONG_PRC,SLAP_PGSF-APND,ALL_APNODES,0,22.00321,122
2021-11-25T18:00:00-00:00,2021-11-25T19:00:00-00:00,2021-11-25,11,0,SLAP_PGSF-APND,SLAP_PGSF-APND,SLAP_PGSF-APND,DAM,MCC,LMP_CONG_PRC,SLAP_PGSF-APND,ALL_APNODES,0,31.7372,122
2021-11-25T11:00:00-00:00,2021-11-25T12:00:00-00:00,2021-11-25,4,0,SLAP_PGSF-APND,SLAP_PGSF-APND,SLAP_PGSF-APND,DAM,MCC,LMP_CONG_PRC,SLAP_PGSF-APND,ALL_APNODES,0,0,122
2021-11-26T04:00:00-00:00,2021-11-26T05:00:00-00:00,2021-11-25,21,0,SLAP_PGSF-APND,SLAP_PGSF-APND,SLAP_PGSF-APND,DAM,MCC,LMP_CONG_PRC,SLAP_PGSF-APND,ALL_APNODES,0,0,122
2021-11-25T16:00:00-00:00,2021-11-25T17:00:00-00:00,2021-11-25,9,0,SLAP_PGSF-APND,SLAP_PGSF-APND,SLAP_PGSF-APND,DAM,MCC,LMP_CONG_PRC,SLAP_PGSF-APND,ALL_APNODES,0,17.31528,122
2021-11-25T13:00:00-00:00,2021-11-25T14:00:00-00:00,2021-11-25,6,0,SLAP_PGSF-APND,SLAP_PGSF-APND,SLAP_PGSF-APND,DAM,MCE,LMP_ENE_PRC,SLAP_PGSF-APND,ALL_APNODES,0,56.29478,123
2021-11-25T21:00:00-00:00,2021-11-25T22:00:00-00:00,2021-11-25,14,0,SLAP_PGSF-APND,SLAP_PGSF-APND,SLAP_PGSF-APND,DAM,MCE,LMP_ENE_PRC,SLAP_PGSF-APND,ALL_APNODES,0,22.0781,123
2021-11-25T22:00:00-00:00,2021-11-25T23:00:00-00:00,2021-11-25,15,0,SLAP_PGSF-APND,SLAP_PGSF-APND,SLAP_PGSF-APND,DAM,MCE,LMP_ENE_PRC,SLAP_PGSF-APND,ALL_APNODES,0,29.8864,123
2021-11-25T12:00:00-00:00,2021-11-25T13:00:00-00:00,2021-11-25,5,0,SLAP_PGSF-APND,SLAP_PGSF-APND,SLAP_PGSF-APND,DAM,MCE,LMP_ENE_PRC,SLAP_PGSF-APND,ALL_APNODES,0,51.02572,123
2021-11-26T01:00:00-00:00,2021-11-26T02:00:00-00:00,2021-11-25,18,0,SLAP_PGSF-APND,SLAP_PGSF-APND,SLAP_PGSF-APND,DAM,MCE,LMP_ENE_PRC,SLAP_PGSF-APND,ALL_APNODES,0,77.9485,123
2021-11-26T02:00:00-00:00,2021-11-26T03:00:00-00:00,2021-11-25,19,0,SLAP_PGSF-APND,SLAP_PGSF-APND,SLAP_PGSF-APND,DAM,MCE,LMP_ENE_PRC,SLAP_PGSF-APND,ALL_APNODES,0,69.55283,123
2021-11-26T07:00:00-00:00,2021-11-26T08:00:00-00:00,2021-11-25,24,0,SLAP_PGSF-APND,SLAP_PGSF-APND,SLAP_PGSF-APND,DAM,MCE,LMP_ENE_PRC,SLAP_PGSF-APND,ALL_APNODES,0,52.87089,123
2021-11-26T05:00:00-00:00,2021-11-26T06:00:00-00:00,2021-11-25,22,0,SLAP_PGSF-APND,SLAP_PGSF-APND,SLAP_PGSF-APND,DAM,MCE,LMP_ENE_PRC,SLAP_PGSF-APND,ALL_APNODES,0,60.82215,123
2021-11-25T08:00:00-00:00,2021-11-25T09:00:00-00:00,2021-11-25,1,0,SLAP_PGSF-APND,SLAP_PGSF-APND,SLAP_PGSF-APND,DAM,MCE,LMP_ENE_PRC,SLAP_PGSF-APND,ALL_APNODES,0,51.45493,123
2021-11-25T10:00:00-00:00,2021-11-25T11:00:00-00:00,2021-11-25,3,0,SLAP_PGSF-APND,SLAP_PGSF-APND,SLAP_PGSF-APND,DAM,MCE,LMP_ENE_PRC,SLAP_PGSF-APND,ALL_APNODES,0,50.38537,123
2021-11-26T06:00:00-00:00,2021-11-26T07:00:00-00:00,2021-11-25,23,0,SLAP_PGSF-APND,SLAP_PGSF-APND,SLAP_PGSF-APND,DAM,MCE,LMP_ENE_PRC,SLAP_PGSF-APND,ALL_APNODES,0,57.15201,123
2021-11-25T17:00:00-00:00,2021-11-25T18:00:00-00:00,2021-11-25,10,0,SLAP_PGSF-APND,SLAP_PGSF-APND,SLAP_PGSF-APND,DAM,MCE,LMP_ENE_PRC,SLAP_PGSF-APND,ALL_APNODES,0,25.45396,123
2021-11-25T19:00:00-00:00,2021-11-25T20:00:00-00:00,2021-11-25,12,0,SLAP_PGSF-APND,SLAP_PGSF-APND,SLAP_PGSF-APND,DAM,MCE,LMP_ENE_PRC,SLAP_PGSF-APND,ALL_APNODES,0,22.36964,123
2021-11-25T15:00:00-00:00,2021-11-25T16:00:00-00:00,2021-11-25,8,0,SLAP_PGSF-APND,SLAP_PGSF-APND,SLAP_PGSF-APND,DAM,MCE,LMP_ENE_PRC,SLAP_PGSF-APND,ALL_APNODES,0,51.79167,123
2021-11-25T16:00:00-00:00,2021-11-25T17:00:00-00:00,2021-11-25,9,0,SLAP_PGSF-APND,SLAP_PGSF-APND,SLAP_PGSF-APND,DAM,MCE,LMP_ENE_PRC,SLAP_PGSF-APND,ALL_APNODES,0,33.0077,123
2021-11-25T18:00:00-00:00,2021-11-25T19:00:00-00:00,2021-11-25,11,0,SLAP_PGSF-APND,SLAP_PGSF-APND,SLAP_PGSF-APND,DAM,MCE,LMP_ENE_PRC,SLAP_PGSF-APND,ALL_APNODES,0,21.83272,123
2021-11-25T09:00:00-00:00,2021-11-25T10:00:00-00:00,2021-11-25,2,0,SLAP_PGSF-APND,SLAP_PGSF-APND,SLAP_PGSF-APND,DAM,MCE,LMP_ENE_PRC,SLAP_PGSF-APND,ALL_APNODES,0,51.36175,123
2021-11-25T23:00:00-00:00,2021-11-26T00:00:00-00:00,2021-11-25,16,0,SLAP_PGSF-APND,SLAP_PGSF-APND,SLAP_PGSF-APND,DAM,MCE,LMP_ENE_PRC,SLAP_PGSF-APND,ALL_APNODES,0,51.60886,123
2021-11-26T00:00:00-00:00,2021-11-26T01:00:00-00:00,2021-11-25,17,0,SLAP_PGSF-APND,SLAP_PGSF-APND,SLAP_PGSF-APND,DAM,MCE,LMP_ENE_PRC,SLAP_PGSF-APND,ALL_APNODES,0,66.74278,123
2021-11-25T11:00:00-00:00,2021-11-25T12:00:00-00:00,2021-11-25,4,0,SLAP_PGSF-APND,SLAP_PGSF-APND,SLAP_PGSF-APND,DAM,MCE,LMP_ENE_PRC,SLAP_PGSF-APND,ALL_APNODES,0,50.07302,123
2021-11-26T04:00:00-00:00,2021-11-26T05:00:00-00:00,2021-11-25,21,0,SLAP_PGSF-APND,SLAP_PGSF-APND,SLAP_PGSF-APND,DAM,MCE,LMP_ENE_PRC,SLAP_PGSF-APND,ALL_APNODES,0,64.88557,123
2021-11-25T14:00:00-00:00,2021-11-25T15:00:00-00:00,2021-11-25,7,0,SLAP_PGSF-APND,SLAP_PGSF-APND,SLAP_PGSF-APND,DAM,MCE,LMP_ENE_PRC,SLAP_PGSF-APND,ALL_APNODES,0,57.29278,123
2021-11-25T20:00:00-00:00,2021-11-25T21:00:00-00:00,2021-11-25,13,0,SLAP_PGSF-APND,SLAP_PGSF-APND,SLAP_PGSF-APND,DAM,MCE,LMP_ENE_PRC,SLAP_PGSF-APND,ALL_APNODES,0,19.97229,123
2021-11-26T03:00:00-00:00,2021-11-26T04:00:00-00:00,2021-11-25,20,0,SLAP_PGSF-APND,SLAP_PGSF-APND,SLAP_PGSF-APND,DAM,MCE,LMP_ENE_PRC,SLAP_PGSF-APND,ALL_APNODES,0,66.48398,123
2021-11-26T05:00:00-00:00,2021-11-26T06:00:00-00:00,2021-11-25,22,0,SLAP_PGSF-APND,SLAP_PGSF-APND,SLAP_PGSF-APND,DAM,MCL,LMP_LOSS_PRC,SLAP_PGSF-APND,ALL_APNODES,0,2.85256,124
2021-11-25T23:00:00-00:00,2021-11-26T00:00:00-00:00,2021-11-25,16,0,SLAP_PGSF-APND,SLAP_PGSF-APND,SLAP_PGSF-APND,DAM,MCL,LMP_LOSS_PRC,SLAP_PGSF-APND,ALL_APNODES,0,3.70036,124
2021-11-25T10:00:00-00:00,2021-11-25T11:00:00-00:00,2021-11-25,3,0,SLAP_PGSF-APND,SLAP_PGSF-APND,SLAP_PGSF-APND,DAM,MCL,LMP_LOSS_PRC,SLAP_PGSF-APND,ALL_APNODES,0,2.23207,124
2021-11-26T06:00:00-00:00,2021-11-26T07:00:00-00:00,2021-11-25,23,0,SLAP_PGSF-APND,SLAP_PGSF-APND,SLAP_PGSF-APND,DAM,MCL,LMP_LOSS_PRC,SLAP_PGSF-APND,ALL_APNODES,0,2.57756,124
2021-11-26T04:00:00-00:00,2021-11-26T05:00:00-00:00,2021-11-25,21,0,SLAP_PGSF-APND,SLAP_PGSF-APND,SLAP_PGSF-APND,DAM,MCL,LMP_LOSS_PRC,SLAP_PGSF-APND,ALL_APNODES,0,2.80955,124
2021-11-26T03:00:00-00:00,2021-11-26T04:00:00-00:00,2021-11-25,20,0,SLAP_PGSF-APND,SLAP_PGSF-APND,SLAP_PGSF-APND,DAM,MCL,LMP_LOSS_PRC,SLAP_PGSF-APND,ALL_APNODES,0,3.19123,124
2021-11-26T02:00:00-00:00,2021-11-26T03:00:00-00:00,2021-11-25,19,0,SLAP_PGSF-APND,SLAP_PGSF-APND,SLAP_PGSF-APND,DAM,MCL,LMP_LOSS_PRC,SLAP_PGSF-APND,ALL_APNODES,0,3.49155,124
2021-11-25T20:00:00-00:00,2021-11-25T21:00:00-00:00,2021-11-25,13,0,SLAP_PGSF-APND,SLAP_PGSF-APND,SLAP_PGSF-APND,DAM,MCL,LMP_LOSS_PRC,SLAP_PGSF-APND,ALL_APNODES,0,1.67168,124
2021-11-25T14:00:00-00:00,2021-11-25T15:00:00-00:00,2021-11-25,7,0,SLAP_PGSF-APND,SLAP_PGSF-APND,SLAP_PGSF-APND,DAM,MCL,LMP_LOSS_PRC,SLAP_PGSF-APND,ALL_APNODES,0,2.88756,124
2021-11-26T01:00:00-00:00,2021-11-26T02:00:00-00:00,2021-11-25,18,0,SLAP_PGSF-APND,SLAP_PGSF-APND,SLAP_PGSF-APND,DAM,MCL,LMP_LOSS_PRC,SLAP_PGSF-APND,ALL_APNODES,0,3.72594,124
2021-11-25T18:00:00-00:00,2021-11-25T19:00:00-00:00,2021-11-25,11,0,SLAP_PGSF-APND,SLAP_PGSF-APND,SLAP_PGSF-APND,DAM,MCL,LMP_LOSS_PRC,SLAP_PGSF-APND,ALL_APNODES,0,1.71387,124
2021-11-26T00:00:00-00:00,2021-11-26T01:00:00-00:00,2021-11-25,17,0,SLAP_PGSF-APND,SLAP_PGSF-APND,SLAP_PGSF-APND,DAM,MCL,LMP_LOSS_PRC,SLAP_PGSF-APND,ALL_APNODES,0,2.95671,124
2021-11-25T09:00:00-00:00,2021-11-25T10:00:00-00:00,2021-11-25,2,0,SLAP_PGSF-APND,SLAP_PGSF-APND,SLAP_PGSF-APND,DAM,MCL,LMP_LOSS_PRC,SLAP_PGSF-APND,ALL_APNODES,0,2.27533,124
2021-11-25T22:00:00-00:00,2021-11-25T23:00:00-00:00,2021-11-25,15,0,SLAP_PGSF-APND,SLAP_PGSF-APND,SLAP_PGSF-APND,DAM,MCL,LMP_LOSS_PRC,SLAP_PGSF-APND,ALL_APNODES,0,2.22953,124
2021-11-25T21:00:00-00:00,2021-11-25T22:00:00-00:00,2021-11-25,14,0,SLAP_PGSF-APND,SLAP_PGSF-APND,SLAP_PGSF-APND,DAM,MCL,LMP_LOSS_PRC,SLAP_PGSF-APND,ALL_APNODES,0,1.72209,124
2021-11-25T19:00:00-00:00,2021-11-25T20:00:00-00:00,2021-11-25,12,0,SLAP_PGSF-APND,SLAP_PGSF-APND,SLAP_PGSF-APND,DAM,MCL,LMP_LOSS_PRC,SLAP_PGSF-APND,ALL_APNODES,0,1.7672,124
2021-11-25T12:00:00-00:00,2021-11-25T13:00:00-00:00,2021-11-25,5,0,SLAP_PGSF-APND,SLAP_PGSF-APND,SLAP_PGSF-APND,DAM,MCL,LMP_LOSS_PRC,SLAP_PGSF-APND,ALL_APNODES,0,2.32167,124
2021-11-25T08:00:00-00:00,2021-11-25T09:00:00-00:00,2021-11-25,1,0,SLAP_PGSF-APND,SLAP_PGSF-APND,SLAP_PGSF-APND,DAM,MCL,LMP_LOSS_PRC,SLAP_PGSF-APND,ALL_APNODES,0,2.27945,124
2021-11-25T15:00:00-00:00,2021-11-25T16:00:00-00:00,2021-11-25,8,0,SLAP_PGSF-APND,SLAP_PGSF-APND,SLAP_PGSF-APND,DAM,MCL,LMP_LOSS_PRC,SLAP_PGSF-APND,ALL_APNODES,0,3.53219,124
2021-11-25T16:00:00-00:00,2021-11-25T17:00:00-00:00,2021-11-25,9,0,SLAP_PGSF-APND,SLAP_PGSF-APND,SLAP_PGSF-APND,DAM,MCL,LMP_LOSS_PRC,SLAP_PGSF-APND,ALL_APNODES,0,2.5779,124
2021-11-25T13:00:00-00:00,2021-11-25T14:00:00-00:00,2021-11-25,6,0,SLAP_PGSF-APND,SLAP_PGSF-APND,SLAP_PGSF-APND,DAM,MCL,LMP_LOSS_PRC,SLAP_PGSF-APND,ALL_APNODES,0,2.3869,124
2021-11-25T11:00:00-00:00,2021-11-25T12:00:00-00:00,2021-11-25,4,0,SLAP_PGSF-APND,SLAP_PGSF-APND,SLAP_PGSF-APND,DAM,MCL,LMP_LOSS_PRC,SLAP_PGSF-APND,ALL_APNODES,0,2.40351,124
2021-11-25T17:00:00-00:00,2021-11-25T18:00:00-00:00,2021-11-25,10,0,SLAP_PGSF-APND,SLAP_PGSF-APND,SLAP_PGSF-APND,DAM,MCL,LMP_LOSS_PRC,SLAP_PGSF-APND,ALL_APNODES,0,1.97268,124
2021-11-26T07:00:00-00:00,2021-11-26T08:00:00-00:00,2021-11-25,24,0,SLAP_PGSF-APND,SLAP_PGSF-APND,SLAP_PGSF-APND,DAM,MCL,LMP_LOSS_PRC,SLAP_PGSF-APND,ALL_APNODES,0,2.49551,124
2021-11-25T23:00:00-00:00,2021-11-26T00:00:00-00:00,2021-11-25,16,0,SLAP_PGSF-APND,SLAP_PGSF-APND,SLAP_PGSF-APND,DAM,MGHG,LMP_GHG_PRC,SLAP_PGSF-APND,ALL_APNODES,0,0,125
2021-11-26T04:00:00-00:00,2021-11-26T05:00:00-00:00,2021-11-25,21,0,SLAP_PGSF-APND,SLAP_PGSF-APND,SLAP_PGSF-APND,DAM,MGHG,LMP_GHG_PRC,SLAP_PGSF-APND,ALL_APNODES,0,0,125
2021-11-25T12:00:00-00:00,2021-11-25T13:00:00-00:00,2021-11-25,5,0,SLAP_PGSF-APND,SLAP_PGSF-APND,SLAP_PGSF-APND,DAM,MGHG,LMP_GHG_PRC,SLAP_PGSF-APND,ALL_APNODES,0,0,125
2021-11-25T18:00:00-00:00,2021-11-25T19:00:00-00:00,2021-11-25,11,0,SLAP_PGSF-APND,SLAP_PGSF-APND,SLAP_PGSF-APND,DAM,MGHG,LMP_GHG_PRC,SLAP_PGSF-APND,ALL_APNODES,0,0,125
2021-11-25T11:00:00-00:00,2021-11-25T12:00:00-00:00,2021-11-25,4,0,SLAP_PGSF-APND,SLAP_PGSF-APND,SLAP_PGSF-APND,DAM,MGHG,LMP_GHG_PRC,SLAP_PGSF-APND,ALL_APNODES,0,0,125
2021-11-25T10:00:00-00:00,2021-11-25T11:00:00-00:00,2021-11-25,3,0,SLAP_PGSF-APND,SLAP_PGSF-APND,SLAP_PGSF-APND,DAM,MGHG,LMP_GHG_PRC,SLAP_PGSF-APND,ALL_APNODES,0,0,125
2021-11-25T20:00:00-00:00,2021-11-25T21:00:00-00:00,2021-11-25,13,0,SLAP_PGSF-APND,SLAP_PGSF-APND,SLAP_PGSF-APND,DAM,MGHG,LMP_GHG_PRC,SLAP_PGSF-APND,ALL_APNODES,0,0,125
2021-11-25T19:00:00-00:00,2021-11-25T20:00:00-00:00,2021-11-25,12,0,SLAP_PGSF-APND,SLAP_PGSF-APND,SLAP_PGSF-APND,DAM,MGHG,LMP_GHG_PRC,SLAP_PGSF-APND,ALL_APNODES,0,0,125
2021-11-25T16:00:00-00:00,2021-11-25T17:00:00-00:00,2021-11-25,9,0,SLAP_PGSF-APND,SLAP_PGSF-APND,SLAP_PGSF-APND,DAM,MGHG,LMP_GHG_PRC,SLAP_PGSF-APND,ALL_APNODES,0,0,125
2021-11-25T17:00:00-00:00,2021-11-25T18:00:00-00:00,2021-11-25,10,0,SLAP_PGSF-APND,SLAP_PGSF-APND,SLAP_PGSF-APND,DAM,MGHG,LMP_GHG_PRC,SLAP_PGSF-APND,ALL_APNODES,0,0,125
2021-11-25T08:00:00-00:00,2021-11-25T09:00:00-00:00,2021-11-25,1,0,SLAP_PGSF-APND,SLAP_PGSF-APND,SLAP_PGSF-APND,DAM,MGHG,LMP_GHG_PRC,SLAP_PGSF-APND,ALL_APNODES,0,0,125
2021-11-26T07:00:00-00:00,2021-11-26T08:00:00-00:00,2021-11-25,24,0,SLAP_PGSF-APND,SLAP_PGSF-APND,SLAP_PGSF-APND,DAM,MGHG,LMP_GHG_PRC,SLAP_PGSF-APND,ALL_APNODES,0,0,125
2021-11-26T06:00:00-00:00,2021-11-26T07:00:00-00:00,2021-11-25,23,0,SLAP_PGSF-APND,SLAP_PGSF-APND,SLAP_PGSF-APND,DAM,MGHG,LMP_GHG_PRC,SLAP_PGSF-APND,ALL_APNODES,0,0,125
2021-11-26T05:00:00-00:00,2021-11-26T06:00:00-00:00,2021-11-25,22,0,SLAP_PGSF-APND,SLAP_PGSF-APND,SLAP_PGSF-APND,DAM,MGHG,LMP_GHG_PRC,SLAP_PGSF-APND,ALL_APNODES,0,0,125
2021-11-26T03:00:00-00:00,2021-11-26T04:00:00-00:00,2021-11-25,20,0,SLAP_PGSF-APND,SLAP_PGSF-APND,SLAP_PGSF-APND,DAM,MGHG,LMP_GHG_PRC,SLAP_PGSF-APND,ALL_APNODES,0,0,125
2021-11-25T14:00:00-00:00,2021-11-25T15:00:00-00:00,2021-11-25,7,0,SLAP_PGSF-APND,SLAP_PGSF-APND,SLAP_PGSF-APND,DAM,MGHG,LMP_GHG_PRC,SLAP_PGSF-APND,ALL_APNODES,0,0,125
2021-11-25T09:00:00-00:00,2021-11-25T10:00:00-00:00,2021-11-25,2,0,SLAP_PGSF-APND,SLAP_PGSF-APND,SLAP_PGSF-APND,DAM,MGHG,LMP_GHG_PRC,SLAP_PGSF-APND,ALL_APNODES,0,0,125
2021-11-25T22:00:00-00:00,2021-11-25T23:00:00-00:00,2021-11-25,15,0,SLAP_PGSF-APND,SLAP_PGSF-APND,SLAP_PGSF-APND,DAM,MGHG,LMP_GHG_PRC,SLAP_PGSF-APND,ALL_APNODES,0,0,125
2021-11-25T21:00:00-00:00,2021-11-25T22:00:00-00:00,2021-11-25,14,0,SLAP_PGSF-APND,SLAP_PGSF-APND,SLAP_PGSF-APND,DAM,MGHG,LMP_GHG_PRC,SLAP_PGSF-APND,ALL_APNODES,0,0,125
2021-11-25T15:00:00-00:00,2021-11-25T16:00:00-00:00,2021-11-25,8,0,SLAP_PGSF-APND,SLAP_PGSF-APND,SLAP_PGSF-APND,DAM,MGHG,LMP_GHG_PRC,SLAP_PGSF-APND,ALL_APNODES,0,0,125
2021-11-25T13:00:00-00:00,2021-11-25T14:00:00-00:00,2021-11-25,6,0,SLAP_PGSF-APND,SLAP_PGSF-APND,SLAP_PGSF-APND,DAM,MGHG,LMP_GHG_PRC,SLAP_PGSF-APND,ALL_APNODES,0,0,125
2021-11-26T01:00:00-00:00,2021-11-26T02:00:00-00:00,2021-11-25,18,0,SLAP_PGSF-APND,SLAP_PGSF-APND,SLAP_PGSF-APND,DAM,MGHG,LMP_GHG_PRC,SLAP_PGSF-APND,ALL_APNODES,0,0,125
2021-11-26T00:00:00-00:00,2021-11-26T01:00:00-00:00,2021-11-25,17,0,SLAP_PGSF-APND,SLAP_PGSF-APND,SLAP_PGSF-APND,DAM,MGHG,LMP_GHG_PRC,SLAP_PGSF-APND,ALL_APNODES,0,0,125
2021-11-26T02:00:00-00:00,2021-11-26T03:00:00-00:00,2021-11-25,19,0,SLAP_PGSF-APND,SLAP_PGSF-APND,SLAP_PGSF-APND,DAM,MGHG,LMP_GHG_PRC,SLAP_PGSF-APND,ALL_APNODES,0,0,125
2021-11-26T23:00:00-00:00,2021-11-27T00:00:00-00:00,2021-11-26,16,0,SLAP_PGSF-APND,SLAP_PGSF-APND,SLAP_PGSF-APND,DAM,LMP,LMP_PRC,SLAP_PGSF-APND,ALL_APNODES,0,55.28012,126
2021-11-27T04:00:00-00:00,2021-11-27T05:00:00-00:00,2021-11-26,21,0,SLAP_PGSF-APND,SLAP_PGSF-APND,SLAP_PGSF-APND,DAM,LMP,LMP_PRC,SLAP_PGSF-APND,ALL_APNODES,0,68.44111,126
2021-11-26T17:00:00-00:00,2021-11-26T18:00:00-00:00,2021-11-26,10,0,SLAP_PGSF-APND,SLAP_PGSF-APND,SLAP_PGSF-APND,DAM,LMP,LMP_PRC,SLAP_PGSF-APND,ALL_APNODES,0,52.01735,126
2021-11-26T19:00:00-00:00,2021-11-26T20:00:00-00:00,2021-11-26,12,0,SLAP_PGSF-APND,SLAP_PGSF-APND,SLAP_PGSF-APND,DAM,LMP,LMP_PRC,SLAP_PGSF-APND,ALL_APNODES,0,44.73926,126
2021-11-26T14:00:00-00:00,2021-11-26T15:00:00-00:00,2021-11-26,7,0,SLAP_PGSF-APND,SLAP_PGSF-APND,SLAP_PGSF-APND,DAM,LMP,LMP_PRC,SLAP_PGSF-APND,ALL_APNODES,0,61.52217,126
2021-11-26T18:00:00-00:00,2021-11-26T19:00:00-00:00,2021-11-26,11,0,SLAP_PGSF-APND,SLAP_PGSF-APND,SLAP_PGSF-APND,DAM,LMP,LMP_PRC,SLAP_PGSF-APND,ALL_APNODES,0,48.54428,126
2021-11-26T22:00:00-00:00,2021-11-26T23:00:00-00:00,2021-11-26,15,0,SLAP_PGSF-APND,SLAP_PGSF-APND,SLAP_PGSF-APND,DAM,LMP,LMP_PRC,SLAP_PGSF-APND,ALL_APNODES,0,40.11282,126
2021-11-27T00:00:00-00:00,2021-11-27T01:00:00-00:00,2021-11-26,17,0,SLAP_PGSF-APND,SLAP_PGSF-APND,SLAP_PGSF-APND,DAM,LMP,LMP_PRC,SLAP_PGSF-APND,ALL_APNODES,0,70.54085,126
2021-11-27T05:00:00-00:00,2021-11-27T06:00:00-00:00,2021-11-26,22,0,SLAP_PGSF-APND,SLAP_PGSF-APND,SLAP_PGSF-APND,DAM,LMP,LMP_PRC,SLAP_PGSF-APND,ALL_APNODES,0,60,126
2021-11-27T06:00:00-00:00,2021-11-27T07:00:00-00:00,2021-11-26,23,0,SLAP_PGSF-APND,SLAP_PGSF-APND,SLAP_PGSF-APND,DAM,LMP,LMP_PRC,SLAP_PGSF-APND,ALL_APNODES,0,58.04589,126
2021-11-26T20:00:00-00:00,2021-11-26T21:00:00-00:00,2021-11-26,13,0,SLAP_PGSF-APND,SLAP_PGSF-APND,SLAP_PGSF-APND,DAM,LMP,LMP_PRC,SLAP_PGSF-APND,ALL_APNODES,0,41.16624,126
2021-11-26T21:00:00-00:00,2021-11-26T22:00:00-00:00,2021-11-26,14,0,SLAP_PGSF-APND,SLAP_PGSF-APND,SLAP_PGSF-APND,DAM,LMP,LMP_PRC,SLAP_PGSF-APND,ALL_APNODES,0,40.76445,126
2021-11-26T08:00:00-00:00,2021-11-26T09:00:00-00:00,2021-11-26,1,0,SLAP_PGSF-APND,SLAP_PGSF-APND,SLAP_PGSF-APND,DAM,LMP,LMP_PRC,SLAP_PGSF-APND,ALL_APNODES,0,52,126
2021-11-26T15:00:00-00:00,2021-11-26T16:00:00-00:00,2021-11-26,8,0,SLAP_PGSF-APND,SLAP_PGSF-APND,SLAP_PGSF-APND,DAM,LMP,LMP_PRC,SLAP_PGSF-APND,ALL_APNODES,0,50.29306,126
2021-11-26T10:00:00-00:00,2021-11-26T11:00:00-00:00,2021-11-26,3,0,SLAP_PGSF-APND,SLAP_PGSF-APND,SLAP_PGSF-APND,DAM,LMP,LMP_PRC,SLAP_PGSF-APND,ALL_APNODES,0,51.68857,126
2021-11-26T11:00:00-00:00,2021-11-26T12:00:00-00:00,2021-11-26,4,0,SLAP_PGSF-APND,SLAP_PGSF-APND,SLAP_PGSF-APND,DAM,LMP,LMP_PRC,SLAP_PGSF-APND,ALL_APNODES,0,51.2542,126
2021-11-26T12:00:00-00:00,2021-11-26T13:00:00-00:00,2021-11-26,5,0,SLAP_PGSF-APND,SLAP_PGSF-APND,SLAP_PGSF-APND,DAM,LMP,LMP_PRC,SLAP_PGSF-APND,ALL_APNODES,0,52.14772,126
2021-11-27T03:00:00-00:00,2021-11-27T04:00:00-00:00,2021-11-26,20,0,SLAP_PGSF-APND,SLAP_PGSF-APND,SLAP_PGSF-APND,DAM,LMP,LMP_PRC,SLAP_PGSF-APND,ALL_APNODES,0,70.24061,126
2021-11-26T09:00:00-00:00,2021-11-26T10:00:00-00:00,2021-11-26,2,0,SLAP_PGSF-APND,SLAP_PGSF-APND,SLAP_PGSF-APND,DAM,LMP,LMP_PRC,SLAP_PGSF-APND,ALL_APNODES,0,50,126
2021-11-26T13:00:00-00:00,2021-11-26T14:00:00-00:00,2021-11-26,6,0,SLAP_PGSF-APND,SLAP_PGSF-APND,SLAP_PGSF-APND,DAM,LMP,LMP_PRC,SLAP_PGSF-APND,ALL_APNODES,0,56.26567,126
2021-11-26T16:00:00-00:00,2021-11-26T17:00:00-00:00,2021-11-26,9,0,SLAP_PGSF-APND,SLAP_PGSF-APND,SLAP_PGSF-APND,DAM,LMP,LMP_PRC,SLAP_PGSF-APND,ALL_APNODES,0,48.25692,126
2021-11-27T02:00:00-00:00,2021-11-27T03:00:00-00:00,2021-11-26,19,0,SLAP_PGSF-APND,SLAP_PGSF-APND,SLAP_PGSF-APND,DAM,LMP,LMP_PRC,SLAP_PGSF-APND,ALL_APNODES,0,72.67009,126
2021-11-27T01:00:00-00:00,2021-11-27T02:00:00-00:00,2021-11-26,18,0,SLAP_PGSF-APND,SLAP_PGSF-APND,SLAP_PGSF-APND,DAM,LMP,LMP_PRC,SLAP_PGSF-APND,ALL_APNODES,0,83.44189,126
2021-11-27T07:00:00-00:00,2021-11-27T08:00:00-00:00,2021-11-26,24,0,SLAP_PGSF-APND,SLAP_PGSF-APND,SLAP_PGSF-APND,DAM,LMP,LMP_PRC,SLAP_PGSF-APND,ALL_APNODES,0,54.40245,126
2021-11-26T18:00:00-00:00,2021-11-26T19:00:00-00:00,2021-11-26,11,0,SLAP_PGSF-APND,SLAP_PGSF-APND,SLAP_PGSF-APND,DAM,MCC,LMP_CONG_PRC,SLAP_PGSF-APND,ALL_APNODES,0,21.55241,127
2021-11-26T19:00:00-00:00,2021-11-26T20:00:00-00:00,2021-11-26,12,0,SLAP_PGSF-APND,SLAP_PGSF-APND,SLAP_PGSF-APND,DAM,MCC,LMP_CONG_PRC,SLAP_PGSF-APND,ALL_APNODES,0,18.0574,127
2021-11-26T12:00:00-00:00,2021-11-26T13:00:00-00:00,2021-11-26,5,0,SLAP_PGSF-APND,SLAP_PGSF-APND,SLAP_PGSF-APND,DAM,MCC,LMP_CONG_PRC,SLAP_PGSF-APND,ALL_APNODES,0,0,127
2021-11-26T09:00:00-00:00,2021-11-26T10:00:00-00:00,2021-11-26,2,0,SLAP_PGSF-APND,SLAP_PGSF-APND,SLAP_PGSF-APND,DAM,MCC,LMP_CONG_PRC,SLAP_PGSF-APND,ALL_APNODES,0,0,127
2021-11-26T14:00:00-00:00,2021-11-26T15:00:00-00:00,2021-11-26,7,0,SLAP_PGSF-APND,SLAP_PGSF-APND,SLAP_PGSF-APND,DAM,MCC,LMP_CONG_PRC,SLAP_PGSF-APND,ALL_APNODES,0,0,127
2021-11-27T05:00:00-00:00,2021-11-27T06:00:00-00:00,2021-11-26,22,0,SLAP_PGSF-APND,SLAP_PGSF-APND,SLAP_PGSF-APND,DAM,MCC,LMP_CONG_PRC,SLAP_PGSF-APND,ALL_APNODES,0,0,127
2021-11-26T11:00:00-00:00,2021-11-26T12:00:00-00:00,2021-11-26,4,0,SLAP_PGSF-APND,SLAP_PGSF-APND,SLAP_PGSF-APND,DAM,MCC,LMP_CONG_PRC,SLAP_PGSF-APND,ALL_APNODES,0,0,127
2021-11-27T06:00:00-00:00,2021-11-27T07:00:00-00:00,2021-11-26,23,0,SLAP_PGSF-APND,SLAP_PGSF-APND,SLAP_PGSF-APND,DAM,MCC,LMP_CONG_PRC,SLAP_PGSF-APND,ALL_APNODES,0,0,127
2021-11-27T04:00:00-00:00,2021-11-27T05:00:00-00:00,2021-11-26,21,0,SLAP_PGSF-APND,SLAP_PGSF-APND,SLAP_PGSF-APND,DAM,MCC,LMP_CONG_PRC,SLAP_PGSF-APND,ALL_APNODES,0,0,127
2021-11-26T10:00:00-00:00,2021-11-26T11:00:00-00:00,2021-11-26,3,0,SLAP_PGSF-APND,SLAP_PGSF-APND,SLAP_PGSF-APND,DAM,MCC,LMP_CONG_PRC,SLAP_PGSF-APND,ALL_APNODES,0,0,127
2021-11-26T22:00:00-00:00,2021-11-26T23:00:00-00:00,2021-11-26,15,0,SLAP_PGSF-APND,SLAP_PGSF-APND,SLAP_PGSF-APND,DAM,MCC,LMP_CONG_PRC,SLAP_PGSF-APND,ALL_APNODES,0,2.4676,127
2021-11-26T17:00:00-00:00,2021-11-26T18:00:00-00:00,2021-11-26,10,0,SLAP_PGSF-APND,SLAP_PGSF-APND,SLAP_PGSF-APND,DAM,MCC,LMP_CONG_PRC,SLAP_PGSF-APND,ALL_APNODES,0,22.28039,127
2021-11-26T16:00:00-00:00,2021-11-26T17:00:00-00:00,2021-11-26,9,0,SLAP_PGSF-APND,SLAP_PGSF-APND,SLAP_PGSF-APND,DAM,MCC,LMP_CONG_PRC,SLAP_PGSF-APND,ALL_APNODES,0,10.89048,127
2021-11-26T15:00:00-00:00,2021-11-26T16:00:00-00:00,2021-11-26,8,0,SLAP_PGSF-APND,SLAP_PGSF-APND,SLAP_PGSF-APND,DAM,MCC,LMP_CONG_PRC,SLAP_PGSF-APND,ALL_APNODES,0,0.12529,127
2021-11-27T01:00:00-00:00,2021-11-27T02:00:00-00:00,2021-11-26,18,0,SLAP_PGSF-APND,SLAP_PGSF-APND,SLAP_PGSF-APND,DAM,MCC,LMP_CONG_PRC,SLAP_PGSF-APND,ALL_APNODES,0,0,127
2021-11-27T07:00:00-00:00,2021-11-27T08:00:00-00:00,2021-11-26,24,0,SLAP_PGSF-APND,SLAP_PGSF-APND,SLAP_PGSF-APND,DAM,MCC,LMP_CONG_PRC,SLAP_PGSF-APND,ALL_APNODES,0,0,127
2021-11-26T08:00:00-00:00,2021-11-26T09:00:00-00:00,2021-11-26,1,0,SLAP_PGSF-APND,SLAP_PGSF-APND,SLAP_PGSF-APND,DAM,MCC,LMP_CONG_PRC,SLAP_PGSF-APND,ALL_APNODES,0,0,127
2021-11-27T00:00:00-00:00,2021-11-27T01:00:00-00:00,2021-11-26,17,0,SLAP_PGSF-APND,SLAP_PGSF-APND,SLAP_PGSF-APND,DAM,MCC,LMP_CONG_PRC,SLAP_PGSF-APND,ALL_APNODES,0,0,127
2021-11-27T03:00:00-00:00,2021-11-27T04:00:00-00:00,2021-11-26,20,0,SLAP_PGSF-APND,SLAP_PGSF-APND,SLAP_PGSF-APND,DAM,MCC,LMP_CONG_PRC,SLAP_PGSF-APND,ALL_APNODES,0,-0.06383,127
2021-11-26T20:00:00-00:00,2021-11-26T21:00:00-00:00,2021-11-26,13,0,SLAP_PGSF-APND,SLAP_PGSF-APND,SLAP_PGSF-APND,DAM,MCC,LMP_CONG_PRC,SLAP_PGSF-APND,ALL_APNODES,0,15.00975,127
2021-11-27T02:00:00-00:00,2021-11-27T03:00:00-00:00,2021-11-26,19,0,SLAP_PGSF-APND,SLAP_PGSF-APND,SLAP_PGSF-APND,DAM,MCC,LMP_CONG_PRC,SLAP_PGSF-APND,ALL_APNODES,0,0,127
2021-11-26T13:00:00-00:00,2021-11-26T14:00:00-00:00,2021-11-26,6,0,SLAP_PGSF-APND,SLAP_PGSF-APND,SLAP_PGSF-APND,DAM,MCC,LMP_CONG_PRC,SLAP_PGSF-APND,ALL_APNODES,0,0,127
2021-11-26T21:00:00-00:00,2021-11-26T22:00:00-00:00,2021-11-26,14,0,SLAP_PGSF-APND,SLAP_PGSF-APND,SLAP_PGSF-APND,DAM,MCC,LMP_CONG_PRC,SLAP_PGSF-APND,ALL_APNODES,0,11.95711,127
2021-11-26T23:00:00-00:00,2021-11-27T00:00:00-00:00,2021-11-26,16,0,SLAP_PGSF-APND,SLAP_PGSF-APND,SLAP_PGSF-APND,DAM,MCC,LMP_CONG_PRC,SLAP_PGSF-APND,ALL_APNODES,0,-0.24553,127
2021-11-27T04:00:00-00:00,2021-11-27T05:00:00-00:00,2021-11-26,21,0,SLAP_PGSF-APND,SLAP_PGSF-APND,SLAP_PGSF-APND,DAM,MCE,LMP_ENE_PRC,SLAP_PGSF-APND,ALL_APNODES,0,64.78098,128
2021-11-27T01:00:00-00:00,2021-11-27T02:00:00-00:00,2021-11-26,18,0,SLAP_PGSF-APND,SLAP_PGSF-APND,SLAP_PGSF-APND,DAM,MCE,LMP_ENE_PRC,SLAP_PGSF-APND,ALL_APNODES,0,79.56698,128
2021-11-27T07:00:00-00:00,2021-11-27T08:00:00-00:00,2021-11-26,24,0,SLAP_PGSF-APND,SLAP_PGSF-APND,SLAP_PGSF-APND,DAM,MCE,LMP_ENE_PRC,SLAP_PGSF-APND,ALL_APNODES,0,52.86411,128
2021-11-27T05:00:00-00:00,2021-11-27T06:00:00-00:00,2021-11-26,22,0,SLAP_PGSF-APND,SLAP_PGSF-APND,SLAP_PGSF-APND,DAM,MCE,LMP_ENE_PRC,SLAP_PGSF-APND,ALL_APNODES,0,60,128
2021-11-26T17:00:00-00:00,2021-11-26T18:00:00-00:00,2021-11-26,10,0,SLAP_PGSF-APND,SLAP_PGSF-APND,SLAP_PGSF-APND,DAM,MCE,LMP_ENE_PRC,SLAP_PGSF-APND,ALL_APNODES,0,27.6932,128
2021-11-26T15:00:00-00:00,2021-11-26T16:00:00-00:00,2021-11-26,8,0,SLAP_PGSF-APND,SLAP_PGSF-APND,SLAP_PGSF-APND,DAM,MCE,LMP_ENE_PRC,SLAP_PGSF-APND,ALL_APNODES,0,50.16777,128
2021-11-26T14:00:00-00:00,2021-11-26T15:00:00-00:00,2021-11-26,7,0,SLAP_PGSF-APND,SLAP_PGSF-APND,SLAP_PGSF-APND,DAM,MCE,LMP_ENE_PRC,SLAP_PGSF-APND,ALL_APNODES,0,59.05939,128
2021-11-26T11:00:00-00:00,2021-11-26T12:00:00-00:00,2021-11-26,4,0,SLAP_PGSF-APND,SLAP_PGSF-APND,SLAP_PGSF-APND,DAM,MCE,LMP_ENE_PRC,SLAP_PGSF-APND,ALL_APNODES,0,49.59284,128
2021-11-26T09:00:00-00:00,2021-11-26T10:00:00-00:00,2021-11-26,2,0,SLAP_PGSF-APND,SLAP_PGSF-APND,SLAP_PGSF-APND,DAM,MCE,LMP_ENE_PRC,SLAP_PGSF-APND,ALL_APNODES,0,50,128
2021-11-26T08:00:00-00:00,2021-11-26T09:00:00-00:00,2021-11-26,1,0,SLAP_PGSF-APND,SLAP_PGSF-APND,SLAP_PGSF-APND,DAM,MCE,LMP_ENE_PRC,SLAP_PGSF-APND,ALL_APNODES,0,52,128
2021-11-26T13:00:00-00:00,2021-11-26T14:00:00-00:00,2021-11-26,6,0,SLAP_PGSF-APND,SLAP_PGSF-APND,SLAP_PGSF-APND,DAM,MCE,LMP_ENE_PRC,SLAP_PGSF-APND,ALL_APNODES,0,54.45241,128
2021-11-26T12:00:00-00:00,2021-11-26T13:00:00-00:00,2021-11-26,5,0,SLAP_PGSF-APND,SLAP_PGSF-APND,SLAP_PGSF-APND,DAM,MCE,LMP_ENE_PRC,SLAP_PGSF-APND,ALL_APNODES,0,50.57484,128
2021-11-26T10:00:00-00:00,2021-11-26T11:00:00-00:00,2021-11-26,3,0,SLAP_PGSF-APND,SLAP_PGSF-APND,SLAP_PGSF-APND,DAM,MCE,LMP_ENE_PRC,SLAP_PGSF-APND,ALL_APNODES,0,49.97928,128
2021-11-27T00:00:00-00:00,2021-11-27T01:00:00-00:00,2021-11-26,17,0,SLAP_PGSF-APND,SLAP_PGSF-APND,SLAP_PGSF-APND,DAM,MCE,LMP_ENE_PRC,SLAP_PGSF-APND,ALL_APNODES,0,67.73656,128
2021-11-26T21:00:00-00:00,2021-11-26T22:00:00-00:00,2021-11-26,14,0,SLAP_PGSF-APND,SLAP_PGSF-APND,SLAP_PGSF-APND,DAM,MCE,LMP_ENE_PRC,SLAP_PGSF-APND,ALL_APNODES,0,26.7776,128
2021-11-26T20:00:00-00:00,2021-11-26T21:00:00-00:00,2021-11-26,13,0,SLAP_PGSF-APND,SLAP_PGSF-APND,SLAP_PGSF-APND,DAM,MCE,LMP_ENE_PRC,SLAP_PGSF-APND,ALL_APNODES,0,24.27066,128
2021-11-26T23:00:00-00:00,2021-11-27T00:00:00-00:00,2021-11-26,16,0,SLAP_PGSF-APND,SLAP_PGSF-APND,SLAP_PGSF-APND,DAM,MCE,LMP_ENE_PRC,SLAP_PGSF-APND,ALL_APNODES,0,52.72591,128
2021-11-26T22:00:00-00:00,2021-11-26T23:00:00-00:00,2021-11-26,15,0,SLAP_PGSF-APND,SLAP_PGSF-APND,SLAP_PGSF-APND,DAM,MCE,LMP_ENE_PRC,SLAP_PGSF-APND,ALL_APNODES,0,37.64522,128
2021-11-26T18:00:00-00:00,2021-11-26T19:00:00-00:00,2021-11-26,11,0,SLAP_PGSF-APND,SLAP_PGSF-APND,SLAP_PGSF-APND,DAM,MCE,LMP_ENE_PRC,SLAP_PGSF-APND,ALL_APNODES,0,25.29224,128
2021-11-26T16:00:00-00:00,2021-11-26T17:00:00-00:00,2021-11-26,9,0,SLAP_PGSF-APND,SLAP_PGSF-APND,SLAP_PGSF-APND,DAM,MCE,LMP_ENE_PRC,SLAP_PGSF-APND,ALL_APNODES,0,34.91538,128
2021-11-27T06:00:00-00:00,2021-11-27T07:00:00-00:00,2021-11-26,23,0,SLAP_PGSF-APND,SLAP_PGSF-APND,SLAP_PGSF-APND,DAM,MCE,LMP_ENE_PRC,SLAP_PGSF-APND,ALL_APNODES,0,56.42097,128
2021-11-26T19:00:00-00:00,2021-11-26T20:00:00-00:00,2021-11-26,12,0,SLAP_PGSF-APND,SLAP_PGSF-APND,SLAP_PGSF-APND,DAM,MCE,LMP_ENE_PRC,SLAP_PGSF-APND,ALL_APNODES,0,24.84344,128
2021-11-27T02:00:00-00:00,2021-11-27T03:00:00-00:00,2021-11-26,19,0,SLAP_PGSF-APND,SLAP_PGSF-APND,SLAP_PGSF-APND,DAM,MCE,LMP_ENE_PRC,SLAP_PGSF-APND,ALL_APNODES,0,68.3375,128
2021-11-27T03:00:00-00:00,2021-11-27T04:00:00-00:00,2021-11-26,20,0,SLAP_PGSF-APND,SLAP_PGSF-APND,SLAP_PGSF-APND,DAM,MCE,LMP_ENE_PRC,SLAP_PGSF-APND,ALL_APNODES,0,67.58093,128
2021-11-26T09:00:00-00:00,2021-11-26T10:00:00-00:00,2021-11-26,2,0,SLAP_PGSF-APND,SLAP_PGSF-APND,SLAP_PGSF-APND,DAM,MCL,LMP_LOSS_PRC,SLAP_PGSF-APND,ALL_APNODES,0,0,129
2021-11-27T05:00:00-00:00,2021-11-27T06:00:00-00:00,2021-11-26,22,0,SLAP_PGSF-APND,SLAP_PGSF-APND,SLAP_PGSF-APND,DAM,MCL,LMP_LOSS_PRC,SLAP_PGSF-APND,ALL_APNODES,0,0,129
2021-11-26T14:00:00-00:00,2021-11-26T15:00:00-00:00,2021-11-26,7,0,SLAP_PGSF-APND,SLAP_PGSF-APND,SLAP_PGSF-APND,DAM,MCL,LMP_LOSS_PRC,SLAP_PGSF-APND,ALL_APNODES,0,2.46278,129
2021-11-26T19:00:00-00:00,2021-11-26T20:00:00-00:00,2021-11-26,12,0,SLAP_PGSF-APND,SLAP_PGSF-APND,SLAP_PGSF-APND,DAM,MCL,LMP_LOSS_PRC,SLAP_PGSF-APND,ALL_APNODES,0,1.83841,129
2021-11-26T23:00:00-00:00,2021-11-27T00:00:00-00:00,2021-11-26,16,0,SLAP_PGSF-APND,SLAP_PGSF-APND,SLAP_PGSF-APND,DAM,MCL,LMP_LOSS_PRC,SLAP_PGSF-APND,ALL_APNODES,0,2.79975,129
2021-11-26T08:00:00-00:00,2021-11-26T09:00:00-00:00,2021-11-26,1,0,SLAP_PGSF-APND,SLAP_PGSF-APND,SLAP_PGSF-APND,DAM,MCL,LMP_LOSS_PRC,SLAP_PGSF-APND,ALL_APNODES,0,0,129
2021-11-26T20:00:00-00:00,2021-11-26T21:00:00-00:00,2021-11-26,13,0,SLAP_PGSF-APND,SLAP_PGSF-APND,SLAP_PGSF-APND,DAM,MCL,LMP_LOSS_PRC,SLAP_PGSF-APND,ALL_APNODES,0,1.88583,129
2021-11-26T21:00:00-00:00,2021-11-26T22:00:00-00:00,2021-11-26,14,0,SLAP_PGSF-APND,SLAP_PGSF-APND,SLAP_PGSF-APND,DAM,MCL,LMP_LOSS_PRC,SLAP_PGSF-APND,ALL_APNODES,0,2.02974,129
2021-11-26T12:00:00-00:00,2021-11-26T13:00:00-00:00,2021-11-26,5,0,SLAP_PGSF-APND,SLAP_PGSF-APND,SLAP_PGSF-APND,DAM,MCL,LMP_LOSS_PRC,SLAP_PGSF-APND,ALL_APNODES,0,1.57288,129
2021-11-27T01:00:00-00:00,2021-11-27T02:00:00-00:00,2021-11-26,18,0,SLAP_PGSF-APND,SLAP_PGSF-APND,SLAP_PGSF-APND,DAM,MCL,LMP_LOSS_PRC,SLAP_PGSF-APND,ALL_APNODES,0,3.87491,129
2021-11-26T18:00:00-00:00,2021-11-26T19:00:00-00:00,2021-11-26,11,0,SLAP_PGSF-APND,SLAP_PGSF-APND,SLAP_PGSF-APND,DAM,MCL,LMP_LOSS_PRC,SLAP_PGSF-APND,ALL_APNODES,0,1.69964,129
2021-11-27T02:00:00-00:00,2021-11-27T03:00:00-00:00,2021-11-26,19,0,SLAP_PGSF-APND,SLAP_PGSF-APND,SLAP_PGSF-APND,DAM,MCL,LMP_LOSS_PRC,SLAP_PGSF-APND,ALL_APNODES,0,4.3326,129
2021-11-27T04:00:00-00:00,2021-11-27T05:00:00-00:00,2021-11-26,21,0,SLAP_PGSF-APND,SLAP_PGSF-APND,SLAP_PGSF-APND,DAM,MCL,LMP_LOSS_PRC,SLAP_PGSF-APND,ALL_APNODES,0,3.66013,129
2021-11-26T17:00:00-00:00,2021-11-26T18:00:00-00:00,2021-11-26,10,0,SLAP_PGSF-APND,SLAP_PGSF-APND,SLAP_PGSF-APND,DAM,MCL,LMP_LOSS_PRC,SLAP_PGSF-APND,ALL_APNODES,0,2.04376,129
2021-11-26T22:00:00-00:00,2021-11-26T23:00:00-00:00,2021-11-26,15,0,SLAP_PGSF-APND,SLAP_PGSF-APND,SLAP_PGSF-APND,DAM,MCL,LMP_LOSS_PRC,SLAP_PGSF-APND,ALL_APNODES,0,0,129
2021-11-27T06:00:00-00:00,2021-11-27T07:00:00-00:00,2021-11-26,23,0,SLAP_PGSF-APND,SLAP_PGSF-APND,SLAP_PGSF-APND,DAM,MCL,LMP_LOSS_PRC,SLAP_PGSF-APND,ALL_APNODES,0,1.62492,129
2021-11-27T07:00:00-00:00,2021-11-27T08:00:00-00:00,2021-11-26,24,0,SLAP_PGSF-APND,SLAP_PGSF-APND,SLAP_PGSF-APND,DAM,MCL,LMP_LOSS_PRC,SLAP_PGSF-APND,ALL_APNODES,0,1.53835,129
2021-11-26T15:00:00-00:00,2021-11-26T16:00:00-00:00,2021-11-26,8,0,SLAP_PGSF-APND,SLAP_PGSF-APND,SLAP_PGSF-APND,DAM,MCL,LMP_LOSS_PRC,SLAP_PGSF-APND,ALL_APNODES,0,0,129
2021-11-27T00:00:00-00:00,2021-11-27T01:00:00-00:00,2021-11-26,17,0,SLAP_PGSF-APND,SLAP_PGSF-APND,SLAP_PGSF-APND,DAM,MCL,LMP_LOSS_PRC,SLAP_PGSF-APND,ALL_APNODES,0,2.80429,129
2021-11-26T16:00:00-00:00,2021-11-26T17:00:00-00:00,2021-11-26,9,0,SLAP_PGSF-APND,SLAP_PGSF-APND,SLAP_PGSF-APND,DAM,MCL,LMP_LOSS_PRC,SLAP_PGSF-APND,ALL_APNODES,0,2.45106,129
2021-11-26T10:00:00-00:00,2021-11-26T11:00:00-00:00,2021-11-26,3,0,SLAP_PGSF-APND,SLAP_PGSF-APND,SLAP_PGSF-APND,DAM,MCL,LMP_LOSS_PRC,SLAP_PGSF-APND,ALL_APNODES,0,1.70929,129
2021-11-27T03:00:00-00:00,2021-11-27T04:00:00-00:00,2021-11-26,20,0,SLAP_PGSF-APND,SLAP_PGSF-APND,SLAP_PGSF-APND,DAM,MCL,LMP_LOSS_PRC,SLAP_PGSF-APND,ALL_APNODES,0,2.72351,129
2021-11-26T11:00:00-00:00,2021-11-26T12:00:00-00:00,2021-11-26,4,0,SLAP_PGSF-APND,SLAP_PGSF-APND,SLAP_PGSF-APND,DAM,MCL,LMP_LOSS_PRC,SLAP_PGSF-APND,ALL_APNODES,0,1.66136,129
2021-11-26T13:00:00-00:00,2021-11-26T14:00:00-00:00,2021-11-26,6,0,SLAP_PGSF-APND,SLAP_PGSF-APND,SLAP_PGSF-APND,DAM,MCL,LMP_LOSS_PRC,SLAP_PGSF-APND,ALL_APNODES,0,1.81327,129
2021-11-26T13:00:00-00:00,2021-11-26T14:00:00-00:00,2021-11-26,6,0,SLAP_PGSF-APND,SLAP_PGSF-APND,SLAP_PGSF-APND,DAM,MGHG,LMP_GHG_PRC,SLAP_PGSF-APND,ALL_APNODES,0,0,130
2021-11-26T19:00:00-00:00,2021-11-26T20:00:00-00:00,2021-11-26,12,0,SLAP_PGSF-APND,SLAP_PGSF-APND,SLAP_PGSF-APND,DAM,MGHG,LMP_GHG_PRC,SLAP_PGSF-APND,ALL_APNODES,0,0,130
2021-11-26T21:00:00-00:00,2021-11-26T22:00:00-00:00,2021-11-26,14,0,SLAP_PGSF-APND,SLAP_PGSF-APND,SLAP_PGSF-APND,DAM,MGHG,LMP_GHG_PRC,SLAP_PGSF-APND,ALL_APNODES,0,0,130
2021-11-27T00:00:00-00:00,2021-11-27T01:00:00-00:00,2021-11-26,17,0,SLAP_PGSF-APND,SLAP_PGSF-APND,SLAP_PGSF-APND,DAM,MGHG,LMP_GHG_PRC,SLAP_PGSF-APND,ALL_APNODES,0,0,130
2021-11-26T11:00:00-00:00,2021-11-26T12:00:00-00:00,2021-11-26,4,0,SLAP_PGSF-APND,SLAP_PGSF-APND,SLAP_PGSF-APND,DAM,MGHG,LMP_GHG_PRC,SLAP_PGSF-APND,ALL_APNODES,0,0,130
2021-11-26T12:00:00-00:00,2021-11-26T13:00:00-00:00,2021-11-26,5,0,SLAP_PGSF-APND,SLAP_PGSF-APND,SLAP_PGSF-APND,DAM,MGHG,LMP_GHG_PRC,SLAP_PGSF-APND,ALL_APNODES,0,0,130
2021-11-26T18:00:00-00:00,2021-11-26T19:00:00-00:00,2021-11-26,11,0,SLAP_PGSF-APND,SLAP_PGSF-APND,SLAP_PGSF-APND,DAM,MGHG,LMP_GHG_PRC,SLAP_PGSF-APND,ALL_APNODES,0,0,130
2021-11-26T10:00:00-00:00,2021-11-26T11:00:00-00:00,2021-11-26,3,0,SLAP_PGSF-APND,SLAP_PGSF-APND,SLAP_PGSF-APND,DAM,MGHG,LMP_GHG_PRC,SLAP_PGSF-APND,ALL_APNODES,0,0,130
2021-11-27T02:00:00-00:00,2021-11-27T03:00:00-00:00,2021-11-26,19,0,SLAP_PGSF-APND,SLAP_PGSF-APND,SLAP_PGSF-APND,DAM,MGHG,LMP_GHG_PRC,SLAP_PGSF-APND,ALL_APNODES,0,0,130
2021-11-26T22:00:00-00:00,2021-11-26T23:00:00-00:00,2021-11-26,15,0,SLAP_PGSF-APND,SLAP_PGSF-APND,SLAP_PGSF-APND,DAM,MGHG,LMP_GHG_PRC,SLAP_PGSF-APND,ALL_APNODES,0,0,130
2021-11-26T23:00:00-00:00,2021-11-27T00:00:00-00:00,2021-11-26,16,0,SLAP_PGSF-APND,SLAP_PGSF-APND,SLAP_PGSF-APND,DAM,MGHG,LMP_GHG_PRC,SLAP_PGSF-APND,ALL_APNODES,0,0,130
2021-11-27T07:00:00-00:00,2021-11-27T08:00:00-00:00,2021-11-26,24,0,SLAP_PGSF-APND,SLAP_PGSF-APND,SLAP_PGSF-APND,DAM,MGHG,LMP_GHG_PRC,SLAP_PGSF-APND,ALL_APNODES,0,0,130
2021-11-26T16:00:00-00:00,2021-11-26T17:00:00-00:00,2021-11-26,9,0,SLAP_PGSF-APND,SLAP_PGSF-APND,SLAP_PGSF-APND,DAM,MGHG,LMP_GHG_PRC,SLAP_PGSF-APND,ALL_APNODES,0,0,130
2021-11-26T17:00:00-00:00,2021-11-26T18:00:00-00:00,2021-11-26,10,0,SLAP_PGSF-APND,SLAP_PGSF-APND,SLAP_PGSF-APND,DAM,MGHG,LMP_GHG_PRC,SLAP_PGSF-APND,ALL_APNODES,0,0,130
2021-11-26T20:00:00-00:00,2021-11-26T21:00:00-00:00,2021-11-26,13,0,SLAP_PGSF-APND,SLAP_PGSF-APND,SLAP_PGSF-APND,DAM,MGHG,LMP_GHG_PRC,SLAP_PGSF-APND,ALL_APNODES,0,0,130
2021-11-26T08:00:00-00:00,2021-11-26T09:00:00-00:00,2021-11-26,1,0,SLAP_PGSF-APND,SLAP_PGSF-APND,SLAP_PGSF-APND,DAM,MGHG,LMP_GHG_PRC,SLAP_PGSF-APND,ALL_APNODES,0,0,130
2021-11-27T03:00:00-00:00,2021-11-27T04:00:00-00:00,2021-11-26,20,0,SLAP_PGSF-APND,SLAP_PGSF-APND,SLAP_PGSF-APND,DAM,MGHG,LMP_GHG_PRC,SLAP_PGSF-APND,ALL_APNODES,0,0,130
2021-11-26T09:00:00-00:00,2021-11-26T10:00:00-00:00,2021-11-26,2,0,SLAP_PGSF-APND,SLAP_PGSF-APND,SLAP_PGSF-APND,DAM,MGHG,LMP_GHG_PRC,SLAP_PGSF-APND,ALL_APNODES,0,0,130
2021-11-27T04:00:00-00:00,2021-11-27T05:00:00-00:00,2021-11-26,21,0,SLAP_PGSF-APND,SLAP_PGSF-APND,SLAP_PGSF-APND,DAM,MGHG,LMP_GHG_PRC,SLAP_PGSF-APND,ALL_APNODES,0,0,130
2021-11-27T05:00:00-00:00,2021-11-27T06:00:00-00:00,2021-11-26,22,0,SLAP_PGSF-APND,SLAP_PGSF-APND,SLAP_PGSF-APND,DAM,MGHG,LMP_GHG_PRC,SLAP_PGSF-APND,ALL_APNODES,0,0,130
2021-11-27T06:00:00-00:00,2021-11-27T07:00:00-00:00,2021-11-26,23,0,SLAP_PGSF-APND,SLAP_PGSF-APND,SLAP_PGSF-APND,DAM,MGHG,LMP_GHG_PRC,SLAP_PGSF-APND,ALL_APNODES,0,0,130
2021-11-26T15:00:00-00:00,2021-11-26T16:00:00-00:00,2021-11-26,8,0,SLAP_PGSF-APND,SLAP_PGSF-APND,SLAP_PGSF-APND,DAM,MGHG,LMP_GHG_PRC,SLAP_PGSF-APND,ALL_APNODES,0,0,130
2021-11-27T01:00:00-00:00,2021-11-27T02:00:00-00:00,2021-11-26,18,0,SLAP_PGSF-APND,SLAP_PGSF-APND,SLAP_PGSF-APND,DAM,MGHG,LMP_GHG_PRC,SLAP_PGSF-APND,ALL_APNODES,0,0,130
2021-11-26T14:00:00-00:00,2021-11-26T15:00:00-00:00,2021-11-26,7,0,SLAP_PGSF-APND,SLAP_PGSF-APND,SLAP_PGSF-APND,DAM,MGHG,LMP_GHG_PRC,SLAP_PGSF-APND,ALL_APNODES,0,0,130
2021-11-27T14:00:00-00:00,2021-11-27T15:00:00-00:00,2021-11-27,7,0,SLAP_PGSF-APND,SLAP_PGSF-APND,SLAP_PGSF-APND,DAM,LMP,LMP_PRC,SLAP_PGSF-APND,ALL_APNODES,0,58.83409,131
2021-11-27T10:00:00-00:00,2021-11-27T11:00:00-00:00,2021-11-27,3,0,SLAP_PGSF-APND,SLAP_PGSF-APND,SLAP_PGSF-APND,DAM,LMP,LMP_PRC,SLAP_PGSF-APND,ALL_APNODES,0,53.18801,131
2021-11-27T08:00:00-00:00,2021-11-27T09:00:00-00:00,2021-11-27,1,0,SLAP_PGSF-APND,SLAP_PGSF-APND,SLAP_PGSF-APND,DAM,LMP,LMP_PRC,SLAP_PGSF-APND,ALL_APNODES,0,53.67187,131
2021-11-27T20:00:00-00:00,2021-11-27T21:00:00-00:00,2021-11-27,13,0,SLAP_PGSF-APND,SLAP_PGSF-APND,SLAP_PGSF-APND,DAM,LMP,LMP_PRC,SLAP_PGSF-APND,ALL_APNODES,0,32.18679,131
2021-11-27T18:00:00-00:00,2021-11-27T19:00:00-00:00,2021-11-27,11,0,SLAP_PGSF-APND,SLAP_PGSF-APND,SLAP_PGSF-APND,DAM,LMP,LMP_PRC,SLAP_PGSF-APND,ALL_APNODES,0,39.99949,131
2021-11-28T07:00:00-00:00,2021-11-28T08:00:00-00:00,2021-11-27,24,0,SLAP_PGSF-APND,SLAP_PGSF-APND,SLAP_PGSF-APND,DAM,LMP,LMP_PRC,SLAP_PGSF-APND,ALL_APNODES,0,55.56272,131
2021-11-27T23:00:00-00:00,2021-11-28T00:00:00-00:00,2021-11-27,16,0,SLAP_PGSF-APND,SLAP_PGSF-APND,SLAP_PGSF-APND,DAM,LMP,LMP_PRC,SLAP_PGSF-APND,ALL_APNODES,0,54.18989,131
2021-11-27T13:00:00-00:00,2021-11-27T14:00:00-00:00,2021-11-27,6,0,SLAP_PGSF-APND,SLAP_PGSF-APND,SLAP_PGSF-APND,DAM,LMP,LMP_PRC,SLAP_PGSF-APND,ALL_APNODES,0,58.63397,131
2021-11-28T06:00:00-00:00,2021-11-28T07:00:00-00:00,2021-11-27,23,0,SLAP_PGSF-APND,SLAP_PGSF-APND,SLAP_PGSF-APND,DAM,LMP,LMP_PRC,SLAP_PGSF-APND,ALL_APNODES,0,58.64846,131
2021-11-28T03:00:00-00:00,2021-11-28T04:00:00-00:00,2021-11-27,20,0,SLAP_PGSF-APND,SLAP_PGSF-APND,SLAP_PGSF-APND,DAM,LMP,LMP_PRC,SLAP_PGSF-APND,ALL_APNODES,0,65.27814,131
2021-11-28T02:00:00-00:00,2021-11-28T03:00:00-00:00,2021-11-27,19,0,SLAP_PGSF-APND,SLAP_PGSF-APND,SLAP_PGSF-APND,DAM,LMP,LMP_PRC,SLAP_PGSF-APND,ALL_APNODES,0,67.73342,131
2021-11-27T12:00:00-00:00,2021-11-27T13:00:00-00:00,2021-11-27,5,0,SLAP_PGSF-APND,SLAP_PGSF-APND,SLAP_PGSF-APND,DAM,LMP,LMP_PRC,SLAP_PGSF-APND,ALL_APNODES,0,53.25384,131
2021-11-27T11:00:00-00:00,2021-11-27T12:00:00-00:00,2021-11-27,4,0,SLAP_PGSF-APND,SLAP_PGSF-APND,SLAP_PGSF-APND,DAM,LMP,LMP_PRC,SLAP_PGSF-APND,ALL_APNODES,0,53.08575,131
2021-11-27T09:00:00-00:00,2021-11-27T10:00:00-00:00,2021-11-27,2,0,SLAP_PGSF-APND,SLAP_PGSF-APND,SLAP_PGSF-APND,DAM,LMP,LMP_PRC,SLAP_PGSF-APND,ALL_APNODES,0,53.11225,131
2021-11-27T21:00:00-00:00,2021-11-27T22:00:00-00:00,2021-11-27,14,0,SLAP_PGSF-APND,SLAP_PGSF-APND,SLAP_PGSF-APND,DAM,LMP,LMP_PRC,SLAP_PGSF-APND,ALL_APNODES,0,32.74086,131
2021-11-27T15:00:00-00:00,2021-11-27T16:00:00-00:00,2021-11-27,8,0,SLAP_PGSF-APND,SLAP_PGSF-APND,SLAP_PGSF-APND,DAM,LMP,LMP_PRC,SLAP_PGSF-APND,ALL_APNODES,0,56.31741,131
2021-11-28T00:00:00-00:00,2021-11-28T01:00:00-00:00,2021-11-27,17,0,SLAP_PGSF-APND,SLAP_PGSF-APND,SLAP_PGSF-APND,DAM,LMP,LMP_PRC,SLAP_PGSF-APND,ALL_APNODES,0,69.60666,131
2021-11-27T19:00:00-00:00,2021-11-27T20:00:00-00:00,2021-11-27,12,0,SLAP_PGSF-APND,SLAP_PGSF-APND,SLAP_PGSF-APND,DAM,LMP,LMP_PRC,SLAP_PGSF-APND,ALL_APNODES,0,34.6962,131
2021-11-28T05:00:00-00:00,2021-11-28T06:00:00-00:00,2021-11-27,22,0,SLAP_PGSF-APND,SLAP_PGSF-APND,SLAP_PGSF-APND,DAM,LMP,LMP_PRC,SLAP_PGSF-APND,ALL_APNODES,0,60.39418,131
2021-11-28T01:00:00-00:00,2021-11-28T02:00:00-00:00,2021-11-27,18,0,SLAP_PGSF-APND,SLAP_PGSF-APND,SLAP_PGSF-APND,DAM,LMP,LMP_PRC,SLAP_PGSF-APND,ALL_APNODES,0,76.72692,131
2021-11-27T22:00:00-00:00,2021-11-27T23:00:00-00:00,2021-11-27,15,0,SLAP_PGSF-APND,SLAP_PGSF-APND,SLAP_PGSF-APND,DAM,LMP,LMP_PRC,SLAP_PGSF-APND,ALL_APNODES,0,42.71133,131
2021-11-27T17:00:00-00:00,2021-11-27T18:00:00-00:00,2021-11-27,10,0,SLAP_PGSF-APND,SLAP_PGSF-APND,SLAP_PGSF-APND,DAM,LMP,LMP_PRC,SLAP_PGSF-APND,ALL_APNODES,0,41.54499,131
2021-11-28T04:00:00-00:00,2021-11-28T05:00:00-00:00,2021-11-27,21,0,SLAP_PGSF-APND,SLAP_PGSF-APND,SLAP_PGSF-APND,DAM,LMP,LMP_PRC,SLAP_PGSF-APND,ALL_APNODES,0,64.38678,131
2021-11-27T16:00:00-00:00,2021-11-27T17:00:00-00:00,2021-11-27,9,0,SLAP_PGSF-APND,SLAP_PGSF-APND,SLAP_PGSF-APND,DAM,LMP,LMP_PRC,SLAP_PGSF-APND,ALL_APNODES,0,44.56459,131
2021-11-27T16:00:00-00:00,2021-11-27T17:00:00-00:00,2021-11-27,9,0,SLAP_PGSF-APND,SLAP_PGSF-APND,SLAP_PGSF-APND,DAM,MCC,LMP_CONG_PRC,SLAP_PGSF-APND,ALL_APNODES,0,7.09586,132
2021-11-28T05:00:00-00:00,2021-11-28T06:00:00-00:00,2021-11-27,22,0,SLAP_PGSF-APND,SLAP_PGSF-APND,SLAP_PGSF-APND,DAM,MCC,LMP_CONG_PRC,SLAP_PGSF-APND,ALL_APNODES,0,0,132
2021-11-27T17:00:00-00:00,2021-11-27T18:00:00-00:00,2021-11-27,10,0,SLAP_PGSF-APND,SLAP_PGSF-APND,SLAP_PGSF-APND,DAM,MCC,LMP_CONG_PRC,SLAP_PGSF-APND,ALL_APNODES,0,17.62496,132
2021-11-27T15:00:00-00:00,2021-11-27T16:00:00-00:00,2021-11-27,8,0,SLAP_PGSF-APND,SLAP_PGSF-APND,SLAP_PGSF-APND,DAM,MCC,LMP_CONG_PRC,SLAP_PGSF-APND,ALL_APNODES,0,0,132
2021-11-28T06:00:00-00:00,2021-11-28T07:00:00-00:00,2021-11-27,23,0,SLAP_PGSF-APND,SLAP_PGSF-APND,SLAP_PGSF-APND,DAM,MCC,LMP_CONG_PRC,SLAP_PGSF-APND,ALL_APNODES,0,0,132
2021-11-27T11:00:00-00:00,2021-11-27T12:00:00-00:00,2021-11-27,4,0,SLAP_PGSF-APND,SLAP_PGSF-APND,SLAP_PGSF-APND,DAM,MCC,LMP_CONG_PRC,SLAP_PGSF-APND,ALL_APNODES,0,0,132
2021-11-28T02:00:00-00:00,2021-11-28T03:00:00-00:00,2021-11-27,19,0,SLAP_PGSF-APND,SLAP_PGSF-APND,SLAP_PGSF-APND,DAM,MCC,LMP_CONG_PRC,SLAP_PGSF-APND,ALL_APNODES,0,0,132
2021-11-28T01:00:00-00:00,2021-11-28T02:00:00-00:00,2021-11-27,18,0,SLAP_PGSF-APND,SLAP_PGSF-APND,SLAP_PGSF-APND,DAM,MCC,LMP_CONG_PRC,SLAP_PGSF-APND,ALL_APNODES,0,0,132
2021-11-27T09:00:00-00:00,2021-11-27T10:00:00-00:00,2021-11-27,2,0,SLAP_PGSF-APND,SLAP_PGSF-APND,SLAP_PGSF-APND,DAM,MCC,LMP_CONG_PRC,SLAP_PGSF-APND,ALL_APNODES,0,0,132
2021-11-27T22:00:00-00:00,2021-11-27T23:00:00-00:00,2021-11-27,15,0,SLAP_PGSF-APND,SLAP_PGSF-APND,SLAP_PGSF-APND,DAM,MCC,LMP_CONG_PRC,SLAP_PGSF-APND,ALL_APNODES,0,10.35638,132
2021-11-28T07:00:00-00:00,2021-11-28T08:00:00-00:00,2021-11-27,24,0,SLAP_PGSF-APND,SLAP_PGSF-APND,SLAP_PGSF-APND,DAM,MCC,LMP_CONG_PRC,SLAP_PGSF-APND,ALL_APNODES,0,0,132
2021-11-27T14:00:00-00:00,2021-11-27T15:00:00-00:00,2021-11-27,7,0,SLAP_PGSF-APND,SLAP_PGSF-APND,SLAP_PGSF-APND,DAM,MCC,LMP_CONG_PRC,SLAP_PGSF-APND,ALL_APNODES,0,0,132
2021-11-27T08:00:00-00:00,2021-11-27T09:00:00-00:00,2021-11-27,1,0,SLAP_PGSF-APND,SLAP_PGSF-APND,SLAP_PGSF-APND,DAM,MCC,LMP_CONG_PRC,SLAP_PGSF-APND,ALL_APNODES,0,0,132
2021-11-27T13:00:00-00:00,2021-11-27T14:00:00-00:00,2021-11-27,6,0,SLAP_PGSF-APND,SLAP_PGSF-APND,SLAP_PGSF-APND,DAM,MCC,LMP_CONG_PRC,SLAP_PGSF-APND,ALL_APNODES,0,0,132
2021-11-27T20:00:00-00:00,2021-11-27T21:00:00-00:00,2021-11-27,13,0,SLAP_PGSF-APND,SLAP_PGSF-APND,SLAP_PGSF-APND,DAM,MCC,LMP_CONG_PRC,SLAP_PGSF-APND,ALL_APNODES,0,14.10711,132
2021-11-28T00:00:00-00:00,2021-11-28T01:00:00-00:00,2021-11-27,17,0,SLAP_PGSF-APND,SLAP_PGSF-APND,SLAP_PGSF-APND,DAM,MCC,LMP_CONG_PRC,SLAP_PGSF-APND,ALL_APNODES,0,0.68248,132
2021-11-28T04:00:00-00:00,2021-11-28T05:00:00-00:00,2021-11-27,21,0,SLAP_PGSF-APND,SLAP_PGSF-APND,SLAP_PGSF-APND,DAM,MCC,LMP_CONG_PRC,SLAP_PGSF-APND,ALL_APNODES,0,0,132
2021-11-27T23:00:00-00:00,2021-11-28T00:00:00-00:00,2021-11-27,16,0,SLAP_PGSF-APND,SLAP_PGSF-APND,SLAP_PGSF-APND,DAM,MCC,LMP_CONG_PRC,SLAP_PGSF-APND,ALL_APNODES,0,0,132
2021-11-27T10:00:00-00:00,2021-11-27T11:00:00-00:00,2021-11-27,3,0,SLAP_PGSF-APND,SLAP_PGSF-APND,SLAP_PGSF-APND,DAM,MCC,LMP_CONG_PRC,SLAP_PGSF-APND,ALL_APNODES,0,0,132
2021-11-27T21:00:00-00:00,2021-11-27T22:00:00-00:00,2021-11-27,14,0,SLAP_PGSF-APND,SLAP_PGSF-APND,SLAP_PGSF-APND,DAM,MCC,LMP_CONG_PRC,SLAP_PGSF-APND,ALL_APNODES,0,11.16959,132
2021-11-27T19:00:00-00:00,2021-11-27T20:00:00-00:00,2021-11-27,12,0,SLAP_PGSF-APND,SLAP_PGSF-APND,SLAP_PGSF-APND,DAM,MCC,LMP_CONG_PRC,SLAP_PGSF-APND,ALL_APNODES,0,14.63446,132
2021-11-27T18:00:00-00:00,2021-11-27T19:00:00-00:00,2021-11-27,11,0,SLAP_PGSF-APND,SLAP_PGSF-APND,SLAP_PGSF-APND,DAM,MCC,LMP_CONG_PRC,SLAP_PGSF-APND,ALL_APNODES,0,18.3718,132
2021-11-27T12:00:00-00:00,2021-11-27T13:00:00-00:00,2021-11-27,5,0,SLAP_PGSF-APND,SLAP_PGSF-APND,SLAP_PGSF-APND,DAM,MCC,LMP_CONG_PRC,SLAP_PGSF-APND,ALL_APNODES,0,0,132
2021-11-28T03:00:00-00:00,2021-11-28T04:00:00-00:00,2021-11-27,20,0,SLAP_PGSF-APND,SLAP_PGSF-APND,SLAP_PGSF-APND,DAM,MCC,LMP_CONG_PRC,SLAP_PGSF-APND,ALL_APNODES,0,0,132
2021-11-27T12:00:00-00:00,2021-11-27T13:00:00-00:00,2021-11-27,5,0,SLAP_PGSF-APND,SLAP_PGSF-APND,SLAP_PGSF-APND,DAM,MCE,LMP_ENE_PRC,SLAP_PGSF-APND,ALL_APNODES,0,51.31911,133
2021-11-28T02:00:00-00:00,2021-11-28T03:00:00-00:00,2021-11-27,19,0,SLAP_PGSF-APND,SLAP_PGSF-APND,SLAP_PGSF-APND,DAM,MCE,LMP_ENE_PRC,SLAP_PGSF-APND,ALL_APNODES,0,65.05322,133
2021-11-28T06:00:00-00:00,2021-11-28T07:00:00-00:00,2021-11-27,23,0,SLAP_PGSF-APND,SLAP_PGSF-APND,SLAP_PGSF-APND,DAM,MCE,LMP_ENE_PRC,SLAP_PGSF-APND,ALL_APNODES,0,56.44159,133
2021-11-27T08:00:00-00:00,2021-11-27T09:00:00-00:00,2021-11-27,1,0,SLAP_PGSF-APND,SLAP_PGSF-APND,SLAP_PGSF-APND,DAM,MCE,LMP_ENE_PRC,SLAP_PGSF-APND,ALL_APNODES,0,51.70202,133
2021-11-27T11:00:00-00:00,2021-11-27T12:00:00-00:00,2021-11-27,4,0,SLAP_PGSF-APND,SLAP_PGSF-APND,SLAP_PGSF-APND,DAM,MCE,LMP_ENE_PRC,SLAP_PGSF-APND,ALL_APNODES,0,51.1128,133
2021-11-27T13:00:00-00:00,2021-11-27T14:00:00-00:00,2021-11-27,6,0,SLAP_PGSF-APND,SLAP_PGSF-APND,SLAP_PGSF-APND,DAM,MCE,LMP_ENE_PRC,SLAP_PGSF-APND,ALL_APNODES,0,56.49289,133
2021-11-27T17:00:00-00:00,2021-11-27T18:00:00-00:00,2021-11-27,10,0,SLAP_PGSF-APND,SLAP_PGSF-APND,SLAP_PGSF-APND,DAM,MCE,LMP_ENE_PRC,SLAP_PGSF-APND,ALL_APNODES,0,22.25119,133
2021-11-28T01:00:00-00:00,2021-11-28T02:00:00-00:00,2021-11-27,18,0,SLAP_PGSF-APND,SLAP_PGSF-APND,SLAP_PGSF-APND,DAM,MCE,LMP_ENE_PRC,SLAP_PGSF-APND,ALL_APNODES,0,73.91803,133
2021-11-27T16:00:00-00:00,2021-11-27T17:00:00-00:00,2021-11-27,9,0,SLAP_PGSF-APND,SLAP_PGSF-APND,SLAP_PGSF-APND,DAM,MCE,LMP_ENE_PRC,SLAP_PGSF-APND,ALL_APNODES,0,35.02406,133
2021-11-27T23:00:00-00:00,2021-11-28T00:00:00-00:00,2021-11-27,16,0,SLAP_PGSF-APND,SLAP_PGSF-APND,SLAP_PGSF-APND,DAM,MCE,LMP_ENE_PRC,SLAP_PGSF-APND,ALL_APNODES,0,51.59959,133
2021-11-27T10:00:00-00:00,2021-11-27T11:00:00-00:00,2021-11-27,3,0,SLAP_PGSF-APND,SLAP_PGSF-APND,SLAP_PGSF-APND,DAM,MCE,LMP_ENE_PRC,SLAP_PGSF-APND,ALL_APNODES,0,51.17184,133
2021-11-28T07:00:00-00:00,2021-11-28T08:00:00-00:00,2021-11-27,24,0,SLAP_PGSF-APND,SLAP_PGSF-APND,SLAP_PGSF-APND,DAM,MCE,LMP_ENE_PRC,SLAP_PGSF-APND,ALL_APNODES,0,53.77732,133
2021-11-27T15:00:00-00:00,2021-11-27T16:00:00-00:00,2021-11-27,8,0,SLAP_PGSF-APND,SLAP_PGSF-APND,SLAP_PGSF-APND,DAM,MCE,LMP_ENE_PRC,SLAP_PGSF-APND,ALL_APNODES,0,53.39662,133
2021-11-27T18:00:00-00:00,2021-11-27T19:00:00-00:00,2021-11-27,11,0,SLAP_PGSF-APND,SLAP_PGSF-APND,SLAP_PGSF-APND,DAM,MCE,LMP_ENE_PRC,SLAP_PGSF-APND,ALL_APNODES,0,20.30959,133
2021-11-28T00:00:00-00:00,2021-11-28T01:00:00-00:00,2021-11-27,17,0,SLAP_PGSF-APND,SLAP_PGSF-APND,SLAP_PGSF-APND,DAM,MCE,LMP_ENE_PRC,SLAP_PGSF-APND,ALL_APNODES,0,66.15239,133
2021-11-28T04:00:00-00:00,2021-11-28T05:00:00-00:00,2021-11-27,21,0,SLAP_PGSF-APND,SLAP_PGSF-APND,SLAP_PGSF-APND,DAM,MCE,LMP_ENE_PRC,SLAP_PGSF-APND,ALL_APNODES,0,61.94014,133
2021-11-27T19:00:00-00:00,2021-11-27T20:00:00-00:00,2021-11-27,12,0,SLAP_PGSF-APND,SLAP_PGSF-APND,SLAP_PGSF-APND,DAM,MCE,LMP_ENE_PRC,SLAP_PGSF-APND,ALL_APNODES,0,18.70732,133
2021-11-27T21:00:00-00:00,2021-11-27T22:00:00-00:00,2021-11-27,14,0,SLAP_PGSF-APND,SLAP_PGSF-APND,SLAP_PGSF-APND,DAM,MCE,LMP_ENE_PRC,SLAP_PGSF-APND,ALL_APNODES,0,20.17704,133
2021-11-27T22:00:00-00:00,2021-11-27T23:00:00-00:00,2021-11-27,15,0,SLAP_PGSF-APND,SLAP_PGSF-APND,SLAP_PGSF-APND,DAM,MCE,LMP_ENE_PRC,SLAP_PGSF-APND,ALL_APNODES,0,30.22979,133
2021-11-28T03:00:00-00:00,2021-11-28T04:00:00-00:00,2021-11-27,20,0,SLAP_PGSF-APND,SLAP_PGSF-APND,SLAP_PGSF-APND,DAM,MCE,LMP_ENE_PRC,SLAP_PGSF-APND,ALL_APNODES,0,62.71317,133
2021-11-28T05:00:00-00:00,2021-11-28T06:00:00-00:00,2021-11-27,22,0,SLAP_PGSF-APND,SLAP_PGSF-APND,SLAP_PGSF-APND,DAM,MCE,LMP_ENE_PRC,SLAP_PGSF-APND,ALL_APNODES,0,58.48749,133
2021-11-27T14:00:00-00:00,2021-11-27T15:00:00-00:00,2021-11-27,7,0,SLAP_PGSF-APND,SLAP_PGSF-APND,SLAP_PGSF-APND,DAM,MCE,LMP_ENE_PRC,SLAP_PGSF-APND,ALL_APNODES,0,56.77323,133
2021-11-27T20:00:00-00:00,2021-11-27T21:00:00-00:00,2021-11-27,13,0,SLAP_PGSF-APND,SLAP_PGSF-APND,SLAP_PGSF-APND,DAM,MCE,LMP_ENE_PRC,SLAP_PGSF-APND,ALL_APNODES,0,16.87639,133
2021-11-27T09:00:00-00:00,2021-11-27T10:00:00-00:00,2021-11-27,2,0,SLAP_PGSF-APND,SLAP_PGSF-APND,SLAP_PGSF-APND,DAM,MCE,LMP_ENE_PRC,SLAP_PGSF-APND,ALL_APNODES,0,51.19747,133
2021-11-27T22:00:00-00:00,2021-11-27T23:00:00-00:00,2021-11-27,15,0,SLAP_PGSF-APND,SLAP_PGSF-APND,SLAP_PGSF-APND,DAM,MCL,LMP_LOSS_PRC,SLAP_PGSF-APND,ALL_APNODES,0,2.12515,134
2021-11-27T08:00:00-00:00,2021-11-27T09:00:00-00:00,2021-11-27,1,0,SLAP_PGSF-APND,SLAP_PGSF-APND,SLAP_PGSF-APND,DAM,MCL,LMP_LOSS_PRC,SLAP_PGSF-APND,ALL_APNODES,0,1.96985,134
2021-11-27T18:00:00-00:00,2021-11-27T19:00:00-00:00,2021-11-27,11,0,SLAP_PGSF-APND,SLAP_PGSF-APND,SLAP_PGSF-APND,DAM,MCL,LMP_LOSS_PRC,SLAP_PGSF-APND,ALL_APNODES,0,1.31809,134
2021-11-28T01:00:00-00:00,2021-11-28T02:00:00-00:00,2021-11-27,18,0,SLAP_PGSF-APND,SLAP_PGSF-APND,SLAP_PGSF-APND,DAM,MCL,LMP_LOSS_PRC,SLAP_PGSF-APND,ALL_APNODES,0,2.80889,134
2021-11-28T06:00:00-00:00,2021-11-28T07:00:00-00:00,2021-11-27,23,0,SLAP_PGSF-APND,SLAP_PGSF-APND,SLAP_PGSF-APND,DAM,MCL,LMP_LOSS_PRC,SLAP_PGSF-APND,ALL_APNODES,0,2.20687,134
2021-11-27T14:00:00-00:00,2021-11-27T15:00:00-00:00,2021-11-27,7,0,SLAP_PGSF-APND,SLAP_PGSF-APND,SLAP_PGSF-APND,DAM,MCL,LMP_LOSS_PRC,SLAP_PGSF-APND,ALL_APNODES,0,2.06087,134
2021-11-28T05:00:00-00:00,2021-11-28T06:00:00-00:00,2021-11-27,22,0,SLAP_PGSF-APND,SLAP_PGSF-APND,SLAP_PGSF-APND,DAM,MCL,LMP_LOSS_PRC,SLAP_PGSF-APND,ALL_APNODES,0,1.90669,134
2021-11-28T04:00:00-00:00,2021-11-28T05:00:00-00:00,2021-11-27,21,0,SLAP_PGSF-APND,SLAP_PGSF-APND,SLAP_PGSF-APND,DAM,MCL,LMP_LOSS_PRC,SLAP_PGSF-APND,ALL_APNODES,0,2.44664,134
2021-11-27T20:00:00-00:00,2021-11-27T21:00:00-00:00,2021-11-27,13,0,SLAP_PGSF-APND,SLAP_PGSF-APND,SLAP_PGSF-APND,DAM,MCL,LMP_LOSS_PRC,SLAP_PGSF-APND,ALL_APNODES,0,1.20329,134
2021-11-27T19:00:00-00:00,2021-11-27T20:00:00-00:00,2021-11-27,12,0,SLAP_PGSF-APND,SLAP_PGSF-APND,SLAP_PGSF-APND,DAM,MCL,LMP_LOSS_PRC,SLAP_PGSF-APND,ALL_APNODES,0,1.35441,134
2021-11-28T03:00:00-00:00,2021-11-28T04:00:00-00:00,2021-11-27,20,0,SLAP_PGSF-APND,SLAP_PGSF-APND,SLAP_PGSF-APND,DAM,MCL,LMP_LOSS_PRC,SLAP_PGSF-APND,ALL_APNODES,0,2.56497,134
2021-11-27T12:00:00-00:00,2021-11-27T13:00:00-00:00,2021-11-27,5,0,SLAP_PGSF-APND,SLAP_PGSF-APND,SLAP_PGSF-APND,DAM,MCL,LMP_LOSS_PRC,SLAP_PGSF-APND,ALL_APNODES,0,1.93473,134
2021-11-27T10:00:00-00:00,2021-11-27T11:00:00-00:00,2021-11-27,3,0,SLAP_PGSF-APND,SLAP_PGSF-APND,SLAP_PGSF-APND,DAM,MCL,LMP_LOSS_PRC,SLAP_PGSF-APND,ALL_APNODES,0,2.01617,134
2021-11-27T21:00:00-00:00,2021-11-27T22:00:00-00:00,2021-11-27,14,0,SLAP_PGSF-APND,SLAP_PGSF-APND,SLAP_PGSF-APND,DAM,MCL,LMP_LOSS_PRC,SLAP_PGSF-APND,ALL_APNODES,0,1.39423,134
2021-11-28T02:00:00-00:00,2021-11-28T03:00:00-00:00,2021-11-27,19,0,SLAP_PGSF-APND,SLAP_PGSF-APND,SLAP_PGSF-APND,DAM,MCL,LMP_LOSS_PRC,SLAP_PGSF-APND,ALL_APNODES,0,2.68019,134
2021-11-27T11:00:00-00:00,2021-11-27T12:00:00-00:00,2021-11-27,4,0,SLAP_PGSF-APND,SLAP_PGSF-APND,SLAP_PGSF-APND,DAM,MCL,LMP_LOSS_PRC,SLAP_PGSF-APND,ALL_APNODES,0,1.97295,134
2021-11-27T16:00:00-00:00,2021-11-27T17:00:00-00:00,2021-11-27,9,0,SLAP_PGSF-APND,SLAP_PGSF-APND,SLAP_PGSF-APND,DAM,MCL,LMP_LOSS_PRC,SLAP_PGSF-APND,ALL_APNODES,0,2.44468,134
2021-11-27T23:00:00-00:00,2021-11-28T00:00:00-00:00,2021-11-27,16,0,SLAP_PGSF-APND,SLAP_PGSF-APND,SLAP_PGSF-APND,DAM,MCL,LMP_LOSS_PRC,SLAP_PGSF-APND,ALL_APNODES,0,2.5903,134
2021-11-27T13:00:00-00:00,2021-11-27T14:00:00-00:00,2021-11-27,6,0,SLAP_PGSF-APND,SLAP_PGSF-APND,SLAP_PGSF-APND,DAM,MCL,LMP_LOSS_PRC,SLAP_PGSF-APND,ALL_APNODES,0,2.14108,134
2021-11-28T07:00:00-00:00,2021-11-28T08:00:00-00:00,2021-11-27,24,0,SLAP_PGSF-APND,SLAP_PGSF-APND,SLAP_PGSF-APND,DAM,MCL,LMP_LOSS_PRC,SLAP_PGSF-APND,ALL_APNODES,0,1.78541,134
2021-11-27T17:00:00-00:00,2021-11-27T18:00:00-00:00,2021-11-27,10,0,SLAP_PGSF-APND,SLAP_PGSF-APND,SLAP_PGSF-APND,DAM,MCL,LMP_LOSS_PRC,SLAP_PGSF-APND,ALL_APNODES,0,1.66884,134
2021-11-27T15:00:00-00:00,2021-11-27T16:00:00-00:00,2021-11-27,8,0,SLAP_PGSF-APND,SLAP_PGSF-APND,SLAP_PGSF-APND,DAM,MCL,LMP_LOSS_PRC,SLAP_PGSF-APND,ALL_APNODES,0,2.9208,134
2021-11-27T09:00:00-00:00,2021-11-27T10:00:00-00:00,2021-11-27,2,0,SLAP_PGSF-APND,SLAP_PGSF-APND,SLAP_PGSF-APND,DAM,MCL,LMP_LOSS_PRC,SLAP_PGSF-APND,ALL_APNODES,0,1.91479,134
2021-11-28T00:00:00-00:00,2021-11-28T01:00:00-00:00,2021-11-27,17,0,SLAP_PGSF-APND,SLAP_PGSF-APND,SLAP_PGSF-APND,DAM,MCL,LMP_LOSS_PRC,SLAP_PGSF-APND,ALL_APNODES,0,2.77179,134
2021-11-27T20:00:00-00:00,2021-11-27T21:00:00-00:00,2021-11-27,13,0,SLAP_PGSF-APND,SLAP_PGSF-APND,SLAP_PGSF-APND,DAM,MGHG,LMP_GHG_PRC,SLAP_PGSF-APND,ALL_APNODES,0,0,135
2021-11-27T18:00:00-00:00,2021-11-27T19:00:00-00:00,2021-11-27,11,0,SLAP_PGSF-APND,SLAP_PGSF-APND,SLAP_PGSF-APND,DAM,MGHG,LMP_GHG_PRC,SLAP_PGSF-APND,ALL_APNODES,0,0,135
2021-11-27T16:00:00-00:00,2021-11-27T17:00:00-00:00,2021-11-27,9,0,SLAP_PGSF-APND,SLAP_PGSF-APND,SLAP_PGSF-APND,DAM,MGHG,LMP_GHG_PRC,SLAP_PGSF-APND,ALL_APNODES,0,0,135
2021-11-28T05:00:00-00:00,2021-11-28T06:00:00-00:00,2021-11-27,22,0,SLAP_PGSF-APND,SLAP_PGSF-APND,SLAP_PGSF-APND,DAM,MGHG,LMP_GHG_PRC,SLAP_PGSF-APND,ALL_APNODES,0,0,135
2021-11-27T08:00:00-00:00,2021-11-27T09:00:00-00:00,2021-11-27,1,0,SLAP_PGSF-APND,SLAP_PGSF-APND,SLAP_PGSF-APND,DAM,MGHG,LMP_GHG_PRC,SLAP_PGSF-APND,ALL_APNODES,0,0,135
2021-11-27T17:00:00-00:00,2021-11-27T18:00:00-00:00,2021-11-27,10,0,SLAP_PGSF-APND,SLAP_PGSF-APND,SLAP_PGSF-APND,DAM,MGHG,LMP_GHG_PRC,SLAP_PGSF-APND,ALL_APNODES,0,0,135
2021-11-27T15:00:00-00:00,2021-11-27T16:00:00-00:00,2021-11-27,8,0,SLAP_PGSF-APND,SLAP_PGSF-APND,SLAP_PGSF-APND,DAM,MGHG,LMP_GHG_PRC,SLAP_PGSF-APND,ALL_APNODES,0,0,135
2021-11-28T06:00:00-00:00,2021-11-28T07:00:00-00:00,2021-11-27,23,0,SLAP_PGSF-APND,SLAP_PGSF-APND,SLAP_PGSF-APND,DAM,MGHG,LMP_GHG_PRC,SLAP_PGSF-APND,ALL_APNODES,0,0,135
2021-11-27T19:00:00-00:00,2021-11-27T20:00:00-00:00,2021-11-27,12,0,SLAP_PGSF-APND,SLAP_PGSF-APND,SLAP_PGSF-APND,DAM,MGHG,LMP_GHG_PRC,SLAP_PGSF-APND,ALL_APNODES,0,0,135
2021-11-27T23:00:00-00:00,2021-11-28T00:00:00-00:00,2021-11-27,16,0,SLAP_PGSF-APND,SLAP_PGSF-APND,SLAP_PGSF-APND,DAM,MGHG,LMP_GHG_PRC,SLAP_PGSF-APND,ALL_APNODES,0,0,135
2021-11-27T14:00:00-00:00,2021-11-27T15:00:00-00:00,2021-11-27,7,0,SLAP_PGSF-APND,SLAP_PGSF-APND,SLAP_PGSF-APND,DAM,MGHG,LMP_GHG_PRC,SLAP_PGSF-APND,ALL_APNODES,0,0,135
2021-11-28T03:00:00-00:00,2021-11-28T04:00:00-00:00,2021-11-27,20,0,SLAP_PGSF-APND,SLAP_PGSF-APND,SLAP_PGSF-APND,DAM,MGHG,LMP_GHG_PRC,SLAP_PGSF-APND,ALL_APNODES,0,0,135
2021-11-28T01:00:00-00:00,2021-11-28T02:00:00-00:00,2021-11-27,18,0,SLAP_PGSF-APND,SLAP_PGSF-APND,SLAP_PGSF-APND,DAM,MGHG,LMP_GHG_PRC,SLAP_PGSF-APND,ALL_APNODES,0,0,135
2021-11-27T12:00:00-00:00,2021-11-27T13:00:00-00:00,2021-11-27,5,0,SLAP_PGSF-APND,SLAP_PGSF-APND,SLAP_PGSF-APND,DAM,MGHG,LMP_GHG_PRC,SLAP_PGSF-APND,ALL_APNODES,0,0,135
2021-11-27T10:00:00-00:00,2021-11-27T11:00:00-00:00,2021-11-27,3,0,SLAP_PGSF-APND,SLAP_PGSF-APND,SLAP_PGSF-APND,DAM,MGHG,LMP_GHG_PRC,SLAP_PGSF-APND,ALL_APNODES,0,0,135
2021-11-28T00:00:00-00:00,2021-11-28T01:00:00-00:00,2021-11-27,17,0,SLAP_PGSF-APND,SLAP_PGSF-APND,SLAP_PGSF-APND,DAM,MGHG,LMP_GHG_PRC,SLAP_PGSF-APND,ALL_APNODES,0,0,135
2021-11-27T22:00:00-00:00,2021-11-27T23:00:00-00:00,2021-11-27,15,0,SLAP_PGSF-APND,SLAP_PGSF-APND,SLAP_PGSF-APND,DAM,MGHG,LMP_GHG_PRC,SLAP_PGSF-APND,ALL_APNODES,0,0,135
2021-11-27T21:00:00-00:00,2021-11-27T22:00:00-00:00,2021-11-27,14,0,SLAP_PGSF-APND,SLAP_PGSF-APND,SLAP_PGSF-APND,DAM,MGHG,LMP_GHG_PRC,SLAP_PGSF-APND,ALL_APNODES,0,0,135
2021-11-27T13:00:00-00:00,2021-11-27T14:00:00-00:00,2021-11-27,6,0,SLAP_PGSF-APND,SLAP_PGSF-APND,SLAP_PGSF-APND,DAM,MGHG,LMP_GHG_PRC,SLAP_PGSF-APND,ALL_APNODES,0,0,135
2021-11-28T02:00:00-00:00,2021-11-28T03:00:00-00:00,2021-11-27,19,0,SLAP_PGSF-APND,SLAP_PGSF-APND,SLAP_PGSF-APND,DAM,MGHG,LMP_GHG_PRC,SLAP_PGSF-APND,ALL_APNODES,0,0,135
2021-11-27T11:00:00-00:00,2021-11-27T12:00:00-00:00,2021-11-27,4,0,SLAP_PGSF-APND,SLAP_PGSF-APND,SLAP_PGSF-APND,DAM,MGHG,LMP_GHG_PRC,SLAP_PGSF-APND,ALL_APNODES,0,0,135
2021-11-28T04:00:00-00:00,2021-11-28T05:00:00-00:00,2021-11-27,21,0,SLAP_PGSF-APND,SLAP_PGSF-APND,SLAP_PGSF-APND,DAM,MGHG,LMP_GHG_PRC,SLAP_PGSF-APND,ALL_APNODES,0,0,135
2021-11-27T09:00:00-00:00,2021-11-27T10:00:00-00:00,2021-11-27,2,0,SLAP_PGSF-APND,SLAP_PGSF-APND,SLAP_PGSF-APND,DAM,MGHG,LMP_GHG_PRC,SLAP_PGSF-APND,ALL_APNODES,0,0,135
2021-11-28T07:00:00-00:00,2021-11-28T08:00:00-00:00,2021-11-27,24,0,SLAP_PGSF-APND,SLAP_PGSF-APND,SLAP_PGSF-APND,DAM,MGHG,LMP_GHG_PRC,SLAP_PGSF-APND,ALL_APNODES,0,0,135
2021-11-28T19:00:00-00:00,2021-11-28T20:00:00-00:00,2021-11-28,12,0,SLAP_PGSF-APND,SLAP_PGSF-APND,SLAP_PGSF-APND,DAM,LMP,LMP_PRC,SLAP_PGSF-APND,ALL_APNODES,0,31.31052,136
2021-11-28T13:00:00-00:00,2021-11-28T14:00:00-00:00,2021-11-28,6,0,SLAP_PGSF-APND,SLAP_PGSF-APND,SLAP_PGSF-APND,DAM,LMP,LMP_PRC,SLAP_PGSF-APND,ALL_APNODES,0,56.56265,136
2021-11-29T07:00:00-00:00,2021-11-29T08:00:00-00:00,2021-11-28,24,0,SLAP_PGSF-APND,SLAP_PGSF-APND,SLAP_PGSF-APND,DAM,LMP,LMP_PRC,SLAP_PGSF-APND,ALL_APNODES,0,54.56488,136
2021-11-28T15:00:00-00:00,2021-11-28T16:00:00-00:00,2021-11-28,8,0,SLAP_PGSF-APND,SLAP_PGSF-APND,SLAP_PGSF-APND,DAM,LMP,LMP_PRC,SLAP_PGSF-APND,ALL_APNODES,0,52.55892,136
2021-11-28T16:00:00-00:00,2021-11-28T17:00:00-00:00,2021-11-28,9,0,SLAP_PGSF-APND,SLAP_PGSF-APND,SLAP_PGSF-APND,DAM,LMP,LMP_PRC,SLAP_PGSF-APND,ALL_APNODES,0,40.06296,136
2021-11-28T22:00:00-00:00,2021-11-28T23:00:00-00:00,2021-11-28,15,0,SLAP_PGSF-APND,SLAP_PGSF-APND,SLAP_PGSF-APND,DAM,LMP,LMP_PRC,SLAP_PGSF-APND,ALL_APNODES,0,42.65745,136
2021-11-28T14:00:00-00:00,2021-11-28T15:00:00-00:00,2021-11-28,7,0,SLAP_PGSF-APND,SLAP_PGSF-APND,SLAP_PGSF-APND,DAM,LMP,LMP_PRC,SLAP_PGSF-APND,ALL_APNODES,0,56.5083,136
2021-11-29T03:00:00-00:00,2021-11-29T04:00:00-00:00,2021-11-28,20,0,SLAP_PGSF-APND,SLAP_PGSF-APND,SLAP_PGSF-APND,DAM,LMP,LMP_PRC,SLAP_PGSF-APND,ALL_APNODES,0,67.02863,136
2021-11-29T05:00:00-00:00,2021-11-29T06:00:00-00:00,2021-11-28,22,0,SLAP_PGSF-APND,SLAP_PGSF-APND,SLAP_PGSF-APND,DAM,LMP,LMP_PRC,SLAP_PGSF-APND,ALL_APNODES,0,58.85721,136
2021-11-28T20:00:00-00:00,2021-11-28T21:00:00-00:00,2021-11-28,13,0,SLAP_PGSF-APND,SLAP_PGSF-APND,SLAP_PGSF-APND,DAM,LMP,LMP_PRC,SLAP_PGSF-APND,ALL_APNODES,0,28.96335,136
2021-11-28T12:00:00-00:00,2021-11-28T13:00:00-00:00,2021-11-28,5,0,SLAP_PGSF-APND,SLAP_PGSF-APND,SLAP_PGSF-APND,DAM,LMP,LMP_PRC,SLAP_PGSF-APND,ALL_APNODES,0,52.84974,136
2021-11-29T02:00:00-00:00,2021-11-29T03:00:00-00:00,2021-11-28,19,0,SLAP_PGSF-APND,SLAP_PGSF-APND,SLAP_PGSF-APND,DAM,LMP,LMP_PRC,SLAP_PGSF-APND,ALL_APNODES,0,70.85319,136
2021-11-28T18:00:00-00:00,2021-11-28T19:00:00-00:00,2021-11-28,11,0,SLAP_PGSF-APND,SLAP_PGSF-APND,SLAP_PGSF-APND,DAM,LMP,LMP_PRC,SLAP_PGSF-APND,ALL_APNODES,0,39.32255,136
2021-11-28T23:00:00-00:00,2021-11-29T00:00:00-00:00,2021-11-28,16,0,SLAP_PGSF-APND,SLAP_PGSF-APND,SLAP_PGSF-APND,DAM,LMP,LMP_PRC,SLAP_PGSF-APND,ALL_APNODES,0,57.56918,136
2021-11-29T06:00:00-00:00,2021-11-29T07:00:00-00:00,2021-11-28,23,0,SLAP_PGSF-APND,SLAP_PGSF-APND,SLAP_PGSF-APND,DAM,LMP,LMP_PRC,SLAP_PGSF-APND,ALL_APNODES,0,58.85562,136
2021-11-28T17:00:00-00:00,2021-11-28T18:00:00-00:00,2021-11-28,10,0,SLAP_PGSF-APND,SLAP_PGSF-APND,SLAP_PGSF-APND,DAM,LMP,LMP_PRC,SLAP_PGSF-APND,ALL_APNODES,0,36.97348,136
2021-11-28T08:00:00-00:00,2021-11-28T09:00:00-00:00,2021-11-28,1,0,SLAP_PGSF-APND,SLAP_PGSF-APND,SLAP_PGSF-APND,DAM,LMP,LMP_PRC,SLAP_PGSF-APND,ALL_APNODES,0,53.20262,136
2021-11-28T11:00:00-00:00,2021-11-28T12:00:00-00:00,2021-11-28,4,0,SLAP_PGSF-APND,SLAP_PGSF-APND,SLAP_PGSF-APND,DAM,LMP,LMP_PRC,SLAP_PGSF-APND,ALL_APNODES,0,53.04478,136
2021-11-29T01:00:00-00:00,2021-11-29T02:00:00-00:00,2021-11-28,18,0,SLAP_PGSF-APND,SLAP_PGSF-APND,SLAP_PGSF-APND,DAM,LMP,LMP_PRC,SLAP_PGSF-APND,ALL_APNODES,0,87.15548,136
2021-11-29T04:00:00-00:00,2021-11-29T05:00:00-00:00,2021-11-28,21,0,SLAP_PGSF-APND,SLAP_PGSF-APND,SLAP_PGSF-APND,DAM,LMP,LMP_PRC,SLAP_PGSF-APND,ALL_APNODES,0,64.20236,136
2021-11-28T21:00:00-00:00,2021-11-28T22:00:00-00:00,2021-11-28,14,0,SLAP_PGSF-APND,SLAP_PGSF-APND,SLAP_PGSF-APND,DAM,LMP,LMP_PRC,SLAP_PGSF-APND,ALL_APNODES,0,36.29979,136
2021-11-29T00:00:00-00:00,2021-11-29T01:00:00-00:00,2021-11-28,17,0,SLAP_PGSF-APND,SLAP_PGSF-APND,SLAP_PGSF-APND,DAM,LMP,LMP_PRC,SLAP_PGSF-APND,ALL_APNODES,0,68.19251,136
2021-11-28T10:00:00-00:00,2021-11-28T11:00:00-00:00,2021-11-28,3,0,SLAP_PGSF-APND,SLAP_PGSF-APND,SLAP_PGSF-APND,DAM,LMP,LMP_PRC,SLAP_PGSF-APND,ALL_APNODES,0,53.05693,136
2021-11-28T09:00:00-00:00,2021-11-28T10:00:00-00:00,2021-11-28,2,0,SLAP_PGSF-APND,SLAP_PGSF-APND,SLAP_PGSF-APND,DAM,LMP,LMP_PRC,SLAP_PGSF-APND,ALL_APNODES,0,51.86224,136
2021-11-28T13:00:00-00:00,2021-11-28T14:00:00-00:00,2021-11-28,6,0,SLAP_PGSF-APND,SLAP_PGSF-APND,SLAP_PGSF-APND,DAM,MCC,LMP_CONG_PRC,SLAP_PGSF-APND,ALL_APNODES,0,0,137
2021-11-28T21:00:00-00:00,2021-11-28T22:00:00-00:00,2021-11-28,14,0,SLAP_PGSF-APND,SLAP_PGSF-APND,SLAP_PGSF-APND,DAM,MCC,LMP_CONG_PRC,SLAP_PGSF-APND,ALL_APNODES,0,13.75207,137
2021-11-28T08:00:00-00:00,2021-11-28T09:00:00-00:00,2021-11-28,1,0,SLAP_PGSF-APND,SLAP_PGSF-APND,SLAP_PGSF-APND,DAM,MCC,LMP_CONG_PRC,SLAP_PGSF-APND,ALL_APNODES,0,0,137
2021-11-28T09:00:00-00:00,2021-11-28T10:00:00-00:00,2021-11-28,2,0,SLAP_PGSF-APND,SLAP_PGSF-APND,SLAP_PGSF-APND,DAM,MCC,LMP_CONG_PRC,SLAP_PGSF-APND,ALL_APNODES,0,0,137
2021-11-29T01:00:00-00:00,2021-11-29T02:00:00-00:00,2021-11-28,18,0,SLAP_PGSF-APND,SLAP_PGSF-APND,SLAP_PGSF-APND,DAM,MCC,LMP_CONG_PRC,SLAP_PGSF-APND,ALL_APNODES,0,0,137
2021-11-28T20:00:00-00:00,2021-11-28T21:00:00-00:00,2021-11-28,13,0,SLAP_PGSF-APND,SLAP_PGSF-APND,SLAP_PGSF-APND,DAM,MCC,LMP_CONG_PRC,SLAP_PGSF-APND,ALL_APNODES,0,11.78105,137
2021-11-28T11:00:00-00:00,2021-11-28T12:00:00-00:00,2021-11-28,4,0,SLAP_PGSF-APND,SLAP_PGSF-APND,SLAP_PGSF-APND,DAM,MCC,LMP_CONG_PRC,SLAP_PGSF-APND,ALL_APNODES,0,0,137
2021-11-29T07:00:00-00:00,2021-11-29T08:00:00-00:00,2021-11-28,24,0,SLAP_PGSF-APND,SLAP_PGSF-APND,SLAP_PGSF-APND,DAM,MCC,LMP_CONG_PRC,SLAP_PGSF-APND,ALL_APNODES,0,0,137
2021-11-28T16:00:00-00:00,2021-11-28T17:00:00-00:00,2021-11-28,9,0,SLAP_PGSF-APND,SLAP_PGSF-APND,SLAP_PGSF-APND,DAM,MCC,LMP_CONG_PRC,SLAP_PGSF-APND,ALL_APNODES,0,7.21425,137
2021-11-28T17:00:00-00:00,2021-11-28T18:00:00-00:00,2021-11-28,10,0,SLAP_PGSF-APND,SLAP_PGSF-APND,SLAP_PGSF-APND,DAM,MCC,LMP_CONG_PRC,SLAP_PGSF-APND,ALL_APNODES,0,14.31806,137
2021-11-28T12:00:00-00:00,2021-11-28T13:00:00-00:00,2021-11-28,5,0,SLAP_PGSF-APND,SLAP_PGSF-APND,SLAP_PGSF-APND,DAM,MCC,LMP_CONG_PRC,SLAP_PGSF-APND,ALL_APNODES,0,0,137
2021-11-28T23:00:00-00:00,2021-11-29T00:00:00-00:00,2021-11-28,16,0,SLAP_PGSF-APND,SLAP_PGSF-APND,SLAP_PGSF-APND,DAM,MCC,LMP_CONG_PRC,SLAP_PGSF-APND,ALL_APNODES,0,-0.12471,137
2021-11-28T22:00:00-00:00,2021-11-28T23:00:00-00:00,2021-11-28,15,0,SLAP_PGSF-APND,SLAP_PGSF-APND,SLAP_PGSF-APND,DAM,MCC,LMP_CONG_PRC,SLAP_PGSF-APND,ALL_APNODES,0,9.62775,137
2021-11-29T00:00:00-00:00,2021-11-29T01:00:00-00:00,2021-11-28,17,0,SLAP_PGSF-APND,SLAP_PGSF-APND,SLAP_PGSF-APND,DAM,MCC,LMP_CONG_PRC,SLAP_PGSF-APND,ALL_APNODES,0,0,137
2021-11-28T10:00:00-00:00,2021-11-28T11:00:00-00:00,2021-11-28,3,0,SLAP_PGSF-APND,SLAP_PGSF-APND,SLAP_PGSF-APND,DAM,MCC,LMP_CONG_PRC,SLAP_PGSF-APND,ALL_APNODES,0,0,137
2021-11-29T02:00:00-00:00,2021-11-29T03:00:00-00:00,2021-11-28,19,0,SLAP_PGSF-APND,SLAP_PGSF-APND,SLAP_PGSF-APND,DAM,MCC,LMP_CONG_PRC,SLAP_PGSF-APND,ALL_APNODES,0,0,137
2021-11-28T15:00:00-00:00,2021-11-28T16:00:00-00:00,2021-11-28,8,0,SLAP_PGSF-APND,SLAP_PGSF-APND,SLAP_PGSF-APND,DAM,MCC,LMP_CONG_PRC,SLAP_PGSF-APND,ALL_APNODES,0,-0.00641,137
2021-11-28T18:00:00-00:00,2021-11-28T19:00:00-00:00,2021-11-28,11,0,SLAP_PGSF-APND,SLAP_PGSF-APND,SLAP_PGSF-APND,DAM,MCC,LMP_CONG_PRC,SLAP_PGSF-APND,ALL_APNODES,0,20.35121,137
2021-11-29T03:00:00-00:00,2021-11-29T04:00:00-00:00,2021-11-28,20,0,SLAP_PGSF-APND,SLAP_PGSF-APND,SLAP_PGSF-APND,DAM,MCC,LMP_CONG_PRC,SLAP_PGSF-APND,ALL_APNODES,0,0,137
2021-11-29T04:00:00-00:00,2021-11-29T05:00:00-00:00,2021-11-28,21,0,SLAP_PGSF-APND,SLAP_PGSF-APND,SLAP_PGSF-APND,DAM,MCC,LMP_CONG_PRC,SLAP_PGSF-APND,ALL_APNODES,0,0,137
2021-11-29T06:00:00-00:00,2021-11-29T07:00:00-00:00,2021-11-28,23,0,SLAP_PGSF-APND,SLAP_PGSF-APND,SLAP_PGSF-APND,DAM,MCC,LMP_CONG_PRC,SLAP_PGSF-APND,ALL_APNODES,0,0,137
2021-11-29T05:00:00-00:00,2021-11-29T06:00:00-00:00,2021-11-28,22,0,SLAP_PGSF-APND,SLAP_PGSF-APND,SLAP_PGSF-APND,DAM,MCC,LMP_CONG_PRC,SLAP_PGSF-APND,ALL_APNODES,0,0,137
2021-11-28T14:00:00-00:00,2021-11-28T15:00:00-00:00,2021-11-28,7,0,SLAP_PGSF-APND,SLAP_PGSF-APND,SLAP_PGSF-APND,DAM,MCC,LMP_CONG_PRC,SLAP_PGSF-APND,ALL_APNODES,0,0,137
2021-11-28T19:00:00-00:00,2021-11-28T20:00:00-00:00,2021-11-28,12,0,SLAP_PGSF-APND,SLAP_PGSF-APND,SLAP_PGSF-APND,DAM,MCC,LMP_CONG_PRC,SLAP_PGSF-APND,ALL_APNODES,0,14.42324,137
2021-11-28T15:00:00-00:00,2021-11-28T16:00:00-00:00,2021-11-28,8,0,SLAP_PGSF-APND,SLAP_PGSF-APND,SLAP_PGSF-APND,DAM,MCE,LMP_ENE_PRC,SLAP_PGSF-APND,ALL_APNODES,0,49.95755,138
2021-11-28T08:00:00-00:00,2021-11-28T09:00:00-00:00,2021-11-28,1,0,SLAP_PGSF-APND,SLAP_PGSF-APND,SLAP_PGSF-APND,DAM,MCE,LMP_ENE_PRC,SLAP_PGSF-APND,ALL_APNODES,0,51.15637,138
2021-11-29T00:00:00-00:00,2021-11-29T01:00:00-00:00,2021-11-28,17,0,SLAP_PGSF-APND,SLAP_PGSF-APND,SLAP_PGSF-APND,DAM,MCE,LMP_ENE_PRC,SLAP_PGSF-APND,ALL_APNODES,0,65.35606,138
2021-11-28T19:00:00-00:00,2021-11-28T20:00:00-00:00,2021-11-28,12,0,SLAP_PGSF-APND,SLAP_PGSF-APND,SLAP_PGSF-APND,DAM,MCE,LMP_ENE_PRC,SLAP_PGSF-APND,ALL_APNODES,0,15.62769,138
2021-11-28T22:00:00-00:00,2021-11-28T23:00:00-00:00,2021-11-28,15,0,SLAP_PGSF-APND,SLAP_PGSF-APND,SLAP_PGSF-APND,DAM,MCE,LMP_ENE_PRC,SLAP_PGSF-APND,ALL_APNODES,0,30.84294,138
2021-11-28T17:00:00-00:00,2021-11-28T18:00:00-00:00,2021-11-28,10,0,SLAP_PGSF-APND,SLAP_PGSF-APND,SLAP_PGSF-APND,DAM,MCE,LMP_ENE_PRC,SLAP_PGSF-APND,ALL_APNODES,0,21.25074,138
2021-11-29T07:00:00-00:00,2021-11-29T08:00:00-00:00,2021-11-28,24,0,SLAP_PGSF-APND,SLAP_PGSF-APND,SLAP_PGSF-APND,DAM,MCE,LMP_ENE_PRC,SLAP_PGSF-APND,ALL_APNODES,0,52.73498,138
2021-11-28T23:00:00-00:00,2021-11-29T00:00:00-00:00,2021-11-28,16,0,SLAP_PGSF-APND,SLAP_PGSF-APND,SLAP_PGSF-APND,DAM,MCE,LMP_ENE_PRC,SLAP_PGSF-APND,ALL_APNODES,0,54.68615,138
2021-11-28T18:00:00-00:00,2021-11-28T19:00:00-00:00,2021-11-28,11,0,SLAP_PGSF-APND,SLAP_PGSF-APND,SLAP_PGSF-APND,DAM,MCE,LMP_ENE_PRC,SLAP_PGSF-APND,ALL_APNODES,0,17.73851,138
2021-11-29T03:00:00-00:00,2021-11-29T04:00:00-00:00,2021-11-28,20,0,SLAP_PGSF-APND,SLAP_PGSF-APND,SLAP_PGSF-APND,DAM,MCE,LMP_ENE_PRC,SLAP_PGSF-APND,ALL_APNODES,0,64.30222,138
2021-11-28T11:00:00-00:00,2021-11-28T12:00:00-00:00,2021-11-28,4,0,SLAP_PGSF-APND,SLAP_PGSF-APND,SLAP_PGSF-APND,DAM,MCE,LMP_ENE_PRC,SLAP_PGSF-APND,ALL_APNODES,0,51.41991,138
2021-11-28T09:00:00-00:00,2021-11-28T10:00:00-00:00,2021-11-28,2,0,SLAP_PGSF-APND,SLAP_PGSF-APND,SLAP_PGSF-APND,DAM,MCE,LMP_ENE_PRC,SLAP_PGSF-APND,ALL_APNODES,0,50.28334,138
2021-11-28T16:00:00-00:00,2021-11-28T17:00:00-00:00,2021-11-28,9,0,SLAP_PGSF-APND,SLAP_PGSF-APND,SLAP_PGSF-APND,DAM,MCE,LMP_ENE_PRC,SLAP_PGSF-APND,ALL_APNODES,0,30.72845,138
2021-11-29T02:00:00-00:00,2021-11-29T03:00:00-00:00,2021-11-28,19,0,SLAP_PGSF-APND,SLAP_PGSF-APND,SLAP_PGSF-APND,DAM,MCE,LMP_ENE_PRC,SLAP_PGSF-APND,ALL_APNODES,0,68.09533,138
2021-11-29T01:00:00-00:00,2021-11-29T02:00:00-00:00,2021-11-28,18,0,SLAP_PGSF-APND,SLAP_PGSF-APND,SLAP_PGSF-APND,DAM,MCE,LMP_ENE_PRC,SLAP_PGSF-APND,ALL_APNODES,0,83.21921,138
2021-11-28T20:00:00-00:00,2021-11-28T21:00:00-00:00,2021-11-28,13,0,SLAP_PGSF-APND,SLAP_PGSF-APND,SLAP_PGSF-APND,DAM,MCE,LMP_ENE_PRC,SLAP_PGSF-APND,ALL_APNODES,0,15.95978,138
2021-11-28T14:00:00-00:00,2021-11-28T15:00:00-00:00,2021-11-28,7,0,SLAP_PGSF-APND,SLAP_PGSF-APND,SLAP_PGSF-APND,DAM,MCE,LMP_ENE_PRC,SLAP_PGSF-APND,ALL_APNODES,0,54.46058,138
2021-11-29T06:00:00-00:00,2021-11-29T07:00:00-00:00,2021-11-28,23,0,SLAP_PGSF-APND,SLAP_PGSF-APND,SLAP_PGSF-APND,DAM,MCE,LMP_ENE_PRC,SLAP_PGSF-APND,ALL_APNODES,0,56.6846,138
2021-11-29T05:00:00-00:00,2021-11-29T06:00:00-00:00,2021-11-28,22,0,SLAP_PGSF-APND,SLAP_PGSF-APND,SLAP_PGSF-APND,DAM,MCE,LMP_ENE_PRC,SLAP_PGSF-APND,ALL_APNODES,0,56.81198,138
2021-11-28T13:00:00-00:00,2021-11-28T14:00:00-00:00,2021-11-28,6,0,SLAP_PGSF-APND,SLAP_PGSF-APND,SLAP_PGSF-APND,DAM,MCE,LMP_ENE_PRC,SLAP_PGSF-APND,ALL_APNODES,0,54.36626,138
2021-11-28T12:00:00-00:00,2021-11-28T13:00:00-00:00,2021-11-28,5,0,SLAP_PGSF-APND,SLAP_PGSF-APND,SLAP_PGSF-APND,DAM,MCE,LMP_ENE_PRC,SLAP_PGSF-APND,ALL_APNODES,0,51.50545,138
2021-11-28T10:00:00-00:00,2021-11-28T11:00:00-00:00,2021-11-28,3,0,SLAP_PGSF-APND,SLAP_PGSF-APND,SLAP_PGSF-APND,DAM,MCE,LMP_ENE_PRC,SLAP_PGSF-APND,ALL_APNODES,0,51.63189,138
2021-11-29T04:00:00-00:00,2021-11-29T05:00:00-00:00,2021-11-28,21,0,SLAP_PGSF-APND,SLAP_PGSF-APND,SLAP_PGSF-APND,DAM,MCE,LMP_ENE_PRC,SLAP_PGSF-APND,ALL_APNODES,0,62.0073,138
2021-11-28T21:00:00-00:00,2021-11-28T22:00:00-00:00,2021-11-28,14,0,SLAP_PGSF-APND,SLAP_PGSF-APND,SLAP_PGSF-APND,DAM,MCE,LMP_ENE_PRC,SLAP_PGSF-APND,ALL_APNODES,0,20.90656,138
2021-11-28T16:00:00-00:00,2021-11-28T17:00:00-00:00,2021-11-28,9,0,SLAP_PGSF-APND,SLAP_PGSF-APND,SLAP_PGSF-APND,DAM,MCL,LMP_LOSS_PRC,SLAP_PGSF-APND,ALL_APNODES,0,2.12026,139
2021-11-29T07:00:00-00:00,2021-11-29T08:00:00-00:00,2021-11-28,24,0,SLAP_PGSF-APND,SLAP_PGSF-APND,SLAP_PGSF-APND,DAM,MCL,LMP_LOSS_PRC,SLAP_PGSF-APND,ALL_APNODES,0,1.8299,139
2021-11-28T13:00:00-00:00,2021-11-28T14:00:00-00:00,2021-11-28,6,0,SLAP_PGSF-APND,SLAP_PGSF-APND,SLAP_PGSF-APND,DAM,MCL,LMP_LOSS_PRC,SLAP_PGSF-APND,ALL_APNODES,0,2.1964,139
2021-11-28T12:00:00-00:00,2021-11-28T13:00:00-00:00,2021-11-28,5,0,SLAP_PGSF-APND,SLAP_PGSF-APND,SLAP_PGSF-APND,DAM,MCL,LMP_LOSS_PRC,SLAP_PGSF-APND,ALL_APNODES,0,1.34429,139
2021-11-28T08:00:00-00:00,2021-11-28T09:00:00-00:00,2021-11-28,1,0,SLAP_PGSF-APND,SLAP_PGSF-APND,SLAP_PGSF-APND,DAM,MCL,LMP_LOSS_PRC,SLAP_PGSF-APND,ALL_APNODES,0,2.04625,139
2021-11-29T00:00:00-00:00,2021-11-29T01:00:00-00:00,2021-11-28,17,0,SLAP_PGSF-APND,SLAP_PGSF-APND,SLAP_PGSF-APND,DAM,MCL,LMP_LOSS_PRC,SLAP_PGSF-APND,ALL_APNODES,0,2.83645,139
2021-11-28T23:00:00-00:00,2021-11-29T00:00:00-00:00,2021-11-28,16,0,SLAP_PGSF-APND,SLAP_PGSF-APND,SLAP_PGSF-APND,DAM,MCL,LMP_LOSS_PRC,SLAP_PGSF-APND,ALL_APNODES,0,3.00774,139
2021-11-28T17:00:00-00:00,2021-11-28T18:00:00-00:00,2021-11-28,10,0,SLAP_PGSF-APND,SLAP_PGSF-APND,SLAP_PGSF-APND,DAM,MCL,LMP_LOSS_PRC,SLAP_PGSF-APND,ALL_APNODES,0,1.40467,139
2021-11-29T04:00:00-00:00,2021-11-29T05:00:00-00:00,2021-11-28,21,0,SLAP_PGSF-APND,SLAP_PGSF-APND,SLAP_PGSF-APND,DAM,MCL,LMP_LOSS_PRC,SLAP_PGSF-APND,ALL_APNODES,0,2.19506,139
2021-11-28T14:00:00-00:00,2021-11-28T15:00:00-00:00,2021-11-28,7,0,SLAP_PGSF-APND,SLAP_PGSF-APND,SLAP_PGSF-APND,DAM,MCL,LMP_LOSS_PRC,SLAP_PGSF-APND,ALL_APNODES,0,2.04772,139
2021-11-29T05:00:00-00:00,2021-11-29T06:00:00-00:00,2021-11-28,22,0,SLAP_PGSF-APND,SLAP_PGSF-APND,SLAP_PGSF-APND,DAM,MCL,LMP_LOSS_PRC,SLAP_PGSF-APND,ALL_APNODES,0,2.04523,139
2021-11-29T02:00:00-00:00,2021-11-29T03:00:00-00:00,2021-11-28,19,0,SLAP_PGSF-APND,SLAP_PGSF-APND,SLAP_PGSF-APND,DAM,MCL,LMP_LOSS_PRC,SLAP_PGSF-APND,ALL_APNODES,0,2.75786,139
2021-11-29T03:00:00-00:00,2021-11-29T04:00:00-00:00,2021-11-28,20,0,SLAP_PGSF-APND,SLAP_PGSF-APND,SLAP_PGSF-APND,DAM,MCL,LMP_LOSS_PRC,SLAP_PGSF-APND,ALL_APNODES,0,2.72641,139
2021-11-28T15:00:00-00:00,2021-11-28T16:00:00-00:00,2021-11-28,8,0,SLAP_PGSF-APND,SLAP_PGSF-APND,SLAP_PGSF-APND,DAM,MCL,LMP_LOSS_PRC,SLAP_PGSF-APND,ALL_APNODES,0,2.60778,139
2021-11-29T01:00:00-00:00,2021-11-29T02:00:00-00:00,2021-11-28,18,0,SLAP_PGSF-APND,SLAP_PGSF-APND,SLAP_PGSF-APND,DAM,MCL,LMP_LOSS_PRC,SLAP_PGSF-APND,ALL_APNODES,0,3.93627,139
2021-11-28T22:00:00-00:00,2021-11-28T23:00:00-00:00,2021-11-28,15,0,SLAP_PGSF-APND,SLAP_PGSF-APND,SLAP_PGSF-APND,DAM,MCL,LMP_LOSS_PRC,SLAP_PGSF-APND,ALL_APNODES,0,2.18676,139
2021-11-28T18:00:00-00:00,2021-11-28T19:00:00-00:00,2021-11-28,11,0,SLAP_PGSF-APND,SLAP_PGSF-APND,SLAP_PGSF-APND,DAM,MCL,LMP_LOSS_PRC,SLAP_PGSF-APND,ALL_APNODES,0,1.23283,139
2021-11-28T21:00:00-00:00,2021-11-28T22:00:00-00:00,2021-11-28,14,0,SLAP_PGSF-APND,SLAP_PGSF-APND,SLAP_PGSF-APND,DAM,MCL,LMP_LOSS_PRC,SLAP_PGSF-APND,ALL_APNODES,0,1.64116,139
2021-11-28T10:00:00-00:00,2021-11-28T11:00:00-00:00,2021-11-28,3,0,SLAP_PGSF-APND,SLAP_PGSF-APND,SLAP_PGSF-APND,DAM,MCL,LMP_LOSS_PRC,SLAP_PGSF-APND,ALL_APNODES,0,1.42504,139
2021-11-29T06:00:00-00:00,2021-11-29T07:00:00-00:00,2021-11-28,23,0,SLAP_PGSF-APND,SLAP_PGSF-APND,SLAP_PGSF-APND,DAM,MCL,LMP_LOSS_PRC,SLAP_PGSF-APND,ALL_APNODES,0,2.17102,139
2021-11-28T20:00:00-00:00,2021-11-28T21:00:00-00:00,2021-11-28,13,0,SLAP_PGSF-APND,SLAP_PGSF-APND,SLAP_PGSF-APND,DAM,MCL,LMP_LOSS_PRC,SLAP_PGSF-APND,ALL_APNODES,0,1.22252,139
2021-11-28T19:00:00-00:00,2021-11-28T20:00:00-00:00,2021-11-28,12,0,SLAP_PGSF-APND,SLAP_PGSF-APND,SLAP_PGSF-APND,DAM,MCL,LMP_LOSS_PRC,SLAP_PGSF-APND,ALL_APNODES,0,1.25959,139
2021-11-28T09:00:00-00:00,2021-11-28T10:00:00-00:00,2021-11-28,2,0,SLAP_PGSF-APND,SLAP_PGSF-APND,SLAP_PGSF-APND,DAM,MCL,LMP_LOSS_PRC,SLAP_PGSF-APND,ALL_APNODES,0,1.5789,139
2021-11-28T11:00:00-00:00,2021-11-28T12:00:00-00:00,2021-11-28,4,0,SLAP_PGSF-APND,SLAP_PGSF-APND,SLAP_PGSF-APND,DAM,MCL,LMP_LOSS_PRC,SLAP_PGSF-APND,ALL_APNODES,0,1.62487,139
2021-11-28T18:00:00-00:00,2021-11-28T19:00:00-00:00,2021-11-28,11,0,SLAP_PGSF-APND,SLAP_PGSF-APND,SLAP_PGSF-APND,DAM,MGHG,LMP_GHG_PRC,SLAP_PGSF-APND,ALL_APNODES,0,0,140
2021-11-28T12:00:00-00:00,2021-11-28T13:00:00-00:00,2021-11-28,5,0,SLAP_PGSF-APND,SLAP_PGSF-APND,SLAP_PGSF-APND,DAM,MGHG,LMP_GHG_PRC,SLAP_PGSF-APND,ALL_APNODES,0,0,140
2021-11-29T03:00:00-00:00,2021-11-29T04:00:00-00:00,2021-11-28,20,0,SLAP_PGSF-APND,SLAP_PGSF-APND,SLAP_PGSF-APND,DAM,MGHG,LMP_GHG_PRC,SLAP_PGSF-APND,ALL_APNODES,0,0,140
2021-11-28T15:00:00-00:00,2021-11-28T16:00:00-00:00,2021-11-28,8,0,SLAP_PGSF-APND,SLAP_PGSF-APND,SLAP_PGSF-APND,DAM,MGHG,LMP_GHG_PRC,SLAP_PGSF-APND,ALL_APNODES,0,0,140
2021-11-28T22:00:00-00:00,2021-11-28T23:00:00-00:00,2021-11-28,15,0,SLAP_PGSF-APND,SLAP_PGSF-APND,SLAP_PGSF-APND,DAM,MGHG,LMP_GHG_PRC,SLAP_PGSF-APND,ALL_APNODES,0,0,140
2021-11-29T02:00:00-00:00,2021-11-29T03:00:00-00:00,2021-11-28,19,0,SLAP_PGSF-APND,SLAP_PGSF-APND,SLAP_PGSF-APND,DAM,MGHG,LMP_GHG_PRC,SLAP_PGSF-APND,ALL_APNODES,0,0,140
2021-11-28T11:00:00-00:00,2021-11-28T12:00:00-00:00,2021-11-28,4,0,SLAP_PGSF-APND,SLAP_PGSF-APND,SLAP_PGSF-APND,DAM,MGHG,LMP_GHG_PRC,SLAP_PGSF-APND,ALL_APNODES,0,0,140
2021-11-29T07:00:00-00:00,2021-11-29T08:00:00-00:00,2021-11-28,24,0,SLAP_PGSF-APND,SLAP_PGSF-APND,SLAP_PGSF-APND,DAM,MGHG,LMP_GHG_PRC,SLAP_PGSF-APND,ALL_APNODES,0,0,140
2021-11-28T16:00:00-00:00,2021-11-28T17:00:00-00:00,2021-11-28,9,0,SLAP_PGSF-APND,SLAP_PGSF-APND,SLAP_PGSF-APND,DAM,MGHG,LMP_GHG_PRC,SLAP_PGSF-APND,ALL_APNODES,0,0,140
2021-11-28T23:00:00-00:00,2021-11-29T00:00:00-00:00,2021-11-28,16,0,SLAP_PGSF-APND,SLAP_PGSF-APND,SLAP_PGSF-APND,DAM,MGHG,LMP_GHG_PRC,SLAP_PGSF-APND,ALL_APNODES,0,0,140
2021-11-28T17:00:00-00:00,2021-11-28T18:00:00-00:00,2021-11-28,10,0,SLAP_PGSF-APND,SLAP_PGSF-APND,SLAP_PGSF-APND,DAM,MGHG,LMP_GHG_PRC,SLAP_PGSF-APND,ALL_APNODES,0,0,140
2021-11-28T21:00:00-00:00,2021-11-28T22:00:00-00:00,2021-11-28,14,0,SLAP_PGSF-APND,SLAP_PGSF-APND,SLAP_PGSF-APND,DAM,MGHG,LMP_GHG_PRC,SLAP_PGSF-APND,ALL_APNODES,0,0,140
2021-11-28T08:00:00-00:00,2021-11-28T09:00:00-00:00,2021-11-28,1,0,SLAP_PGSF-APND,SLAP_PGSF-APND,SLAP_PGSF-APND,DAM,MGHG,LMP_GHG_PRC,SLAP_PGSF-APND,ALL_APNODES,0,0,140
2021-11-29T04:00:00-00:00,2021-11-29T05:00:00-00:00,2021-11-28,21,0,SLAP_PGSF-APND,SLAP_PGSF-APND,SLAP_PGSF-APND,DAM,MGHG,LMP_GHG_PRC,SLAP_PGSF-APND,ALL_APNODES,0,0,140
2021-11-28T19:00:00-00:00,2021-11-28T20:00:00-00:00,2021-11-28,12,0,SLAP_PGSF-APND,SLAP_PGSF-APND,SLAP_PGSF-APND,DAM,MGHG,LMP_GHG_PRC,SLAP_PGSF-APND,ALL_APNODES,0,0,140
2021-11-28T20:00:00-00:00,2021-11-28T21:00:00-00:00,2021-11-28,13,0,SLAP_PGSF-APND,SLAP_PGSF-APND,SLAP_PGSF-APND,DAM,MGHG,LMP_GHG_PRC,SLAP_PGSF-APND,ALL_APNODES,0,0,140
2021-11-28T13:00:00-00:00,2021-11-28T14:00:00-00:00,2021-11-28,6,0,SLAP_PGSF-APND,SLAP_PGSF-APND,SLAP_PGSF-APND,DAM,MGHG,LMP_GHG_PRC,SLAP_PGSF-APND,ALL_APNODES,0,0,140
2021-11-28T10:00:00-00:00,2021-11-28T11:00:00-00:00,2021-11-28,3,0,SLAP_PGSF-APND,SLAP_PGSF-APND,SLAP_PGSF-APND,DAM,MGHG,LMP_GHG_PRC,SLAP_PGSF-APND,ALL_APNODES,0,0,140
2021-11-29T01:00:00-00:00,2021-11-29T02:00:00-00:00,2021-11-28,18,0,SLAP_PGSF-APND,SLAP_PGSF-APND,SLAP_PGSF-APND,DAM,MGHG,LMP_GHG_PRC,SLAP_PGSF-APND,ALL_APNODES,0,0,140
2021-11-29T05:00:00-00:00,2021-11-29T06:00:00-00:00,2021-11-28,22,0,SLAP_PGSF-APND,SLAP_PGSF-APND,SLAP_PGSF-APND,DAM,MGHG,LMP_GHG_PRC,SLAP_PGSF-APND,ALL_APNODES,0,0,140
2021-11-29T06:00:00-00:00,2021-11-29T07:00:00-00:00,2021-11-28,23,0,SLAP_PGSF-APND,SLAP_PGSF-APND,SLAP_PGSF-APND,DAM,MGHG,LMP_GHG_PRC,SLAP_PGSF-APND,ALL_APNODES,0,0,140
2021-11-28T14:00:00-00:00,2021-11-28T15:00:00-00:00,2021-11-28,7,0,SLAP_PGSF-APND,SLAP_PGSF-APND,SLAP_PGSF-APND,DAM,MGHG,LMP_GHG_PRC,SLAP_PGSF-APND,ALL_APNODES,0,0,140
2021-11-29T00:00:00-00:00,2021-11-29T01:00:00-00:00,2021-11-28,17,0,SLAP_PGSF-APND,SLAP_PGSF-APND,SLAP_PGSF-APND,DAM,MGHG,LMP_GHG_PRC,SLAP_PGSF-APND,ALL_APNODES,0,0,140
2021-11-28T09:00:00-00:00,2021-11-28T10:00:00-00:00,2021-11-28,2,0,SLAP_PGSF-APND,SLAP_PGSF-APND,SLAP_PGSF-APND,DAM,MGHG,LMP_GHG_PRC,SLAP_PGSF-APND,ALL_APNODES,0,0,140
2021-11-29T17:00:00-00:00,2021-11-29T18:00:00-00:00,2021-11-29,10,0,SLAP_PGSF-APND,SLAP_PGSF-APND,SLAP_PGSF-APND,DAM,LMP,LMP_PRC,SLAP_PGSF-APND,ALL_APNODES,0,55.28676,141
2021-11-30T03:00:00-00:00,2021-11-30T04:00:00-00:00,2021-11-29,20,0,SLAP_PGSF-APND,SLAP_PGSF-APND,SLAP_PGSF-APND,DAM,LMP,LMP_PRC,SLAP_PGSF-APND,ALL_APNODES,0,80.08775,141
2021-11-29T11:00:00-00:00,2021-11-29T12:00:00-00:00,2021-11-29,4,0,SLAP_PGSF-APND,SLAP_PGSF-APND,SLAP_PGSF-APND,DAM,LMP,LMP_PRC,SLAP_PGSF-APND,ALL_APNODES,0,52.60555,141
2021-11-30T01:00:00-00:00,2021-11-30T02:00:00-00:00,2021-11-29,18,0,SLAP_PGSF-APND,SLAP_PGSF-APND,SLAP_PGSF-APND,DAM,LMP,LMP_PRC,SLAP_PGSF-APND,ALL_APNODES,0,97.04684,141
2021-11-30T04:00:00-00:00,2021-11-30T05:00:00-00:00,2021-11-29,21,0,SLAP_PGSF-APND,SLAP_PGSF-APND,SLAP_PGSF-APND,DAM,LMP,LMP_PRC,SLAP_PGSF-APND,ALL_APNODES,0,72.52578,141
2021-11-29T20:00:00-00:00,2021-11-29T21:00:00-00:00,2021-11-29,13,0,SLAP_PGSF-APND,SLAP_PGSF-APND,SLAP_PGSF-APND,DAM,LMP,LMP_PRC,SLAP_PGSF-APND,ALL_APNODES,0,43.03154,141
2021-11-30T05:00:00-00:00,2021-11-30T06:00:00-00:00,2021-11-29,22,0,SLAP_PGSF-APND,SLAP_PGSF-APND,SLAP_PGSF-APND,DAM,LMP,LMP_PRC,SLAP_PGSF-APND,ALL_APNODES,0,64.20343,141
2021-11-29T15:00:00-00:00,2021-11-29T16:00:00-00:00,2021-11-29,8,0,SLAP_PGSF-APND,SLAP_PGSF-APND,SLAP_PGSF-APND,DAM,LMP,LMP_PRC,SLAP_PGSF-APND,ALL_APNODES,0,65.28765,141
2021-11-30T00:00:00-00:00,2021-11-30T01:00:00-00:00,2021-11-29,17,0,SLAP_PGSF-APND,SLAP_PGSF-APND,SLAP_PGSF-APND,DAM,LMP,LMP_PRC,SLAP_PGSF-APND,ALL_APNODES,0,80.36,141
2021-11-29T16:00:00-00:00,2021-11-29T17:00:00-00:00,2021-11-29,9,0,SLAP_PGSF-APND,SLAP_PGSF-APND,SLAP_PGSF-APND,DAM,LMP,LMP_PRC,SLAP_PGSF-APND,ALL_APNODES,0,58.74482,141
2021-11-29T18:00:00-00:00,2021-11-29T19:00:00-00:00,2021-11-29,11,0,SLAP_PGSF-APND,SLAP_PGSF-APND,SLAP_PGSF-APND,DAM,LMP,LMP_PRC,SLAP_PGSF-APND,ALL_APNODES,0,53.30979,141
2021-11-29T08:00:00-00:00,2021-11-29T09:00:00-00:00,2021-11-29,1,0,SLAP_PGSF-APND,SLAP_PGSF-APND,SLAP_PGSF-APND,DAM,LMP,LMP_PRC,SLAP_PGSF-APND,ALL_APNODES,0,54.25715,141
2021-11-29T09:00:00-00:00,2021-11-29T10:00:00-00:00,2021-11-29,2,0,SLAP_PGSF-APND,SLAP_PGSF-APND,SLAP_PGSF-APND,DAM,LMP,LMP_PRC,SLAP_PGSF-APND,ALL_APNODES,0,52.30361,141
2021-11-29T13:00:00-00:00,2021-11-29T14:00:00-00:00,2021-11-29,6,0,SLAP_PGSF-APND,SLAP_PGSF-APND,SLAP_PGSF-APND,DAM,LMP,LMP_PRC,SLAP_PGSF-APND,ALL_APNODES,0,61.25131,141
2021-11-29T22:00:00-00:00,2021-11-29T23:00:00-00:00,2021-11-29,15,0,SLAP_PGSF-APND,SLAP_PGSF-APND,SLAP_PGSF-APND,DAM,LMP,LMP_PRC,SLAP_PGSF-APND,ALL_APNODES,0,53.51897,141
2021-11-29T23:00:00-00:00,2021-11-30T00:00:00-00:00,2021-11-29,16,0,SLAP_PGSF-APND,SLAP_PGSF-APND,SLAP_PGSF-APND,DAM,LMP,LMP_PRC,SLAP_PGSF-APND,ALL_APNODES,0,62.9763,141
2021-11-29T10:00:00-00:00,2021-11-29T11:00:00-00:00,2021-11-29,3,0,SLAP_PGSF-APND,SLAP_PGSF-APND,SLAP_PGSF-APND,DAM,LMP,LMP_PRC,SLAP_PGSF-APND,ALL_APNODES,0,51.82928,141
2021-11-30T02:00:00-00:00,2021-11-30T03:00:00-00:00,2021-11-29,19,0,SLAP_PGSF-APND,SLAP_PGSF-APND,SLAP_PGSF-APND,DAM,LMP,LMP_PRC,SLAP_PGSF-APND,ALL_APNODES,0,84.78261,141
2021-11-29T12:00:00-00:00,2021-11-29T13:00:00-00:00,2021-11-29,5,0,SLAP_PGSF-APND,SLAP_PGSF-APND,SLAP_PGSF-APND,DAM,LMP,LMP_PRC,SLAP_PGSF-APND,ALL_APNODES,0,54.42565,141
2021-11-29T14:00:00-00:00,2021-11-29T15:00:00-00:00,2021-11-29,7,0,SLAP_PGSF-APND,SLAP_PGSF-APND,SLAP_PGSF-APND,DAM,LMP,LMP_PRC,SLAP_PGSF-APND,ALL_APNODES,0,76.75367,141
2021-11-29T21:00:00-00:00,2021-11-29T22:00:00-00:00,2021-11-29,14,0,SLAP_PGSF-APND,SLAP_PGSF-APND,SLAP_PGSF-APND,DAM,LMP,LMP_PRC,SLAP_PGSF-APND,ALL_APNODES,0,44.58907,141
2021-11-30T06:00:00-00:00,2021-11-30T07:00:00-00:00,2021-11-29,23,0,SLAP_PGSF-APND,SLAP_PGSF-APND,SLAP_PGSF-APND,DAM,LMP,LMP_PRC,SLAP_PGSF-APND,ALL_APNODES,0,58.48779,141
2021-11-29T19:00:00-00:00,2021-11-29T20:00:00-00:00,2021-11-29,12,0,SLAP_PGSF-APND,SLAP_PGSF-APND,SLAP_PGSF-APND,DAM,LMP,LMP_PRC,SLAP_PGSF-APND,ALL_APNODES,0,47.68293,141
2021-11-29T19:00:00-00:00,2021-11-29T20:00:00-00:00,2021-11-29,12,0,SLAP_PGSF-APND,SLAP_PGSF-APND,SLAP_PGSF-APND,DAM,MCC,LMP_CONG_PRC,SLAP_PGSF-APND,ALL_APNODES,0,6.7052,142
2021-11-29T20:00:00-00:00,2021-11-29T21:00:00-00:00,2021-11-29,13,0,SLAP_PGSF-APND,SLAP_PGSF-APND,SLAP_PGSF-APND,DAM,MCC,LMP_CONG_PRC,SLAP_PGSF-APND,ALL_APNODES,0,2.34172,142
2021-11-30T06:00:00-00:00,2021-11-30T07:00:00-00:00,2021-11-29,23,0,SLAP_PGSF-APND,SLAP_PGSF-APND,SLAP_PGSF-APND,DAM,MCC,LMP_CONG_PRC,SLAP_PGSF-APND,ALL_APNODES,0,0,142
2021-11-30T05:00:00-00:00,2021-11-30T06:00:00-00:00,2021-11-29,22,0,SLAP_PGSF-APND,SLAP_PGSF-APND,SLAP_PGSF-APND,DAM,MCC,LMP_CONG_PRC,SLAP_PGSF-APND,ALL_APNODES,0,0,142
2021-11-29T10:00:00-00:00,2021-11-29T11:00:00-00:00,2021-11-29,3,0,SLAP_PGSF-APND,SLAP_PGSF-APND,SLAP_PGSF-APND,DAM,MCC,LMP_CONG_PRC,SLAP_PGSF-APND,ALL_APNODES,0,0,142
2021-11-30T00:00:00-00:00,2021-11-30T01:00:00-00:00,2021-11-29,17,0,SLAP_PGSF-APND,SLAP_PGSF-APND,SLAP_PGSF-APND,DAM,MCC,LMP_CONG_PRC,SLAP_PGSF-APND,ALL_APNODES,0,0,142
2021-11-29T22:00:00-00:00,2021-11-29T23:00:00-00:00,2021-11-29,15,0,SLAP_PGSF-APND,SLAP_PGSF-APND,SLAP_PGSF-APND,DAM,MCC,LMP_CONG_PRC,SLAP_PGSF-APND,ALL_APNODES,0,0,142
2021-11-30T01:00:00-00:00,2021-11-30T02:00:00-00:00,2021-11-29,18,0,SLAP_PGSF-APND,SLAP_PGSF-APND,SLAP_PGSF-APND,DAM,MCC,LMP_CONG_PRC,SLAP_PGSF-APND,ALL_APNODES,0,0,142
2021-11-29T18:00:00-00:00,2021-11-29T19:00:00-00:00,2021-11-29,11,0,SLAP_PGSF-APND,SLAP_PGSF-APND,SLAP_PGSF-APND,DAM,MCC,LMP_CONG_PRC,SLAP_PGSF-APND,ALL_APNODES,0,7.5768,142
2021-11-29T23:00:00-00:00,2021-11-30T00:00:00-00:00,2021-11-29,16,0,SLAP_PGSF-APND,SLAP_PGSF-APND,SLAP_PGSF-APND,DAM,MCC,LMP_CONG_PRC,SLAP_PGSF-APND,ALL_APNODES,0,0,142
2021-11-29T13:00:00-00:00,2021-11-29T14:00:00-00:00,2021-11-29,6,0,SLAP_PGSF-APND,SLAP_PGSF-APND,SLAP_PGSF-APND,DAM,MCC,LMP_CONG_PRC,SLAP_PGSF-APND,ALL_APNODES,0,0,142
2021-11-30T04:00:00-00:00,2021-11-30T05:00:00-00:00,2021-11-29,21,0,SLAP_PGSF-APND,SLAP_PGSF-APND,SLAP_PGSF-APND,DAM,MCC,LMP_CONG_PRC,SLAP_PGSF-APND,ALL_APNODES,0,0,142
2021-11-29T11:00:00-00:00,2021-11-29T12:00:00-00:00,2021-11-29,4,0,SLAP_PGSF-APND,SLAP_PGSF-APND,SLAP_PGSF-APND,DAM,MCC,LMP_CONG_PRC,SLAP_PGSF-APND,ALL_APNODES,0,0,142
2021-11-30T02:00:00-00:00,2021-11-30T03:00:00-00:00,2021-11-29,19,0,SLAP_PGSF-APND,SLAP_PGSF-APND,SLAP_PGSF-APND,DAM,MCC,LMP_CONG_PRC,SLAP_PGSF-APND,ALL_APNODES,0,0,142
2021-11-29T21:00:00-00:00,2021-11-29T22:00:00-00:00,2021-11-29,14,0,SLAP_PGSF-APND,SLAP_PGSF-APND,SLAP_PGSF-APND,DAM,MCC,LMP_CONG_PRC,SLAP_PGSF-APND,ALL_APNODES,0,2.68602,142
2021-11-29T14:00:00-00:00,2021-11-29T15:00:00-00:00,2021-11-29,7,0,SLAP_PGSF-APND,SLAP_PGSF-APND,SLAP_PGSF-APND,DAM,MCC,LMP_CONG_PRC,SLAP_PGSF-APND,ALL_APNODES,0,0,142
2021-11-29T09:00:00-00:00,2021-11-29T10:00:00-00:00,2021-11-29,2,0,SLAP_PGSF-APND,SLAP_PGSF-APND,SLAP_PGSF-APND,DAM,MCC,LMP_CONG_PRC,SLAP_PGSF-APND,ALL_APNODES,0,0,142
2021-11-29T12:00:00-00:00,2021-11-29T13:00:00-00:00,2021-11-29,5,0,SLAP_PGSF-APND,SLAP_PGSF-APND,SLAP_PGSF-APND,DAM,MCC,LMP_CONG_PRC,SLAP_PGSF-APND,ALL_APNODES,0,0,142
2021-11-30T03:00:00-00:00,2021-11-30T04:00:00-00:00,2021-11-29,20,0,SLAP_PGSF-APND,SLAP_PGSF-APND,SLAP_PGSF-APND,DAM,MCC,LMP_CONG_PRC,SLAP_PGSF-APND,ALL_APNODES,0,0,142
2021-11-29T17:00:00-00:00,2021-11-29T18:00:00-00:00,2021-11-29,10,0,SLAP_PGSF-APND,SLAP_PGSF-APND,SLAP_PGSF-APND,DAM,MCC,LMP_CONG_PRC,SLAP_PGSF-APND,ALL_APNODES,0,8.55642,142
2021-11-29T15:00:00-00:00,2021-11-29T16:00:00-00:00,2021-11-29,8,0,SLAP_PGSF-APND,SLAP_PGSF-APND,SLAP_PGSF-APND,DAM,MCC,LMP_CONG_PRC,SLAP_PGSF-APND,ALL_APNODES,0,0,142
2021-11-29T08:00:00-00:00,2021-11-29T09:00:00-00:00,2021-11-29,1,0,SLAP_PGSF-APND,SLAP_PGSF-APND,SLAP_PGSF-APND,DAM,MCC,LMP_CONG_PRC,SLAP_PGSF-APND,ALL_APNODES,0,0,142
2021-11-29T16:00:00-00:00,2021-11-29T17:00:00-00:00,2021-11-29,9,0,SLAP_PGSF-APND,SLAP_PGSF-APND,SLAP_PGSF-APND,DAM,MCC,LMP_CONG_PRC,SLAP_PGSF-APND,ALL_APNODES,0,2.31328,142
2021-11-29T18:00:00-00:00,2021-11-29T19:00:00-00:00,2021-11-29,11,0,SLAP_PGSF-APND,SLAP_PGSF-APND,SLAP_PGSF-APND,DAM,MCE,LMP_ENE_PRC,SLAP_PGSF-APND,ALL_APNODES,0,41.87236,143
2021-11-30T04:00:00-00:00,2021-11-30T05:00:00-00:00,2021-11-29,21,0,SLAP_PGSF-APND,SLAP_PGSF-APND,SLAP_PGSF-APND,DAM,MCE,LMP_ENE_PRC,SLAP_PGSF-APND,ALL_APNODES,0,70.45442,143
2021-11-30T02:00:00-00:00,2021-11-30T03:00:00-00:00,2021-11-29,19,0,SLAP_PGSF-APND,SLAP_PGSF-APND,SLAP_PGSF-APND,DAM,MCE,LMP_ENE_PRC,SLAP_PGSF-APND,ALL_APNODES,0,82.11391,143
2021-11-29T21:00:00-00:00,2021-11-29T22:00:00-00:00,2021-11-29,14,0,SLAP_PGSF-APND,SLAP_PGSF-APND,SLAP_PGSF-APND,DAM,MCE,LMP_ENE_PRC,SLAP_PGSF-APND,ALL_APNODES,0,38.40089,143
2021-11-29T15:00:00-00:00,2021-11-29T16:00:00-00:00,2021-11-29,8,0,SLAP_PGSF-APND,SLAP_PGSF-APND,SLAP_PGSF-APND,DAM,MCE,LMP_ENE_PRC,SLAP_PGSF-APND,ALL_APNODES,0,61.90164,143
2021-11-29T12:00:00-00:00,2021-11-29T13:00:00-00:00,2021-11-29,5,0,SLAP_PGSF-APND,SLAP_PGSF-APND,SLAP_PGSF-APND,DAM,MCE,LMP_ENE_PRC,SLAP_PGSF-APND,ALL_APNODES,0,52.70228,143
2021-11-29T22:00:00-00:00,2021-11-29T23:00:00-00:00,2021-11-29,15,0,SLAP_PGSF-APND,SLAP_PGSF-APND,SLAP_PGSF-APND,DAM,MCE,LMP_ENE_PRC,SLAP_PGSF-APND,ALL_APNODES,0,49.98503,143
2021-11-29T13:00:00-00:00,2021-11-29T14:00:00-00:00,2021-11-29,6,0,SLAP_PGSF-APND,SLAP_PGSF-APND,SLAP_PGSF-APND,DAM,MCE,LMP_ENE_PRC,SLAP_PGSF-APND,ALL_APNODES,0,59.73989,143
2021-11-29T09:00:00-00:00,2021-11-29T10:00:00-00:00,2021-11-29,2,0,SLAP_PGSF-APND,SLAP_PGSF-APND,SLAP_PGSF-APND,DAM,MCE,LMP_ENE_PRC,SLAP_PGSF-APND,ALL_APNODES,0,50.53489,143
2021-11-29T14:00:00-00:00,2021-11-29T15:00:00-00:00,2021-11-29,7,0,SLAP_PGSF-APND,SLAP_PGSF-APND,SLAP_PGSF-APND,DAM,MCE,LMP_ENE_PRC,SLAP_PGSF-APND,ALL_APNODES,0,74.30891,143
2021-11-29T11:00:00-00:00,2021-11-29T12:00:00-00:00,2021-11-29,4,0,SLAP_PGSF-APND,SLAP_PGSF-APND,SLAP_PGSF-APND,DAM,MCE,LMP_ENE_PRC,SLAP_PGSF-APND,ALL_APNODES,0,50.89053,143
2021-11-29T08:00:00-00:00,2021-11-29T09:00:00-00:00,2021-11-29,1,0,SLAP_PGSF-APND,SLAP_PGSF-APND,SLAP_PGSF-APND,DAM,MCE,LMP_ENE_PRC,SLAP_PGSF-APND,ALL_APNODES,0,52.03025,143
2021-11-29T23:00:00-00:00,2021-11-30T00:00:00-00:00,2021-11-29,16,0,SLAP_PGSF-APND,SLAP_PGSF-APND,SLAP_PGSF-APND,DAM,MCE,LMP_ENE_PRC,SLAP_PGSF-APND,ALL_APNODES,0,59.83496,143
2021-11-29T19:00:00-00:00,2021-11-29T20:00:00-00:00,2021-11-29,12,0,SLAP_PGSF-APND,SLAP_PGSF-APND,SLAP_PGSF-APND,DAM,MCE,LMP_ENE_PRC,SLAP_PGSF-APND,ALL_APNODES,0,37.60114,143
2021-11-29T17:00:00-00:00,2021-11-29T18:00:00-00:00,2021-11-29,10,0,SLAP_PGSF-APND,SLAP_PGSF-APND,SLAP_PGSF-APND,DAM,MCE,LMP_ENE_PRC,SLAP_PGSF-APND,ALL_APNODES,0,42.77376,143
2021-11-30T06:00:00-00:00,2021-11-30T07:00:00-00:00,2021-11-29,23,0,SLAP_PGSF-APND,SLAP_PGSF-APND,SLAP_PGSF-APND,DAM,MCE,LMP_ENE_PRC,SLAP_PGSF-APND,ALL_APNODES,0,57.63479,143
2021-11-30T03:00:00-00:00,2021-11-30T04:00:00-00:00,2021-11-29,20,0,SLAP_PGSF-APND,SLAP_PGSF-APND,SLAP_PGSF-APND,DAM,MCE,LMP_ENE_PRC,SLAP_PGSF-APND,ALL_APNODES,0,77.64202,143
2021-11-30T00:00:00-00:00,2021-11-30T01:00:00-00:00,2021-11-29,17,0,SLAP_PGSF-APND,SLAP_PGSF-APND,SLAP_PGSF-APND,DAM,MCE,LMP_ENE_PRC,SLAP_PGSF-APND,ALL_APNODES,0,80.36,143
2021-11-29T20:00:00-00:00,2021-11-29T21:00:00-00:00,2021-11-29,13,0,SLAP_PGSF-APND,SLAP_PGSF-APND,SLAP_PGSF-APND,DAM,MCE,LMP_ENE_PRC,SLAP_PGSF-APND,ALL_APNODES,0,37.23105,143
2021-11-29T16:00:00-00:00,2021-11-29T17:00:00-00:00,2021-11-29,9,0,SLAP_PGSF-APND,SLAP_PGSF-APND,SLAP_PGSF-APND,DAM,MCE,LMP_ENE_PRC,SLAP_PGSF-APND,ALL_APNODES,0,52.17414,143
2021-11-30T05:00:00-00:00,2021-11-30T06:00:00-00:00,2021-11-29,22,0,SLAP_PGSF-APND,SLAP_PGSF-APND,SLAP_PGSF-APND,DAM,MCE,LMP_ENE_PRC,SLAP_PGSF-APND,ALL_APNODES,0,62.79678,143
2021-11-29T10:00:00-00:00,2021-11-29T11:00:00-00:00,2021-11-29,3,0,SLAP_PGSF-APND,SLAP_PGSF-APND,SLAP_PGSF-APND,DAM,MCE,LMP_ENE_PRC,SLAP_PGSF-APND,ALL_APNODES,0,50.0766,143
2021-11-30T01:00:00-00:00,2021-11-30T02:00:00-00:00,2021-11-29,18,0,SLAP_PGSF-APND,SLAP_PGSF-APND,SLAP_PGSF-APND,DAM,MCE,LMP_ENE_PRC,SLAP_PGSF-APND,ALL_APNODES,0,93.6113,143
2021-11-30T02:00:00-00:00,2021-11-30T03:00:00-00:00,2021-11-29,19,0,SLAP_PGSF-APND,SLAP_PGSF-APND,SLAP_PGSF-APND,DAM,MCL,LMP_LOSS_PRC,SLAP_PGSF-APND,ALL_APNODES,0,2.6687,144
2021-11-29T21:00:00-00:00,2021-11-29T22:00:00-00:00,2021-11-29,14,0,SLAP_PGSF-APND,SLAP_PGSF-APND,SLAP_PGSF-APND,DAM,MCL,LMP_LOSS_PRC,SLAP_PGSF-APND,ALL_APNODES,0,3.50216,144
2021-11-29T12:00:00-00:00,2021-11-29T13:00:00-00:00,2021-11-29,5,0,SLAP_PGSF-APND,SLAP_PGSF-APND,SLAP_PGSF-APND,DAM,MCL,LMP_LOSS_PRC,SLAP_PGSF-APND,ALL_APNODES,0,1.72336,144
2021-11-29T15:00:00-00:00,2021-11-29T16:00:00-00:00,2021-11-29,8,0,SLAP_PGSF-APND,SLAP_PGSF-APND,SLAP_PGSF-APND,DAM,MCL,LMP_LOSS_PRC,SLAP_PGSF-APND,ALL_APNODES,0,3.38602,144
2021-11-29T17:00:00-00:00,2021-11-29T18:00:00-00:00,2021-11-29,10,0,SLAP_PGSF-APND,SLAP_PGSF-APND,SLAP_PGSF-APND,DAM,MCL,LMP_LOSS_PRC,SLAP_PGSF-APND,ALL_APNODES,0,3.95657,144
2021-11-29T20:00:00-00:00,2021-11-29T21:00:00-00:00,2021-11-29,13,0,SLAP_PGSF-APND,SLAP_PGSF-APND,SLAP_PGSF-APND,DAM,MCL,LMP_LOSS_PRC,SLAP_PGSF-APND,ALL_APNODES,0,3.45876,144
2021-11-29T14:00:00-00:00,2021-11-29T15:00:00-00:00,2021-11-29,7,0,SLAP_PGSF-APND,SLAP_PGSF-APND,SLAP_PGSF-APND,DAM,MCL,LMP_LOSS_PRC,SLAP_PGSF-APND,ALL_APNODES,0,2.44476,144
2021-11-30T00:00:00-00:00,2021-11-30T01:00:00-00:00,2021-11-29,17,0,SLAP_PGSF-APND,SLAP_PGSF-APND,SLAP_PGSF-APND,DAM,MCL,LMP_LOSS_PRC,SLAP_PGSF-APND,ALL_APNODES,0,0,144
2021-11-29T09:00:00-00:00,2021-11-29T10:00:00-00:00,2021-11-29,2,0,SLAP_PGSF-APND,SLAP_PGSF-APND,SLAP_PGSF-APND,DAM,MCL,LMP_LOSS_PRC,SLAP_PGSF-APND,ALL_APNODES,0,1.76872,144
2021-11-29T11:00:00-00:00,2021-11-29T12:00:00-00:00,2021-11-29,4,0,SLAP_PGSF-APND,SLAP_PGSF-APND,SLAP_PGSF-APND,DAM,MCL,LMP_LOSS_PRC,SLAP_PGSF-APND,ALL_APNODES,0,1.71501,144
2021-11-29T16:00:00-00:00,2021-11-29T17:00:00-00:00,2021-11-29,9,0,SLAP_PGSF-APND,SLAP_PGSF-APND,SLAP_PGSF-APND,DAM,MCL,LMP_LOSS_PRC,SLAP_PGSF-APND,ALL_APNODES,0,4.25741,144
2021-11-29T10:00:00-00:00,2021-11-29T11:00:00-00:00,2021-11-29,3,0,SLAP_PGSF-APND,SLAP_PGSF-APND,SLAP_PGSF-APND,DAM,MCL,LMP_LOSS_PRC,SLAP_PGSF-APND,ALL_APNODES,0,1.75268,144
2021-11-30T06:00:00-00:00,2021-11-30T07:00:00-00:00,2021-11-29,23,0,SLAP_PGSF-APND,SLAP_PGSF-APND,SLAP_PGSF-APND,DAM,MCL,LMP_LOSS_PRC,SLAP_PGSF-APND,ALL_APNODES,0,0.85299,144
2021-11-30T01:00:00-00:00,2021-11-30T02:00:00-00:00,2021-11-29,18,0,SLAP_PGSF-APND,SLAP_PGSF-APND,SLAP_PGSF-APND,DAM,MCL,LMP_LOSS_PRC,SLAP_PGSF-APND,ALL_APNODES,0,3.43553,144
2021-11-30T04:00:00-00:00,2021-11-30T05:00:00-00:00,2021-11-29,21,0,SLAP_PGSF-APND,SLAP_PGSF-APND,SLAP_PGSF-APND,DAM,MCL,LMP_LOSS_PRC,SLAP_PGSF-APND,ALL_APNODES,0,2.07136,144
2021-11-30T05:00:00-00:00,2021-11-30T06:00:00-00:00,2021-11-29,22,0,SLAP_PGSF-APND,SLAP_PGSF-APND,SLAP_PGSF-APND,DAM,MCL,LMP_LOSS_PRC,SLAP_PGSF-APND,ALL_APNODES,0,1.40665,144
2021-11-29T13:00:00-00:00,2021-11-29T14:00:00-00:00,2021-11-29,6,0,SLAP_PGSF-APND,SLAP_PGSF-APND,SLAP_PGSF-APND,DAM,MCL,LMP_LOSS_PRC,SLAP_PGSF-APND,ALL_APNODES,0,1.51142,144
2021-11-29T19:00:00-00:00,2021-11-29T20:00:00-00:00,2021-11-29,12,0,SLAP_PGSF-APND,SLAP_PGSF-APND,SLAP_PGSF-APND,DAM,MCL,LMP_LOSS_PRC,SLAP_PGSF-APND,ALL_APNODES,0,3.37658,144
2021-11-29T22:00:00-00:00,2021-11-29T23:00:00-00:00,2021-11-29,15,0,SLAP_PGSF-APND,SLAP_PGSF-APND,SLAP_PGSF-APND,DAM,MCL,LMP_LOSS_PRC,SLAP_PGSF-APND,ALL_APNODES,0,3.53394,144
2021-11-29T23:00:00-00:00,2021-11-30T00:00:00-00:00,2021-11-29,16,0,SLAP_PGSF-APND,SLAP_PGSF-APND,SLAP_PGSF-APND,DAM,MCL,LMP_LOSS_PRC,SLAP_PGSF-APND,ALL_APNODES,0,3.14134,144
2021-11-30T03:00:00-00:00,2021-11-30T04:00:00-00:00,2021-11-29,20,0,SLAP_PGSF-APND,SLAP_PGSF-APND,SLAP_PGSF-APND,DAM,MCL,LMP_LOSS_PRC,SLAP_PGSF-APND,ALL_APNODES,0,2.44572,144
2021-11-29T18:00:00-00:00,2021-11-29T19:00:00-00:00,2021-11-29,11,0,SLAP_PGSF-APND,SLAP_PGSF-APND,SLAP_PGSF-APND,DAM,MCL,LMP_LOSS_PRC,SLAP_PGSF-APND,ALL_APNODES,0,3.86063,144
2021-11-29T08:00:00-00:00,2021-11-29T09:00:00-00:00,2021-11-29,1,0,SLAP_PGSF-APND,SLAP_PGSF-APND,SLAP_PGSF-APND,DAM,MCL,LMP_LOSS_PRC,SLAP_PGSF-APND,ALL_APNODES,0,2.22689,144
2021-11-30T03:00:00-00:00,2021-11-30T04:00:00-00:00,2021-11-29,20,0,SLAP_PGSF-APND,SLAP_PGSF-APND,SLAP_PGSF-APND,DAM,MGHG,LMP_GHG_PRC,SLAP_PGSF-APND,ALL_APNODES,0,0,145
2021-11-29T19:00:00-00:00,2021-11-29T20:00:00-00:00,2021-11-29,12,0,SLAP_PGSF-APND,SLAP_PGSF-APND,SLAP_PGSF-APND,DAM,MGHG,LMP_GHG_PRC,SLAP_PGSF-APND,ALL_APNODES,0,0,145
2021-11-30T00:00:00-00:00,2021-11-30T01:00:00-00:00,2021-11-29,17,0,SLAP_PGSF-APND,SLAP_PGSF-APND,SLAP_PGSF-APND,DAM,MGHG,LMP_GHG_PRC,SLAP_PGSF-APND,ALL_APNODES,0,0,145
2021-11-29T13:00:00-00:00,2021-11-29T14:00:00-00:00,2021-11-29,6,0,SLAP_PGSF-APND,SLAP_PGSF-APND,SLAP_PGSF-APND,DAM,MGHG,LMP_GHG_PRC,SLAP_PGSF-APND,ALL_APNODES,0,0,145
2021-11-29T18:00:00-00:00,2021-11-29T19:00:00-00:00,2021-11-29,11,0,SLAP_PGSF-APND,SLAP_PGSF-APND,SLAP_PGSF-APND,DAM,MGHG,LMP_GHG_PRC,SLAP_PGSF-APND,ALL_APNODES,0,0,145
2021-11-29T08:00:00-00:00,2021-11-29T09:00:00-00:00,2021-11-29,1,0,SLAP_PGSF-APND,SLAP_PGSF-APND,SLAP_PGSF-APND,DAM,MGHG,LMP_GHG_PRC,SLAP_PGSF-APND,ALL_APNODES,0,0,145
2021-11-29T10:00:00-00:00,2021-11-29T11:00:00-00:00,2021-11-29,3,0,SLAP_PGSF-APND,SLAP_PGSF-APND,SLAP_PGSF-APND,DAM,MGHG,LMP_GHG_PRC,SLAP_PGSF-APND,ALL_APNODES,0,0,145
2021-11-30T05:00:00-00:00,2021-11-30T06:00:00-00:00,2021-11-29,22,0,SLAP_PGSF-APND,SLAP_PGSF-APND,SLAP_PGSF-APND,DAM,MGHG,LMP_GHG_PRC,SLAP_PGSF-APND,ALL_APNODES,0,0,145
2021-11-29T21:00:00-00:00,2021-11-29T22:00:00-00:00,2021-11-29,14,0,SLAP_PGSF-APND,SLAP_PGSF-APND,SLAP_PGSF-APND,DAM,MGHG,LMP_GHG_PRC,SLAP_PGSF-APND,ALL_APNODES,0,0,145
2021-11-30T01:00:00-00:00,2021-11-30T02:00:00-00:00,2021-11-29,18,0,SLAP_PGSF-APND,SLAP_PGSF-APND,SLAP_PGSF-APND,DAM,MGHG,LMP_GHG_PRC,SLAP_PGSF-APND,ALL_APNODES,0,0,145
2021-11-30T02:00:00-00:00,2021-11-30T03:00:00-00:00,2021-11-29,19,0,SLAP_PGSF-APND,SLAP_PGSF-APND,SLAP_PGSF-APND,DAM,MGHG,LMP_GHG_PRC,SLAP_PGSF-APND,ALL_APNODES,0,0,145
2021-11-29T14:00:00-00:00,2021-11-29T15:00:00-00:00,2021-11-29,7,0,SLAP_PGSF-APND,SLAP_PGSF-APND,SLAP_PGSF-APND,DAM,MGHG,LMP_GHG_PRC,SLAP_PGSF-APND,ALL_APNODES,0,0,145
2021-11-29T17:00:00-00:00,2021-11-29T18:00:00-00:00,2021-11-29,10,0,SLAP_PGSF-APND,SLAP_PGSF-APND,SLAP_PGSF-APND,DAM,MGHG,LMP_GHG_PRC,SLAP_PGSF-APND,ALL_APNODES,0,0,145
2021-11-29T20:00:00-00:00,2021-11-29T21:00:00-00:00,2021-11-29,13,0,SLAP_PGSF-APND,SLAP_PGSF-APND,SLAP_PGSF-APND,DAM,MGHG,LMP_GHG_PRC,SLAP_PGSF-APND,ALL_APNODES,0,0,145
2021-11-30T04:00:00-00:00,2021-11-30T05:00:00-00:00,2021-11-29,21,0,SLAP_PGSF-APND,SLAP_PGSF-APND,SLAP_PGSF-APND,DAM,MGHG,LMP_GHG_PRC,SLAP_PGSF-APND,ALL_APNODES,0,0,145
2021-11-29T15:00:00-00:00,2021-11-29T16:00:00-00:00,2021-11-29,8,0,SLAP_PGSF-APND,SLAP_PGSF-APND,SLAP_PGSF-APND,DAM,MGHG,LMP_GHG_PRC,SLAP_PGSF-APND,ALL_APNODES,0,0,145
2021-11-29T09:00:00-00:00,2021-11-29T10:00:00-00:00,2021-11-29,2,0,SLAP_PGSF-APND,SLAP_PGSF-APND,SLAP_PGSF-APND,DAM,MGHG,LMP_GHG_PRC,SLAP_PGSF-APND,ALL_APNODES,0,0,145
2021-11-29T16:00:00-00:00,2021-11-29T17:00:00-00:00,2021-11-29,9,0,SLAP_PGSF-APND,SLAP_PGSF-APND,SLAP_PGSF-APND,DAM,MGHG,LMP_GHG_PRC,SLAP_PGSF-APND,ALL_APNODES,0,0,145
2021-11-29T22:00:00-00:00,2021-11-29T23:00:00-00:00,2021-11-29,15,0,SLAP_PGSF-APND,SLAP_PGSF-APND,SLAP_PGSF-APND,DAM,MGHG,LMP_GHG_PRC,SLAP_PGSF-APND,ALL_APNODES,0,0,145
2021-11-29T23:00:00-00:00,2021-11-30T00:00:00-00:00,2021-11-29,16,0,SLAP_PGSF-APND,SLAP_PGSF-APND,SLAP_PGSF-APND,DAM,MGHG,LMP_GHG_PRC,SLAP_PGSF-APND,ALL_APNODES,0,0,145
2021-11-29T11:00:00-00:00,2021-11-29T12:00:00-00:00,2021-11-29,4,0,SLAP_PGSF-APND,SLAP_PGSF-APND,SLAP_PGSF-APND,DAM,MGHG,LMP_GHG_PRC,SLAP_PGSF-APND,ALL_APNODES,0,0,145
2021-11-30T06:00:00-00:00,2021-11-30T07:00:00-00:00,2021-11-29,23,0,SLAP_PGSF-APND,SLAP_PGSF-APND,SLAP_PGSF-APND,DAM,MGHG,LMP_GHG_PRC,SLAP_PGSF-APND,ALL_APNODES,0,0,145
2021-11-29T12:00:00-00:00,2021-11-29T13:00:00-00:00,2021-11-29,5,0,SLAP_PGSF-APND,SLAP_PGSF-APND,SLAP_PGSF-APND,DAM,MGHG,LMP_GHG_PRC,SLAP_PGSF-APND,ALL_APNODES,0,0,145
